   9.4861e+01  -5.5041e+01  -2.7824e+02
   6.4990e+01  -5.5332e+01  -2.8724e+02
   3.6050e+01  -4.8642e+01  -2.9487e+02
   9.6121e+00  -3.5371e+01  -3.0108e+02
  -1.2886e+01  -1.6266e+01  -3.0583e+02
  -3.0215e+01   7.6179e+00  -3.0912e+02
  -4.1418e+01   3.4972e+01  -3.1091e+02
  -4.5864e+01   6.4303e+01  -3.1121e+02
  -4.3279e+01   9.4016e+01  -3.1001e+02
  -3.3759e+01   1.2249e+02  -3.0732e+02
  -1.7769e+01   1.4818e+02  -3.0315e+02
   3.8855e+00   1.6967e+02  -2.9753e+02
   3.0098e+01   1.8578e+02  -2.9046e+02
   5.9521e+01   1.9561e+02  -2.8200e+02
   9.0637e+01   1.9859e+02  -2.7219e+02
   1.2184e+02   1.9451e+02  -2.6106e+02
   1.5152e+02   1.8353e+02  -2.4868e+02
   1.7814e+02   1.6620e+02  -2.3509e+02
   2.0032e+02   1.4335e+02  -2.2038e+02
   2.1695e+02   1.1617e+02  -2.0461e+02
   2.2715e+02   8.6011e+01  -1.8785e+02
   2.3045e+02   5.4432e+01  -1.7019e+02
   2.2668e+02   2.3043e+01  -1.5171e+02
   2.1608e+02  -6.5526e+00  -1.3249e+02
   1.9924e+02  -3.2845e+01  -1.1264e+02
   1.7709e+02  -5.4501e+01  -9.2251e+01
   1.5082e+02  -7.0430e+01  -7.1415e+01
   1.2184e+02  -7.9846e+01  -5.0235e+01
   9.1729e+01  -8.2308e+01  -2.8813e+01
   6.2090e+01  -7.7740e+01  -7.2525e+00
   3.4522e+01  -6.6440e+01   1.4343e+01
   1.0506e+01  -4.9060e+01   3.5869e+01
  -8.6611e+00  -2.6575e+01   5.7223e+01
  -2.1942e+01  -2.2890e-01   7.8301e+01
  -2.8611e+01   2.8530e+01   9.9003e+01
  -2.8289e+01   5.8125e+01   1.1923e+02
  -2.0970e+01   8.6937e+01   1.3888e+02
  -7.0163e+00   1.1339e+02   1.5786e+02
   1.2857e+01   1.3602e+02   1.7608e+02
   3.7624e+01   1.5358e+02   1.9346e+02
   6.5998e+01   1.6508e+02   2.0990e+02
   9.6501e+01   1.6986e+02   2.2533e+02
   1.2754e+02   1.6761e+02   2.3968e+02
   1.5750e+02   1.5838e+02   2.5288e+02
   1.8482e+02   1.4260e+02   2.6486e+02
   2.0807e+02   1.2106e+02   2.7556e+02
   2.2605e+02   9.4815e+01   2.8493e+02
   2.3781e+02   6.5207e+01   2.9294e+02
   2.4276e+02   3.3734e+01   2.9953e+02
   2.4065e+02   1.9995e+00   3.0469e+02
   2.3161e+02  -2.8381e+01   3.0837e+02
   2.1613e+02  -5.5865e+01   3.1057e+02
   1.9504e+02  -7.9060e+01   3.1128e+02
   1.6947e+02  -9.6802e+01   3.1049e+02
   1.4079e+02  -1.0821e+02   3.0820e+02
   1.1052e+02  -1.1276e+02   3.0443e+02
   8.0262e+01  -1.1025e+02   2.9920e+02
   5.1639e+01  -1.0089e+02   2.9252e+02
   2.6168e+01  -8.5226e+01   2.8444e+02
   5.2048e+00  -6.4153e+01   2.7498e+02
  -1.0135e+01  -3.8844e+01   2.6421e+02
  -1.9033e+01  -1.0696e+01   2.5216e+02
  -2.1010e+01   1.8741e+01   2.3890e+02
  -1.5956e+01   4.7851e+01   2.2448e+02
  -4.1298e+00   7.5035e+01   2.0899e+02
   1.3849e+01   9.8795e+01   1.9249e+02
   3.7036e+01   1.1781e+02   1.7507e+02
   6.4212e+01   1.3103e+02   1.5680e+02
   9.3945e+01   1.3767e+02   1.3778e+02
   1.2467e+02   1.3733e+02   1.1809e+02
   1.5476e+02   1.2997e+02   9.7834e+01
   1.8264e+02   1.1591e+02   7.7109e+01
   2.0683e+02   9.5836e+01   5.6012e+01
   2.2606e+02   7.0738e+01   3.4646e+01
   2.3930e+02   4.1883e+01   1.3113e+01
   2.4587e+02   1.0734e+01  -8.4835e+00
   2.4540e+02  -2.1129e+01  -3.0039e+01
   2.3794e+02  -5.2083e+01  -5.1450e+01
   2.2386e+02  -8.0556e+01  -7.2613e+01
   2.0390e+02  -1.0511e+02  -9.3426e+01
   1.7913e+02  -1.2450e+02  -1.1379e+02
   1.5083e+02  -1.3778e+02  -1.3361e+02
   1.2051e+02  -1.4429e+02  -1.5278e+02
   8.9750e+01  -1.4377e+02  -1.7122e+02
   6.0177e+01  -1.3630e+02  -1.8883e+02
   3.3343e+01  -1.2233e+02  -2.0553e+02
   1.0657e+01  -1.0267e+02  -2.2125e+02
  -6.6894e+00  -7.8415e+01  -2.3590e+02
  -1.7790e+01  -5.0908e+01  -2.4941e+02
  -2.2069e+01  -2.1664e+01  -2.6173e+02
  -1.9310e+01   7.7121e+00  -2.7278e+02
  -9.6689e+00   3.5606e+01  -2.8252e+02
   6.3325e+00   6.0485e+01  -2.9090e+02
   2.7837e+01   8.0972e+01  -2.9788e+02
   5.3697e+01   9.5926e+01  -3.0343e+02
   8.2532e+01   1.0450e+02  -3.0752e+02
   1.1281e+02   1.0617e+02  -3.1012e+02
   1.4290e+02   1.0079e+02  -3.1124e+02
   1.7122e+02   8.8595e+01  -3.1085e+02
   1.9625e+02   7.0158e+01  -3.0897e+02
   2.1665e+02   4.6396e+01  -3.0560e+02
   2.3132e+02   1.8504e+01  -3.0076e+02
   2.3947e+02  -1.2105e+01  -2.9447e+02
   2.4066e+02  -4.3874e+01  -2.8677e+02
   2.3480e+02  -7.5183e+01  -2.7768e+02
   2.2219e+02  -1.0444e+02  -2.6726e+02
   2.0346e+02  -1.3016e+02  -2.5555e+02
   1.7958e+02  -1.5103e+02  -2.4261e+02
   1.5180e+02  -1.6603e+02  -2.2851e+02
   1.2156e+02  -1.7440e+02  -2.1330e+02
   9.0436e+01  -1.7578e+02  -1.9707e+02
   6.0045e+01  -1.7014e+02  -1.7988e+02
   3.1970e+01  -1.5784e+02  -1.6184e+02
   7.6697e+00  -1.3958e+02  -1.4301e+02
  -1.1599e+01  -1.1639e+02  -1.2349e+02
  -2.4843e+01  -8.9555e+01  -1.0338e+02
  -3.1391e+01  -6.0537e+01  -8.2776e+01
  -3.0922e+01  -3.0931e+01  -6.1770e+01
  -2.3490e+01  -2.3552e+00  -4.0466e+01
  -9.5152e+00   2.3625e+01  -1.8968e+01
   1.0236e+01   4.5583e+01   2.6211e+00
   3.4691e+01   6.2303e+01   2.4198e+01
   6.2528e+01   7.2848e+01   4.5658e+01
   9.2246e+01   7.6606e+01   6.6899e+01
   1.2225e+02   7.3326e+01   8.7817e+01
   1.5091e+02   6.3126e+01   1.0831e+02
   1.7669e+02   4.6493e+01   1.2829e+02
   1.9820e+02   2.4250e+01   1.4764e+02
   2.1427e+02  -2.4785e+00   1.6629e+02
   2.2400e+02  -3.2335e+01   1.8414e+02
   2.2687e+02  -6.3793e+01   2.0110e+02
   2.2267e+02  -9.5244e+01   2.1709e+02
   2.1159e+02  -1.2508e+02   2.3203e+02
   1.9419e+02  -1.5177e+02   2.4586e+02
   1.7135e+02  -1.7396e+02   2.5851e+02
   1.4423e+02  -1.9053e+02   2.6991e+02
   1.1423e+02  -2.0065e+02   2.8001e+02
   8.2904e+01  -2.0383e+02   2.8877e+02
   5.1857e+01  -1.9997e+02   2.9613e+02
   2.2694e+01  -1.8930e+02   3.0207e+02
  -3.0854e+00  -1.7244e+02   3.0655e+02
  -2.4159e+01  -1.5034e+02   3.0956e+02
  -3.9454e+01  -1.2420e+02   3.1108e+02
  -4.8205e+01  -9.5448e+01   3.1110e+02
  -4.9990e+01  -6.5655e+01   3.0963e+02
  -4.4757e+01  -3.6437e+01   3.0666e+02
  -3.2825e+01  -9.3847e+00   3.0222e+02
  -1.4868e+01   1.4029e+01   2.9632e+02
   8.1225e+00   3.2524e+01   2.8900e+02
   3.4889e+01   4.5078e+01   2.8028e+02
   6.3973e+01   5.0985e+01   2.7022e+02
   9.3794e+01   4.9889e+01   2.5885e+02
   1.2273e+02   4.1805e+01   2.4624e+02
   1.4921e+02   2.7119e+01   2.3245e+02
   1.7179e+02   6.5641e+00   2.1753e+02
   1.8923e+02  -1.8816e+01   2.0157e+02
   2.0055e+02  -4.7721e+01   1.8464e+02
   2.0513e+02  -7.8665e+01   1.6682e+02
   2.0265e+02  -1.1005e+02   1.4819e+02
   1.9322e+02  -1.4027e+02   1.2885e+02
   1.7728e+02  -1.6775e+02   1.0890e+02
   1.5561e+02  -1.9109e+02   8.8413e+01
   1.2932e+02  -2.0909e+02   6.7505e+01
   9.9746e+01  -2.2084e+02   4.6273e+01
   6.8396e+01  -2.2576e+02   2.4817e+01
   3.6877e+01  -2.2361e+02   3.2423e+00
   6.8025e+00  -2.1455e+02  -1.8348e+01
  -2.0291e+01  -1.9910e+02  -3.9850e+01
  -4.3024e+01  -1.7810e+02  -6.1161e+01
  -6.0247e+01  -1.5270e+02  -8.2177e+01
  -7.1105e+01  -1.2427e+02  -1.0280e+02
  -7.5077e+01  -9.4352e+01  -1.2292e+02
  -7.2004e+01  -6.4550e+01  -1.4246e+02
  -6.2105e+01  -3.6474e+01  -1.6130e+02
  -4.5955e+01  -1.1637e+01  -1.7938e+02
  -2.4461e+01   8.6179e+00  -1.9658e+02
   1.1869e+00   2.3191e+01  -2.1285e+02
   2.9579e+01   3.1282e+01  -2.2808e+02
   5.9162e+01   3.2436e+01  -2.4222e+02
   8.8316e+01   2.6563e+01  -2.5520e+02
   1.1545e+02   1.3945e+01  -2.6694e+02
   1.3907e+02  -4.7790e+00  -2.7740e+02
   1.5787e+02  -2.8646e+01  -2.8653e+02
   1.7081e+02  -5.6423e+01  -2.9427e+02
   1.7714e+02  -8.6667e+01  -3.0060e+02
   1.7648e+02  -1.1781e+02  -3.0548e+02
   1.6879e+02  -1.4822e+02  -3.0889e+02
   1.5444e+02  -1.7633e+02  -3.1082e+02
   1.3411e+02  -2.0067e+02  -3.1125e+02
   1.0883e+02  -2.1997e+02  -3.1018e+02
   7.9872e+01  -2.3325e+02  -3.0761e+02
   4.8705e+01  -2.3982e+02  -3.0357e+02
   1.6918e+01  -2.3935e+02  -2.9806e+02
  -1.3870e+01  -2.3189e+02  -2.9112e+02
  -4.2091e+01  -2.1786e+02  -2.8278e+02
  -6.6314e+01  -1.9801e+02  -2.7308e+02
  -8.5320e+01  -1.7341e+02  -2.6206e+02
  -9.8165e+01  -1.4537e+02  -2.4979e+02
  -1.0423e+02  -1.1540e+02  -2.3630e+02
  -1.0326e+02  -8.5090e+01  -2.2169e+02
  -9.5352e+01  -5.6062e+01  -2.0600e+02
  -8.0999e+01  -2.9862e+01  -1.8932e+02
  -6.1014e+01  -7.8879e+00  -1.7174e+02
  -3.6514e+01   8.6852e+00  -1.5332e+02
  -8.8525e+00   1.8969e+01  -1.3417e+02
   2.0447e+01   2.2408e+01  -1.1437e+02
   4.9777e+01   1.8809e+01  -9.4019e+01
   7.7527e+01   8.3505e+00  -7.3217e+01
   1.0217e+02  -8.4260e+00  -5.2062e+01
   1.2234e+02  -3.0644e+01  -3.0657e+01
   1.3692e+02  -5.7140e+01  -9.1045e+00
   1.4506e+02  -8.6523e+01   1.2492e+01
   1.4629e+02  -1.1725e+02   3.4028e+01
   1.4047e+02  -1.4770e+02   5.5401e+01
   1.2785e+02  -1.7628e+02   7.6507e+01
   1.0903e+02  -2.0149e+02   9.7244e+01
   8.4944e+01  -2.2199e+02   1.1751e+02
   5.6804e+01  -2.3671e+02   1.3722e+02
   2.6033e+01  -2.4487e+02   1.5626e+02
  -5.8058e+00  -2.4606e+02   1.7455e+02
  -3.7094e+01  -2.4020e+02   1.9200e+02
  -6.6241e+01  -2.2762e+02   2.0853e+02
  -9.1769e+01  -2.0897e+02   2.2405e+02
  -1.1239e+02  -1.8524e+02   2.3850e+02
  -1.2709e+02  -1.5769e+02   2.5179e+02
  -1.3513e+02  -1.2777e+02   2.6388e+02
  -1.3617e+02  -9.7061e+01   2.7469e+02
  -1.3022e+02  -6.7180e+01   2.8418e+02
  -1.1763e+02  -3.9706e+01   2.9231e+02
  -9.9152e+01  -1.6085e+01   2.9902e+02
  -7.5815e+01   2.4384e+00   3.0430e+02
  -4.8913e+01   1.4890e+01   3.0811e+02
  -1.9931e+01   2.0617e+01   3.1044e+02
   9.5390e+00   1.9323e+01   3.1128e+02
   3.7879e+01   1.1082e+01   3.1061e+02
   6.3529e+01  -3.6633e+00   3.0846e+02
   8.5074e+01  -2.4127e+01   3.0481e+02
   1.0131e+02  -4.9220e+01   2.9970e+02
   1.1133e+02  -7.7608e+01   2.9315e+02
   1.1453e+02  -1.0778e+02   2.8518e+02
   1.1068e+02  -1.3814e+02   2.7585e+02
   9.9935e+01  -1.6707e+02   2.6518e+02
   8.2789e+01  -1.9302e+02   2.5324e+02
   6.0089e+01  -2.1462e+02   2.4008e+02
   3.2975e+01  -2.3072e+02   2.2576e+02
   2.8168e+00  -2.4045e+02   2.1036e+02
  -2.8853e+01  -2.4327e+02   1.9394e+02
  -6.0423e+01  -2.3904e+02   1.7660e+02
  -9.0286e+01  -2.2795e+02   1.5840e+02
  -1.1692e+02  -2.1058e+02   1.3943e+02
  -1.3899e+02  -1.8783e+02   1.1980e+02
  -1.5538e+02  -1.6088e+02   9.9591e+01
  -1.6529e+02  -1.3114e+02   7.8902e+01
  -1.6826e+02  -1.0015e+02   5.7834e+01
  -1.6417e+02  -6.9549e+01   3.6486e+01
  -1.5333e+02  -4.0918e+01   1.4964e+01
  -1.3634e+02  -1.5754e+01  -6.6314e+00
  -1.1417e+02   4.6364e+00  -2.8194e+01
  -8.8055e+01   1.9196e+01  -4.9622e+01
  -5.9423e+01   2.7179e+01  -7.0810e+01
  -2.9847e+01   2.8187e+01  -9.1658e+01
  -9.4694e-01   2.2188e+01  -1.1206e+02
   2.5693e+01   9.5246e+00  -1.3193e+02
   4.8609e+01  -9.1108e+00  -1.5116e+02
   6.6533e+01  -3.2709e+01  -1.6967e+02
   7.8463e+01  -5.9997e+01  -1.8735e+02
   8.3711e+01  -8.9509e+01  -2.0414e+02
   8.1944e+01  -1.1966e+02  -2.1994e+02
   7.3200e+01  -1.4883e+02  -2.3469e+02
   5.7884e+01  -1.7544e+02  -2.4830e+02
   3.6751e+01  -1.9808e+02  -2.6072e+02
   1.0861e+01  -2.1550e+02  -2.7188e+02
  -1.8473e+01  -2.2676e+02  -2.8174e+02
  -4.9756e+01  -2.3124e+02  -2.9024e+02
  -8.1390e+01  -2.2867e+02  -2.9734e+02
  -1.1176e+02  -2.1915e+02  -3.0301e+02
  -1.3931e+02  -2.0316e+02  -3.0722e+02
  -1.6265e+02  -1.8150e+02  -3.0996e+02
  -1.8058e+02  -1.5528e+02  -3.1120e+02
  -1.9223e+02  -1.2587e+02  -3.1094e+02
  -1.9701e+02  -9.4768e+01  -3.0919e+02
  -1.9475e+02  -6.3593e+01  -3.0595e+02
  -1.8559e+02  -3.3954e+01  -3.0123e+02
  -1.7009e+02  -7.3805e+00  -2.9507e+02
  -1.4910e+02   1.4761e+01  -2.8748e+02
  -1.2379e+02   3.1337e+01  -2.7851e+02
  -9.5545e+01   4.1511e+01  -2.6820e+02
  -6.5904e+01   4.4782e+01  -2.5660e+02
  -3.6482e+01   4.1017e+01  -2.4377e+02
  -8.8820e+00   3.0453e+01  -2.2976e+02
   1.5390e+01   1.3687e+01  -2.1464e+02
   3.5005e+01  -8.3542e+00  -1.9850e+02
   4.8880e+01  -3.4467e+01  -1.8139e+02
   5.6234e+01  -6.3232e+01  -1.6342e+02
   5.6632e+01  -9.3087e+01  -1.4465e+02
   5.0008e+01  -1.2241e+02  -1.2519e+02
   3.6666e+01  -1.4962e+02  -1.0513e+02
   1.7265e+01  -1.7323e+02  -8.4560e+01
  -7.2144e+00  -1.9195e+02  -6.3584e+01
  -3.5525e+01  -2.0475e+02  -4.2303e+01
  -6.6214e+01  -2.1091e+02  -2.0817e+01
  -9.7704e+01  -2.1005e+02   7.6844e-01
  -1.2838e+02  -2.0219e+02   2.2350e+01
  -1.5665e+02  -1.8768e+02   4.3825e+01
  -1.8108e+02  -1.6725e+02   6.5088e+01
  -2.0041e+02  -1.4193e+02   8.6038e+01
  -2.1367e+02  -1.1301e+02   1.0657e+02
  -2.2019e+02  -8.1974e+01   1.2660e+02
  -2.1967e+02  -5.0410e+01   1.4601e+02
  -2.1218e+02  -1.9937e+01   1.6472e+02
  -1.9814e+02   7.8837e+00   1.8264e+02
  -1.7835e+02   3.1632e+01   1.9968e+02
  -1.5389e+02   5.0103e+01   2.1575e+02
  -1.2608e+02   6.2370e+01   2.3079e+02
  -9.6423e+01   6.7837e+01   2.4472e+02
  -6.6532e+01   6.6266e+01   2.5747e+02
  -3.8018e+01   5.7789e+01   2.6898e+02
  -1.2423e+01   4.2906e+01   2.7920e+02
   8.8688e+00   2.2455e+01   2.8807e+02
   2.4697e+01  -2.4322e+00   2.9555e+02
   3.4192e+01  -3.0389e+01   3.0162e+02
   3.6820e+01  -5.9885e+01   3.0623e+02
   3.2409e+01  -8.9311e+01   3.0936e+02
   2.1160e+01  -1.1706e+02   3.1101e+02
   3.6358e+00  -1.4161e+02   3.1116e+02
  -1.9269e+01  -1.6161e+02   3.0981e+02
  -4.6375e+01  -1.7595e+02   3.0697e+02
  -7.6281e+01  -1.8382e+02   3.0266e+02
  -1.0744e+02  -1.8475e+02   2.9688e+02
  -1.3822e+02  -1.7864e+02   2.8968e+02
  -1.6705e+02  -1.6574e+02   2.8108e+02
  -1.9241e+02  -1.4669e+02   2.7113e+02
  -2.1300e+02  -1.2244e+02   2.5988e+02
  -2.2775e+02  -9.4207e+01   2.4737e+02
  -2.3592e+02  -6.3430e+01   2.3367e+02
  -2.3709e+02  -3.1676e+01   2.1885e+02
  -2.3124e+02  -5.6518e-01   2.0298e+02
  -2.1868e+02   2.8317e+01   1.8612e+02
  -2.0012e+02   5.3503e+01   1.6838e+02
  -1.7654e+02   7.3720e+01   1.4982e+02
  -1.4923e+02   8.7959e+01   1.3054e+02
  -1.1963e+02   9.5527e+01   1.1063e+02
  -8.9348e+01   9.6083e+01   9.0188e+01
  -5.9989e+01   8.9655e+01   6.9313e+01
  -3.3126e+01   7.6644e+01   4.8104e+01
  -1.0198e+01   5.7794e+01   2.6663e+01
   7.5656e+00   3.4162e+01   5.0948e+00
   1.9210e+01   7.0548e+00  -1.6498e+01
   2.4102e+01  -2.2036e+01  -3.8012e+01
   2.1968e+01  -5.1513e+01  -5.9343e+01
   1.2903e+01  -7.9760e+01  -8.0388e+01
  -2.6275e+00  -1.0523e+02  -1.0105e+02
  -2.3819e+01  -1.2650e+02  -1.2122e+02
  -4.9566e+01  -1.4241e+02  -1.4081e+02
  -7.8523e+01  -1.5204e+02  -1.5972e+02
  -1.0917e+02  -1.5483e+02  -1.7786e+02
  -1.3991e+02  -1.5057e+02  -1.9514e+02
  -1.6912e+02  -1.3942e+02  -2.1149e+02
  -1.9527e+02  -1.2191e+02  -2.2682e+02
  -2.1699e+02  -9.8903e+01  -2.4105e+02
  -2.3315e+02  -7.1554e+01  -2.5413e+02
  -2.4289e+02  -4.1245e+01  -2.6598e+02
  -2.4572e+02  -9.5151e+00  -2.7656e+02
  -2.4149e+02   2.2022e+01  -2.8580e+02
  -2.3043e+02   5.1764e+01  -2.9366e+02
  -2.1314e+02   7.8200e+01  -3.0011e+02
  -1.9052e+02   9.9996e+01  -3.0512e+02
  -1.6378e+02   1.1606e+02  -3.0866e+02
  -1.3434e+02   1.2562e+02  -3.1071e+02
  -1.0376e+02   1.2822e+02  -3.1127e+02
  -7.3649e+01   1.2378e+02  -3.1033e+02
  -4.5605e+01   1.1261e+02  -3.0789e+02
  -2.1110e+01   9.5354e+01  -3.0397e+02
  -1.4593e+00   7.2990e+01  -2.9859e+02
   1.2310e+01   4.6760e+01  -2.9178e+02
   1.9470e+01   1.8111e+01  -2.8355e+02
   1.9643e+01  -1.1381e+01  -2.7397e+02
   1.2823e+01  -4.0097e+01  -2.6306e+02
  -6.2929e-01  -6.6457e+01  -2.5089e+02
  -2.0000e+01  -8.9007e+01  -2.3751e+02
  -4.4262e+01  -1.0649e+02  -2.2298e+02
  -7.2131e+01  -1.1793e+02  -2.0739e+02
  -1.0213e+02  -1.2266e+02  -1.9079e+02
  -1.3267e+02  -1.2035e+02  -1.7328e+02
  -1.6213e+02  -1.1108e+02  -1.5493e+02
  -1.8894e+02  -9.5276e+01  -1.3584e+02
  -2.1170e+02  -7.3701e+01  -1.1609e+02
  -2.2918e+02  -4.7438e+01  -9.5783e+01
  -2.4045e+02  -1.7812e+01  -7.5016e+01
  -2.4491e+02   1.3675e+01  -5.3888e+01
  -2.4231e+02   4.5420e+01  -3.2500e+01
  -2.3278e+02   7.5808e+01  -1.0956e+01
  -2.1682e+02   1.0330e+02   1.0641e+01
  -1.9525e+02   1.2649e+02   3.2186e+01
  -1.6920e+02   1.4424e+02   5.3577e+01
  -1.4003e+02   1.5565e+02   7.4710e+01
  -1.0927e+02   1.6018e+02   9.5483e+01
  -7.8530e+01   1.5767e+02   1.1580e+02
  -4.9419e+01   1.4830e+02   1.3555e+02
  -2.3457e+01   1.3262e+02   1.5466e+02
  -2.0000e+00   1.1153e+02   1.7302e+02
   1.3836e+01   8.6198e+01   1.9054e+02
   2.3233e+01   5.8021e+01   2.0715e+02
   2.5711e+01   2.8548e+01   2.2276e+02
   2.1160e+01  -6.0498e-01   2.3730e+02
   9.8383e+00  -2.7839e+01   2.5070e+02
  -7.6353e+00  -5.1658e+01   2.6289e+02
  -3.0318e+01  -7.0743e+01   2.7382e+02
  -5.6989e+01  -8.4029e+01   2.8342e+02
  -8.6220e+01  -9.0756e+01   2.9167e+02
  -1.1644e+02  -9.0510e+01   2.9850e+02
  -1.4604e+02  -8.3247e+01   3.0391e+02
  -1.7342e+02  -6.9292e+01   3.0784e+02
  -1.9712e+02  -4.9326e+01   3.1030e+02
  -2.1586e+02  -2.4344e+01   3.1127e+02
  -2.2862e+02   4.3886e+00   3.1073e+02
  -2.3471e+02   3.5413e+01   3.0870e+02
  -2.3378e+02   6.7146e+01   3.0518e+02
  -2.2584e+02   9.7967e+01   3.0020e+02
  -2.1129e+02   1.2631e+02   2.9377e+02
  -1.9087e+02   1.5072e+02   2.8592e+02
  -1.6563e+02   1.6998e+02   2.7670e+02
  -1.3687e+02   1.8311e+02   2.6615e+02
  -1.0609e+02   1.8948e+02   2.5431e+02
  -7.4868e+01   1.8882e+02   2.4125e+02
  -4.4832e+01   1.8120e+02   2.2703e+02
  -1.7535e+01   1.6708e+02   2.1172e+02
   5.6147e+00   1.4726e+02   1.9539e+02
   2.3427e+01   1.2285e+02   1.7812e+02
   3.4995e+01   9.5174e+01   1.5999e+02
   3.9741e+01   6.5758e+01   1.4109e+02
   3.7450e+01   3.6205e+01   1.2151e+02
   2.8278e+01   8.1257e+00   1.0134e+02
   1.2744e+01  -1.6945e+01   8.0693e+01
  -8.2938e+00  -3.7632e+01   5.9653e+01
  -3.3689e+01  -5.2794e+01   3.8326e+01
  -6.2062e+01  -6.1578e+01   1.6814e+01
  -9.1877e+01  -6.3473e+01  -4.7791e+00
  -1.2152e+02  -5.8328e+01  -2.6349e+01
  -1.4939e+02  -4.6366e+01  -4.7792e+01
  -1.7397e+02  -2.8172e+01  -6.9005e+01
  -1.9393e+02  -4.6579e+00  -8.9885e+01
  -2.0817e+02   2.2982e+01  -1.1033e+02
  -2.1590e+02   5.3335e+01  -1.3025e+02
  -2.1666e+02   8.4844e+01  -1.4954e+02
  -2.1039e+02   1.1589e+02  -1.6811e+02
  -1.9735e+02   1.4488e+02  -1.8587e+02
  -1.7821e+02   1.7033e+02  -2.0274e+02
  -1.5393e+02   1.9095e+02  -2.1863e+02
  -1.2575e+02   2.0567e+02  -2.3347e+02
  -9.5109e+01   2.1378e+02  -2.4718e+02
  -6.3584e+01   2.1488e+02  -2.5970e+02
  -3.2794e+01   2.0897e+02  -2.7098e+02
  -4.3214e+00   1.9639e+02  -2.8095e+02
   2.0378e+01   1.7786e+02  -2.8956e+02
   4.0044e+01   1.5439e+02  -2.9679e+02
   5.3687e+01   1.2726e+02  -3.0258e+02
   6.0632e+01   9.7950e+01  -3.0692e+02
   6.0561e+01   6.8046e+01  -3.0978e+02
   5.3525e+01   3.9166e+01  -3.1115e+02
   3.9944e+01   1.2875e+01  -3.1102e+02
   2.0585e+01  -9.3995e+00  -3.0940e+02
  -3.4801e+00  -2.6444e+01  -3.0628e+02
  -3.0932e+01  -3.7320e+01  -3.0169e+02
  -6.0269e+01  -4.1417e+01  -2.9565e+02
  -8.9893e+01  -3.8481e+01  -2.8819e+02
  -1.1819e+02  -2.8631e+01  -2.7934e+02
  -1.4361e+02  -1.2353e+01  -2.6914e+02
  -1.6476e+02   9.5291e+00  -2.5765e+02
  -1.8047e+02   3.5894e+01  -2.4492e+02
  -1.8987e+02   6.5383e+01  -2.3101e+02
  -1.9239e+02   9.6471e+01  -2.1598e+02
  -1.8786e+02   1.2755e+02  -1.9992e+02
  -1.7646e+02   1.5701e+02  -1.8289e+02
  -1.5874e+02   1.8333e+02  -1.6499e+02
  -1.3558e+02   2.0515e+02  -1.4629e+02
  -1.0815e+02   2.2134e+02  -1.2689e+02
  -7.7846e+01   2.3108e+02  -1.0687e+02
  -4.6211e+01   2.3389e+02  -8.6342e+01
  -1.4861e+01   2.2965e+02  -6.5397e+01
   1.4604e+01   2.1861e+02  -4.4137e+01
   4.0684e+01   2.0137e+02  -2.2665e+01
   6.2056e+01   1.7888e+02  -1.0842e+00
   7.7650e+01   1.5236e+02   2.0502e+01
   8.6697e+01   1.2322e+02   4.1990e+01
   8.8777e+01   9.3033e+01   6.3275e+01
   8.3838e+01   6.3417e+01   8.4256e+01
   7.2197e+01   3.5961e+01   1.0483e+02
   5.4528e+01   1.2137e+01   1.2490e+02
   3.1821e+01  -6.7725e+00   1.4437e+02
   5.3342e+00  -1.9748e+01   1.6315e+02
  -2.3476e+01  -2.6081e+01   1.8114e+02
  -5.3028e+01  -2.5417e+01   1.9825e+02
  -8.1704e+01  -1.7771e+01   2.1442e+02
  -1.0793e+02  -3.5264e+00   2.2955e+02
  -1.3026e+02   1.6584e+01   2.4357e+02
  -1.4746e+02   4.1515e+01   2.5643e+02
  -1.5855e+02   6.9970e+01   2.6804e+02
  -1.6290e+02   1.0046e+02   2.7837e+02
  -1.6021e+02   1.3140e+02   2.8736e+02
  -1.5057e+02   1.6116e+02   2.9497e+02
  -1.3442e+02   1.8819e+02   3.0115e+02
  -1.1255e+02   2.1108e+02   3.0589e+02
  -8.6068e+01   2.2863e+02   3.0915e+02
  -5.6303e+01   2.3993e+02   3.1093e+02
  -2.4768e+01   2.4439e+02   3.1121e+02
   6.9343e+00   2.4180e+02   3.0999e+02
   3.7189e+01   2.3229e+02   3.0728e+02
   6.4461e+01   2.1639e+02   3.0308e+02
   8.7370e+01   1.9494e+02   2.9743e+02
   1.0477e+02   1.6909e+02   2.9035e+02
   1.1580e+02   1.4021e+02   2.8187e+02
   1.1994e+02   1.0983e+02   2.7204e+02
   1.1704e+02   7.9568e+01   2.6089e+02
   1.0730e+02   5.1027e+01   2.4849e+02
   9.1313e+01   2.5721e+01   2.3489e+02
   6.9977e+01   4.9927e+00   2.2017e+02
   4.4481e+01  -1.0058e+01   2.0438e+02
   1.6236e+01  -1.8632e+01   1.8761e+02
  -1.3206e+01  -2.0272e+01   1.6993e+02
  -4.2228e+01  -1.4889e+01   1.5144e+02
  -6.9233e+01  -2.7643e+00   1.3222e+02
  -9.2734e+01   1.5464e+01   1.1236e+02
  -1.1143e+02   3.8833e+01   9.1959e+01
  -1.2426e+02   6.6111e+01   7.1117e+01
  -1.3050e+02   9.5856e+01   4.9933e+01
  -1.2975e+02   1.2650e+02   2.8509e+01
  -1.2199e+02   1.5641e+02   6.9471e+00
  -1.0756e+02   1.8403e+02  -1.4648e+01
  -8.7170e+01   2.0787e+02  -3.6173e+01
  -6.1829e+01   2.2669e+02  -5.7523e+01
  -3.2814e+01   2.3947e+02  -7.8597e+01
  -1.5963e+00   2.4556e+02  -9.9292e+01
   3.0238e+01   2.4460e+02  -1.1951e+02
   6.1070e+01   2.3666e+02  -1.3915e+02
   8.9332e+01   2.2214e+02  -1.5812e+02
   1.1360e+02   2.0181e+02  -1.7633e+02
   1.3264e+02   1.7673e+02  -1.9370e+02
   1.4552e+02   1.4821e+02  -2.1013e+02
   1.5162e+02   1.1775e+02  -2.2555e+02
   1.5067e+02   8.6959e+01  -2.3988e+02
   1.4280e+02   5.7443e+01  -2.5306e+02
   1.2847e+02   3.0752e+01  -2.6502e+02
   1.0850e+02   8.2846e+00  -2.7570e+02
   8.4014e+01  -8.7855e+00  -2.8506e+02
   5.6361e+01  -1.9569e+01  -2.9304e+02
   2.7063e+01  -2.3511e+01  -2.9962e+02
  -2.2711e+00  -2.0417e+01  -3.0475e+02
  -3.0033e+01  -1.0465e+01  -3.0841e+02
  -5.4696e+01   5.8029e+00  -3.1059e+02
  -7.4896e+01   2.7512e+01  -3.1128e+02
  -8.9508e+01   5.3500e+01  -3.1047e+02
  -9.7699e+01   8.2375e+01  -3.0816e+02
  -9.8978e+01   1.1260e+02  -3.0437e+02
  -9.3218e+01   1.4255e+02  -2.9911e+02
  -8.0663e+01   1.7063e+02  -2.9242e+02
  -6.1917e+01   1.9533e+02  -2.8431e+02
  -3.7912e+01   2.1534e+02  -2.7484e+02
  -9.8570e+00   2.2957e+02  -2.6404e+02
   2.0825e+01   2.3725e+02  -2.5198e+02
   5.2571e+01   2.3795e+02  -2.3870e+02
   8.3763e+01   2.3162e+02  -2.2427e+02
   1.1281e+02   2.1856e+02  -2.0876e+02
   1.3824e+02   1.9943e+02  -1.9225e+02
   1.5876e+02   1.7523e+02  -1.7481e+02
   1.7335e+02   1.4721e+02  -1.5653e+02
   1.8129e+02   1.1682e+02  -1.3750e+02
   1.8222e+02   8.5638e+01  -1.1781e+02
   1.7615e+02   5.5285e+01  -9.7544e+01
   1.6345e+02   2.7337e+01  -7.6813e+01
   1.4485e+02   3.2405e+00  -5.5712e+01
   1.2139e+02  -1.5759e+01  -3.4342e+01
   9.4357e+01  -2.8689e+01  -1.2807e+01
   6.5240e+01  -3.4896e+01   8.7889e+00
   3.5628e+01  -3.4082e+01   3.0343e+01
   7.1392e+00  -2.6323e+01   5.1751e+01
  -1.8668e+01  -1.2059e+01   7.2910e+01
  -4.0377e+01   7.9243e+00   9.3718e+01
  -5.6789e+01   3.2538e+01   1.1407e+02
  -6.6984e+01   6.0449e+01   1.3388e+02
  -7.0372e+01   9.0150e+01   1.5305e+02
  -6.6722e+01   1.2004e+02   1.7147e+02
  -5.6175e+01   1.4850e+02   1.8907e+02
  -3.9236e+01   1.7399e+02   2.0576e+02
  -1.6751e+01   1.9514e+02   2.2146e+02
   1.0145e+01   2.1078e+02   2.3610e+02
   4.0080e+01   2.2006e+02   2.4960e+02
   7.1524e+01   2.2245e+02   2.6189e+02
   1.0286e+02   2.1778e+02   2.7293e+02
   1.3250e+02   2.0626e+02   2.8265e+02
   1.5890e+02   1.8846e+02   2.9101e+02
   1.8073e+02   1.6528e+02   2.9797e+02
   1.9689e+02   1.3791e+02   3.0350e+02
   2.0656e+02   1.0775e+02   3.0756e+02
   2.0928e+02   7.6345e+01   3.1015e+02
   2.0496e+02   4.5321e+01   3.1124e+02
   1.9387e+02   1.6272e+01   3.1083e+02
   1.7663e+02  -9.3107e+00   3.0893e+02
   1.5421e+02  -3.0119e+01   3.0554e+02
   1.2784e+02  -4.5098e+01   3.0068e+02
   9.8946e+01  -5.3501e+01   2.9437e+02
   6.9103e+01  -5.4927e+01   2.8665e+02
   3.9930e+01  -4.9347e+01   2.7754e+02
   1.3010e+01  -3.7100e+01   2.6710e+02
  -1.0193e+01  -1.8880e+01   2.5538e+02
  -2.8411e+01   4.3054e+00   2.4242e+02
  -4.0642e+01   3.1185e+01   2.2830e+02
  -4.6199e+01   6.0291e+01   2.1308e+02
  -4.4747e+01   9.0040e+01   1.9683e+02
  -3.6324e+01   1.1881e+02   1.7963e+02
  -2.1336e+01   1.4504e+02   1.6157e+02
  -5.3472e-01   1.6729e+02   1.4274e+02
   2.5019e+01   1.8434e+02   1.2321e+02
   5.4013e+01   1.9523e+02   1.0309e+02
   8.4953e+01   1.9934e+02   8.2481e+01
   1.1624e+02   1.9641e+02   6.1470e+01
   1.4626e+02   1.8654e+02   4.0163e+01
   1.7347e+02   1.7020e+02   1.8663e+01
   1.9645e+02   1.4820e+02  -2.9266e+00
   2.1404e+02   1.2164e+02  -2.4502e+01
   2.2533e+02   9.1893e+01  -4.5960e+01
   2.2977e+02   6.0460e+01  -6.7197e+01
   2.2715e+02   2.8955e+01  -8.8110e+01
   2.1764e+02  -1.0139e+00  -1.0860e+02
   2.0178e+02  -2.7916e+01  -1.2857e+02
   1.8044e+02  -5.0385e+01  -1.4791e+02
   1.5477e+02  -6.7288e+01  -1.6655e+02
   1.2616e+02  -7.7787e+01  -1.8438e+02
   9.6145e+01  -8.1383e+01  -2.0133e+02
   6.6348e+01  -7.7941e+01  -2.1731e+02
   3.8368e+01  -6.7698e+01  -2.3224e+02
   1.3708e+01  -5.1250e+01  -2.4605e+02
  -6.2994e+00  -2.9524e+01  -2.5868e+02
  -2.0573e+01  -3.7210e+00  -2.7006e+02
  -2.8332e+01   2.4738e+01  -2.8014e+02
  -2.9141e+01   5.4293e+01  -2.8888e+02
  -2.2934e+01   8.3326e+01  -2.9622e+02
  -1.0013e+01   1.1025e+02  -3.0214e+02
   8.9630e+00   1.3358e+02  -3.0661e+02
   3.3014e+01   1.5202e+02  -3.0959e+02
   6.0893e+01   1.6456e+02  -3.1109e+02
   9.1149e+01   1.7046e+02  -3.1109e+02
   1.2221e+02   1.6935e+02  -3.0960e+02
   1.5244e+02   1.6124e+02  -3.0661e+02
   1.8028e+02   1.4649e+02  -3.0215e+02
   2.0428e+02   1.2583e+02  -2.9623e+02
   2.2317e+02   1.0028e+02  -2.8888e+02
   2.3600e+02   7.1142e+01  -2.8015e+02
   2.4208e+02   3.9885e+01  -2.7007e+02
   2.4113e+02   8.1046e+00  -2.5868e+02
   2.3320e+02  -2.2582e+01  -2.4606e+02
   2.1874e+02  -5.0615e+01  -2.3224e+02
   1.9851e+02  -7.4573e+01  -2.1731e+02
   1.7361e+02  -9.3253e+01  -2.0134e+02
   1.4535e+02  -1.0573e+02  -1.8439e+02
   1.1526e+02  -1.1140e+02  -1.6656e+02
   8.4922e+01  -1.1003e+02  -1.4792e+02
   5.5957e+01  -1.0175e+02  -1.2857e+02
   2.9905e+01  -8.7067e+01  -1.0861e+02
   8.1536e+00  -6.6809e+01  -8.8120e+01
  -8.1399e+00  -4.2110e+01  -6.7207e+01
  -1.8105e+01  -1.4337e+01  -4.5970e+01
  -2.1208e+01   1.4983e+01  -2.4513e+01
  -1.7276e+01   4.4239e+01  -2.9368e+00
  -6.5091e+00   7.1823e+01   1.8653e+01
   1.0530e+01   9.6218e+01   4.0153e+01
   3.2947e+01   1.1607e+02   6.1460e+01
   5.9564e+01   1.3028e+02   8.2471e+01
   8.8979e+01   1.3802e+02   1.0309e+02
   1.1964e+02   1.3882e+02   1.2320e+02
   1.4994e+02   1.3259e+02   1.4273e+02
   1.7828e+02   1.1958e+02   1.6157e+02
   2.0315e+02   1.0043e+02   1.7963e+02
   2.2325e+02   7.6083e+01   1.9682e+02
   2.3753e+02   4.7759e+01   2.1307e+02
   2.4521e+02   1.6893e+01   2.2829e+02
   2.4591e+02  -1.4945e+01   2.4241e+02
   2.3957e+02  -4.6137e+01   2.5537e+02
   2.2654e+02  -7.5097e+01   2.6710e+02
   2.0750e+02  -1.0036e+02   2.7754e+02
   1.8344e+02  -1.2065e+02   2.8664e+02
   1.5565e+02  -1.3496e+02   2.9437e+02
   1.2558e+02  -1.4260e+02   3.0068e+02
   9.4808e+01  -1.4322e+02   3.0554e+02
   6.4964e+01  -1.3686e+02   3.0893e+02
   3.7614e+01  -1.2391e+02   3.1083e+02
   1.4195e+01  -1.0511e+02   3.1124e+02
  -4.0642e+00  -8.1534e+01   3.1015e+02
  -1.6207e+01  -5.4473e+01   3.0757e+02
  -2.1600e+01  -2.5423e+01   3.0350e+02
  -1.9970e+01   4.0209e+00   2.9798e+02
  -1.1412e+01   3.2242e+01   2.9102e+02
   3.6100e+00   5.7689e+01   2.8266e+02
   2.4292e+01   7.8956e+01   2.7293e+02
   4.9530e+01   9.4859e+01   2.6190e+02
   7.7977e+01   1.0450e+02   2.4960e+02
   1.0812e+02   1.0730e+02   2.3611e+02
   1.3835e+02   1.0306e+02   2.2147e+02
   1.6705e+02   9.1940e+01   2.0577e+02
   1.9270e+02   7.4467e+01   1.8908e+02
   2.1393e+02   5.1504e+01   1.7148e+02
   2.2959e+02   2.4202e+01   1.5305e+02
   2.3885e+02  -6.0545e+00   1.3389e+02
   2.4119e+02  -3.7729e+01   1.1408e+02
   2.3647e+02  -6.9207e+01   9.3728e+01
   2.2493e+02  -9.8886e+01   7.2920e+01
   2.0715e+02  -1.2526e+02   5.1761e+01
   1.8406e+02  -1.4699e+02   3.0353e+01
   1.5684e+02  -1.6299e+02   8.7991e+00
   1.2692e+02  -1.7247e+02  -1.2797e+01
   9.5862e+01  -1.7499e+02  -3.4332e+01
   6.5272e+01  -1.7048e+02  -5.5702e+01
   3.6746e+01  -1.5923e+02  -7.6803e+01
   1.1768e+01  -1.4190e+02  -9.7535e+01
  -8.3680e+00  -1.1944e+02  -1.1780e+02
  -2.2624e+01  -9.3121e+01  -1.3749e+02
  -3.0273e+01  -6.4373e+01  -1.5653e+02
  -3.0937e+01  -3.4776e+01  -1.7481e+02
  -2.4608e+01  -5.9479e+00  -1.9224e+02
  -1.1648e+01   2.0532e+01  -2.0876e+02
   7.2313e+00   4.3210e+01  -2.2426e+02
   3.1003e+01   6.0833e+01  -2.3869e+02
   5.8383e+01   7.2415e+01  -2.5197e+02
   8.7894e+01   7.7291e+01  -2.6404e+02
   1.1795e+02   7.5147e+01  -2.7484e+02
   1.4693e+02   6.6044e+01  -2.8431e+02
   1.7327e+02   5.0408e+01  -2.9241e+02
   1.9555e+02   2.9011e+01  -2.9911e+02
   2.1257e+02   2.9318e+00  -3.0437e+02
   2.2338e+02  -2.6506e+01  -3.0816e+02
   2.2738e+02  -5.7800e+01  -3.1047e+02
   2.2433e+02  -8.9350e+01  -3.1128e+02
   2.1436e+02  -1.1954e+02  -3.1059e+02
   1.9795e+02  -1.4683e+02  -3.0841e+02
   1.7593e+02  -1.6982e+02  -3.0475e+02
   1.4944e+02  -1.8736e+02  -2.9962e+02
   1.1984e+02  -1.9857e+02  -2.9305e+02
   8.8642e+01  -2.0290e+02  -2.8506e+02
   5.7466e+01  -2.0018e+02  -2.7570e+02
   2.7919e+01  -1.9059e+02  -2.6502e+02
   1.5203e+00  -1.7470e+02  -2.5306e+02
  -2.0374e+01  -1.5339e+02  -2.3988e+02
  -3.6647e+01  -1.2783e+02  -2.2555e+02
  -4.6482e+01  -9.9427e+01  -2.1013e+02
  -4.9399e+01  -6.9720e+01  -1.9371e+02
  -4.5285e+01  -4.0326e+01  -1.7634e+02
  -3.4401e+01  -1.2844e+01  -1.5813e+02
  -1.7364e+01   1.1230e+01  -1.3916e+02
   4.8848e+00   3.0577e+01  -1.1952e+02
   3.1125e+01   4.4133e+01  -9.9302e+01
   5.9929e+01   5.1137e+01  -7.8607e+01
   8.9729e+01   5.1176e+01  -5.7533e+01
   1.1891e+02   4.4203e+01  -3.6183e+01
   1.4588e+02   3.0545e+01  -1.4658e+01
   1.6917e+02   1.0881e+01   6.9369e+00
   1.8751e+02  -1.3794e+01   2.8499e+01
   1.9988e+02  -4.2216e+01   4.9923e+01
   2.0557e+02  -7.2926e+01   7.1107e+01
   2.0425e+02  -1.0434e+02   9.1949e+01
   1.9594e+02  -1.3484e+02   1.1235e+02
   1.8102e+02  -1.6286e+02   1.3221e+02
   1.6023e+02  -1.8696e+02   1.5143e+02
   1.3463e+02  -2.0589e+02   1.6992e+02
   1.0551e+02  -2.1870e+02   1.8760e+02
   7.4364e+01  -2.2475e+02   2.0437e+02
   4.2787e+01  -2.2376e+02   2.2016e+02
   1.2396e+01  -2.1581e+02   2.3489e+02
  -1.5256e+01  -2.0136e+02   2.4849e+02
  -3.8760e+01  -1.8121e+02   2.6089e+02
  -5.6926e+01  -1.5646e+02   2.7203e+02
  -6.8847e+01  -1.2845e+02   2.8187e+02
  -7.3945e+01  -9.8689e+01   2.9035e+02
  -7.2005e+01  -6.8786e+01   2.9743e+02
  -6.3181e+01  -4.0351e+01   3.0308e+02
  -4.7994e+01  -1.4919e+01   3.0727e+02
  -2.7300e+01   6.1372e+00   3.0999e+02
  -2.2449e+00   2.1673e+01   3.1121e+02
   2.5793e+01   3.0839e+01   3.1093e+02
   5.5278e+01   3.3121e+01   3.0915e+02
   8.4598e+01   2.8369e+01   3.0589e+02
   1.1215e+02   1.6806e+01   3.0116e+02
   1.3642e+02  -9.8596e-01   2.9497e+02
   1.5607e+02  -2.4094e+01   2.8737e+02
   1.7002e+02  -5.1323e+01   2.7838e+02
   1.7745e+02  -8.1264e+01   2.6805e+02
   1.7794e+02  -1.1236e+02   2.5643e+02
   1.7138e+02  -1.4299e+02   2.4358e+02
   1.5808e+02  -1.7157e+02   2.2955e+02
   1.3868e+02  -1.9660e+02   2.1442e+02
   1.1413e+02  -2.1680e+02   1.9826e+02
   8.5696e+01  -2.3111e+02   1.8114e+02
   5.4803e+01  -2.3880e+02   1.6315e+02
   2.3029e+01  -2.3949e+02   1.4438e+02
  -8.0073e+00  -2.3316e+02   1.2491e+02
  -3.6725e+01  -2.2017e+02   1.0484e+02
  -6.1667e+01  -2.0121e+02   8.4266e+01
  -8.1575e+01  -1.7732e+02   6.3285e+01
  -9.5458e+01  -1.4977e+02   4.2000e+01
  -1.0264e+02  -1.2004e+02   2.0512e+01
  -1.0281e+02  -8.9702e+01  -1.0740e+00
  -9.6004e+01  -6.0387e+01  -2.2655e+01
  -8.2655e+01  -3.3657e+01  -4.4127e+01
  -6.3523e+01  -1.0937e+01  -6.5387e+01
  -3.9680e+01   6.5574e+00  -8.6332e+01
  -1.2446e+01   1.7889e+01  -1.0686e+02
   1.6679e+01   2.2446e+01  -1.2688e+02
   4.6098e+01   1.9974e+01  -1.4628e+02
   7.4194e+01   1.0594e+01  -1.6498e+02
   9.9422e+01  -5.2118e+00  -1.8289e+02
   1.2039e+02  -2.6619e+01  -1.9991e+02
   1.3593e+02  -5.2506e+01  -2.1597e+02
   1.4515e+02  -8.1516e+01  -2.3100e+02
   1.4752e+02  -1.1213e+02  -2.4491e+02
   1.4283e+02  -1.4273e+02  -2.5764e+02
   1.3129e+02  -1.7171e+02  -2.6914e+02
   1.1343e+02  -1.9755e+02  -2.7933e+02
   9.0137e+01  -2.1889e+02  -2.8818e+02
   6.2579e+01  -2.3461e+02  -2.9565e+02
   3.2150e+01  -2.4388e+02  -3.0169e+02
   3.9370e-01  -2.4622e+02  -3.0628e+02
  -3.1074e+01  -2.4150e+02  -3.0940e+02
  -6.0654e+01  -2.2999e+02  -3.1102e+02
  -8.6846e+01  -2.1228e+02  -3.1115e+02
  -1.0833e+02  -1.8933e+02  -3.0978e+02
  -1.2403e+02  -1.6233e+02  -3.0692e+02
  -1.3318e+02  -1.3272e+02  -3.0259e+02
  -1.3537e+02  -1.0205e+02  -2.9679e+02
  -1.3053e+02  -7.1958e+01  -2.8957e+02
  -1.1899e+02  -4.4020e+01  -2.8095e+02
  -1.0141e+02  -1.9710e+01  -2.7098e+02
  -7.8793e+01  -3.1047e-01  -2.5971e+02
  -5.2390e+01   1.3158e+01  -2.4719e+02
  -2.3658e+01   1.9989e+01  -2.3347e+02
   5.8233e+00   1.9826e+01  -2.1864e+02
   3.4435e+01   1.2683e+01  -2.0275e+02
   6.0604e+01  -1.0561e+00  -1.8588e+02
   8.2885e+01  -2.0659e+01  -1.6812e+02
   1.0004e+02  -4.5083e+01  -1.4955e+02
   1.1111e+02  -7.3029e+01  -1.3026e+02
   1.1543e+02  -1.0301e+02  -1.1034e+02
   1.1272e+02  -1.3344e+02  -8.9895e+01
   1.0307e+02  -1.6270e+02  -6.9015e+01
   8.6918e+01  -1.8923e+02  -4.7802e+01
   6.5059e+01  -2.1162e+02  -2.6359e+01
   3.8585e+01  -2.2867e+02  -4.7893e+00
   8.8342e+00  -2.3948e+02   1.6804e+01
  -2.2683e+01  -2.4345e+02   3.8315e+01
  -5.4363e+01  -2.4037e+02   5.9643e+01
  -8.4593e+01  -2.3038e+02   8.0683e+01
  -1.1184e+02  -2.1400e+02   1.0134e+02
  -1.3472e+02  -1.9206e+02   1.2150e+02
  -1.5208e+02  -1.6573e+02   1.4108e+02
  -1.6308e+02  -1.3637e+02   1.5998e+02
  -1.6718e+02  -1.0550e+02   1.7811e+02
  -1.6424e+02  -7.4756e+01   1.9538e+02
  -1.5447e+02  -4.5729e+01   2.1171e+02
  -1.3843e+02  -1.9935e+01   2.2703e+02
  -1.1704e+02   1.2842e+00   2.4125e+02
  -9.1492e+01   1.6828e+01   2.5431e+02
  -6.3185e+01   2.5897e+01   2.6614e+02
  -3.3675e+01   2.8035e+01   2.7670e+02
  -4.5789e+00   2.3150e+01   2.8592e+02
   2.2509e+01   1.1525e+01   2.9376e+02
   4.6100e+01  -6.2029e+00   3.0019e+02
   6.4892e+01  -2.9073e+01   3.0518e+02
   7.7834e+01  -5.5852e+01   3.0870e+02
   8.4187e+01  -8.5101e+01   3.1073e+02
   8.3558e+01  -1.1525e+02   3.1127e+02
   7.5925e+01  -1.4467e+02   3.1030e+02
   6.1635e+01  -1.7180e+02   3.0785e+02
   4.1386e+01  -1.9516e+02   3.0391e+02
   1.6193e+01  -2.1350e+02   2.9851e+02
  -1.2669e+01  -2.2581e+02   2.9167e+02
  -4.3730e+01  -2.3142e+02   2.8343e+02
  -7.5404e+01  -2.3001e+02   2.7382e+02
  -1.0607e+02  -2.2160e+02   2.6290e+02
  -1.3417e+02  -2.0663e+02   2.5071e+02
  -1.5827e+02  -1.8584e+02   2.3731e+02
  -1.7714e+02  -1.6030e+02   2.2277e+02
  -1.8985e+02  -1.3133e+02   2.0716e+02
  -1.9577e+02  -1.0042e+02   1.9055e+02
  -1.9465e+02  -6.9180e+01   1.7302e+02
  -1.8660e+02  -3.9212e+01   1.5466e+02
  -1.7209e+02  -1.2069e+01   1.3556e+02
  -1.5194e+02   1.0851e+01   1.1581e+02
  -1.2726e+02   2.8375e+01   9.5493e+01
  -9.9412e+01   3.9613e+01   7.4720e+01
  -6.9914e+01   4.4010e+01   5.3587e+01
  -4.0372e+01   4.1371e+01   3.2196e+01
  -1.2396e+01   3.1874e+01   1.0651e+01
   1.2488e+01   1.6060e+01  -1.0946e+01
   3.2918e+01  -5.1968e+00  -3.2490e+01
   4.7766e+01  -3.0734e+01  -5.3878e+01
   5.6202e+01  -5.9163e+01  -7.5006e+01
   5.7732e+01  -8.8940e+01  -9.5774e+01
   5.2230e+01  -1.1845e+02  -1.1608e+02
   3.9940e+01  -1.4610e+02  -1.3583e+02
   2.1465e+01  -1.7038e+02  -1.5492e+02
  -2.2646e+00  -1.8996e+02  -1.7327e+02
  -3.0040e+01  -2.0377e+02  -1.9078e+02
  -6.0438e+01  -2.1104e+02  -2.0738e+02
  -9.1897e+01  -2.1134e+02  -2.2298e+02
  -1.2280e+02  -2.0460e+02  -2.3750e+02
  -1.5156e+02  -1.9115e+02  -2.5088e+02
  -1.7669e+02  -1.7163e+02  -2.6305e+02
  -1.9692e+02  -1.4704e+02  -2.7396e+02
  -2.1121e+02  -1.1864e+02  -2.8355e+02
  -2.1886e+02  -8.7863e+01  -2.9177e+02
  -2.1949e+02  -5.6300e+01  -2.9859e+02
  -2.1312e+02  -2.5567e+01  -3.0397e+02
  -2.0012e+02   2.7604e+00  -3.0789e+02
  -1.8122e+02   2.7235e+01  -3.1033e+02
  -1.5745e+02   4.6613e+01  -3.1127e+02
  -1.3010e+02   5.9921e+01  -3.1071e+02
  -1.0067e+02   6.6505e+01  -3.0866e+02
  -7.0736e+01   6.6068e+01  -3.0512e+02
  -4.1919e+01   5.8684e+01  -3.0012e+02
  -1.5777e+01   4.4793e+01  -2.9366e+02
   6.2737e+00   2.5180e+01  -2.8580e+02
   2.3034e+01   9.3387e-01  -2.7656e+02
   3.3584e+01  -2.6614e+01  -2.6599e+02
   3.7333e+01  -5.5956e+01  -2.5414e+02
   3.4050e+01  -8.5490e+01  -2.4106e+02
   2.3876e+01  -1.1360e+02  -2.2683e+02
   7.3161e+00  -1.3876e+02  -2.1150e+02
  -1.4787e+01  -1.5957e+02  -1.9515e+02
  -4.1296e+01  -1.7489e+02  -1.7787e+02
  -7.0843e+01  -1.8385e+02  -1.5973e+02
  -1.0190e+02  -1.8592e+02  -1.4082e+02
  -1.3284e+02  -1.8094e+02  -1.2123e+02
  -1.6208e+02  -1.6912e+02  -1.0106e+02
  -1.8809e+02  -1.5103e+02  -8.0398e+01
  -2.0953e+02  -1.2756e+02  -5.9353e+01
  -2.2529e+02  -9.9902e+01  -3.8022e+01
  -2.3457e+02  -6.9456e+01  -1.6509e+01
  -2.3689e+02  -3.7774e+01   5.0846e+00
  -2.3218e+02  -6.4721e+00   2.6653e+01
  -2.2068e+02   2.2853e+01   4.8094e+01
  -2.0305e+02   4.8710e+01   6.9303e+01
  -1.8023e+02   6.9792e+01   9.0178e+01
  -1.5346e+02   8.5042e+01   1.1062e+02
  -1.2416e+02   9.3715e+01   1.3053e+02
  -9.3901e+01   9.5410e+01   1.4981e+02
  -6.4312e+01   9.0096e+01   1.6837e+02
  -3.6970e+01   7.8113e+01   1.8612e+02
  -1.3341e+01   6.0153e+01   2.0297e+02
   5.3098e+00   3.7224e+01   2.1885e+02
   1.7978e+01   1.0597e+01   2.3367e+02
   2.3978e+01  -1.8264e+01   2.4737e+02
   2.2974e+01  -4.7772e+01   2.5987e+02
   1.5004e+01  -7.6311e+01   2.7113e+02
   4.7281e-01  -1.0231e+02   2.8108e+02
  -1.9868e+01  -1.2434e+02   2.8968e+02
  -4.4959e+01  -1.4118e+02   2.9688e+02
  -7.3488e+01  -1.5187e+02   3.0265e+02
  -1.0396e+02  -1.5579e+02   3.0697e+02
  -1.3479e+02  -1.5267e+02   3.0981e+02
  -1.6434e+02  -1.4262e+02   3.1116e+02
  -1.9108e+02  -1.2610e+02   3.1101e+02
  -2.1360e+02  -1.0393e+02   3.0936e+02
  -2.3073e+02  -7.7210e+01   3.0623e+02
  -2.4156e+02  -4.7299e+01   3.0162e+02
  -2.4553e+02  -1.5711e+01   2.9556e+02
  -2.4245e+02   1.5948e+01   2.8807e+02
  -2.3249e+02   4.6067e+01   2.7920e+02
  -2.1617e+02   7.3117e+01   2.6899e+02
  -1.9436e+02   9.5732e+01   2.5748e+02
  -1.6823e+02   1.1278e+02   2.4473e+02
  -1.3915e+02   1.2342e+02   2.3080e+02
  -1.0867e+02   1.2716e+02   2.1576e+02
  -7.8406e+01   1.2385e+02   1.9969e+02
  -4.9951e+01   1.1374e+02   1.8265e+02
  -2.4814e+01   9.7425e+01   1.6473e+02
  -4.3245e+00   7.5825e+01   1.4602e+02
   1.0435e+01   5.0143e+01   1.2661e+02
   1.8684e+01   2.1800e+01   1.0658e+02
   1.9988e+01  -7.6465e+00   8.6048e+01
   1.4277e+01  -3.6578e+01   6.5098e+01
   1.8565e+00  -6.3405e+01   4.3835e+01
  -1.6617e+01  -8.6648e+01   2.2361e+01
  -4.0165e+01  -1.0502e+02   7.7866e-01
  -6.7539e+01  -1.1748e+02  -2.0807e+01
  -9.7291e+01  -1.2332e+02  -4.2292e+01
  -1.2784e+02  -1.2216e+02  -6.3574e+01
  -1.5758e+02  -1.1400e+02  -8.4550e+01
  -1.8492e+02  -9.9212e+01  -1.0512e+02
  -2.0842e+02  -7.8516e+01  -1.2518e+02
  -2.2682e+02  -5.2941e+01  -1.4464e+02
  -2.3915e+02  -2.3777e+01  -1.6341e+02
  -2.4474e+02   7.4987e+00  -1.8138e+02
  -2.4330e+02   3.9295e+01  -1.9849e+02
  -2.3489e+02   6.9994e+01  -2.1464e+02
  -2.1994e+02   9.8036e+01  -2.2975e+02
  -1.9923e+02   1.2200e+02  -2.4376e+02
  -1.7384e+02   1.4069e+02  -2.5660e+02
  -1.4511e+02   1.5316e+02  -2.6820e+02
  -1.1453e+02   1.5884e+02  -2.7851e+02
  -8.3704e+01   1.5747e+02  -2.8748e+02
  -5.4251e+01   1.4918e+02  -2.9506e+02
  -2.7709e+01   1.3449e+02  -3.0123e+02
  -5.4635e+00   1.1422e+02  -3.0595e+02
   1.1326e+01   8.9500e+01  -3.0919e+02

