  -6.8713e+02   7.8985e+02   2.0113e+02
  -6.7913e+02   7.8427e+02   1.7284e+02
  -6.7410e+02   7.7901e+02   1.4372e+02
  -6.7184e+02   7.7476e+02   1.1391e+02
  -6.7204e+02   7.7213e+02   8.3557e+01
  -6.7424e+02   7.7167e+02   5.2797e+01
  -6.7788e+02   7.7377e+02   2.1783e+01
  -6.8230e+02   7.7873e+02  -9.3360e+00
  -6.8682e+02   7.8665e+02  -4.0410e+01
  -6.9073e+02   7.9749e+02  -7.1289e+01
  -6.9335e+02   8.1105e+02  -1.0183e+02
  -6.9409e+02   8.2699e+02  -1.3187e+02
  -6.9242e+02   8.4481e+02  -1.6128e+02
  -6.8796e+02   8.6393e+02  -1.8992e+02
  -6.8046e+02   8.8370e+02  -2.1764e+02
  -6.6983e+02   9.0341e+02  -2.4431e+02
  -6.5615e+02   9.2237e+02  -2.6981e+02
  -6.3963e+02   9.3991e+02  -2.9401e+02
  -6.2067e+02   9.5542e+02  -3.1679e+02
  -5.9975e+02   9.6843e+02  -3.3805e+02
  -5.7749e+02   9.7856e+02  -3.5768e+02
  -5.5455e+02   9.8559e+02  -3.7559e+02
  -5.3164e+02   9.8945e+02  -3.9169e+02
  -5.0945e+02   9.9025e+02  -4.0590e+02
  -4.8863e+02   9.8825e+02  -4.1817e+02
  -4.6978e+02   9.8384e+02  -4.2841e+02
  -4.5335e+02   9.7754e+02  -4.3660e+02
  -4.3970e+02   9.6997e+02  -4.4269e+02
  -4.2902e+02   9.6181e+02  -4.4664e+02
  -4.2134e+02   9.5375e+02  -4.4844e+02
  -4.1653e+02   9.4648e+02  -4.4809e+02
  -4.1432e+02   9.4066e+02  -4.4558e+02
  -4.1427e+02   9.3684e+02  -4.4092e+02
  -4.1585e+02   9.3548e+02  -4.3414e+02
  -4.1844e+02   9.3688e+02  -4.2527e+02
  -4.2134e+02   9.4121e+02  -4.1436e+02
  -4.2386e+02   9.4848e+02  -4.0145e+02
  -4.2531e+02   9.5852e+02  -3.8660e+02
  -4.2507e+02   9.7103e+02  -3.6990e+02
  -4.2258e+02   9.8555e+02  -3.5142e+02
  -4.1742e+02   1.0015e+03  -3.3124e+02
  -4.0931e+02   1.0183e+03  -3.0947e+02
  -3.9810e+02   1.0353e+03  -2.8621e+02
  -3.8383e+02   1.0516e+03  -2.6157e+02
  -3.6669e+02   1.0667e+03  -2.3567e+02
  -3.4701e+02   1.0800e+03  -2.0864e+02
  -3.2525e+02   1.0908e+03  -1.8061e+02
  -3.0200e+02   1.0988e+03  -1.5170e+02
  -2.7792e+02   1.1038e+03  -1.2207e+02
  -2.5369e+02   1.1055e+03  -9.1843e+01
  -2.3002e+02   1.1042e+03  -6.1178e+01
  -2.0758e+02   1.1000e+03  -3.0218e+01
  -1.8698e+02   1.0932e+03   8.8721e-01
  -1.6872e+02   1.0843e+03   3.1988e+01
  -1.5319e+02   1.0740e+03   6.2935e+01
  -1.4062e+02   1.0629e+03   9.3579e+01
  -1.3109e+02   1.0517e+03   1.2377e+02
  -1.2451e+02   1.0411e+03   1.5337e+02
  -1.2065e+02   1.0317e+03   1.8223e+02
  -1.1913e+02   1.0242e+03   2.1021e+02
  -1.1943e+02   1.0191e+03   2.3718e+02
  -1.2094e+02   1.0166e+03   2.6301e+02
  -1.2300e+02   1.0170e+03   2.8757e+02
  -1.2491e+02   1.0203e+03   3.1075e+02
  -1.2596e+02   1.0265e+03   3.3243e+02
  -1.2553e+02   1.0352e+03   3.5252e+02
  -1.2302e+02   1.0461e+03   3.7090e+02
  -1.1799e+02   1.0586e+03   3.8750e+02
  -1.1009e+02   1.0721e+03   4.0224e+02
  -9.9163e+01   1.0859e+03   4.1503e+02
  -8.5179e+01   1.0993e+03   4.2583e+02
  -6.8284e+01   1.1116e+03   4.3459e+02
  -4.8774e+01   1.1223e+03   4.4124e+02
  -2.7084e+01   1.1306e+03   4.4578e+02
  -3.7635e+00   1.1363e+03   4.4817e+02
   2.0552e+01   1.1389e+03   4.4840e+02
   4.5174e+01   1.1384e+03   4.4647e+02
   6.9398e+01   1.1347e+03   4.4240e+02
   9.2540e+01   1.1281e+03   4.3619e+02
   1.1397e+02   1.1188e+03   4.2789e+02
   1.3316e+02   1.1072e+03   4.1752e+02
   1.4968e+02   1.0941e+03   4.0515e+02
   1.6326e+02   1.0799e+03   3.9082e+02
   1.7377e+02   1.0654e+03   3.7461e+02
   1.8125e+02   1.0514e+03   3.5660e+02
   1.8589e+02   1.0384e+03   3.3688e+02
   1.8805e+02   1.0271e+03   3.1553e+02
   1.8820e+02   1.0180e+03   2.9266e+02
   1.8693e+02   1.0115e+03   2.6839e+02
   1.8487e+02   1.0079e+03   2.4282e+02
   1.8275e+02   1.0072e+03   2.1608e+02
   1.8124e+02   1.0094e+03   1.8831e+02
   1.8103e+02   1.0142e+03   1.5963e+02
   1.8269e+02   1.0213e+03   1.3017e+02
   1.8674e+02   1.0302e+03   1.0010e+02
   1.9353e+02   1.0403e+03   6.9537e+01
   2.0329e+02   1.0509e+03   3.8642e+01
   2.1609e+02   1.0613e+03   7.5619e+00
   2.3182e+02   1.0708e+03  -2.3555e+01
   2.5022e+02   1.0788e+03  -5.4558e+01
   2.7091e+02   1.0847e+03  -8.5299e+01
   2.9336e+02   1.0880e+03  -1.1563e+02
   3.1696e+02   1.0883e+03  -1.4540e+02
   3.4102e+02   1.0855e+03  -1.7448e+02
   3.6485e+02   1.0795e+03  -2.0271e+02
   3.8776e+02   1.0705e+03  -2.2997e+02
   4.0909e+02   1.0588e+03  -2.5612e+02
   4.2828e+02   1.0447e+03  -2.8104e+02
   4.4487e+02   1.0288e+03  -3.0460e+02
   4.5855e+02   1.0117e+03  -3.2670e+02
   4.6915e+02   9.9411e+02  -3.4723e+02
   4.7666e+02   9.7675e+02  -3.6608e+02
   4.8124e+02   9.6030e+02  -3.8318e+02
   4.8319e+02   9.4539e+02  -3.9842e+02
   4.8294e+02   9.3255e+02  -4.1176e+02
   4.8107e+02   9.2223e+02  -4.2310e+02
   4.7820e+02   9.1471e+02  -4.3242e+02
   4.7502e+02   9.1014e+02  -4.3965e+02
   4.7225e+02   9.0849e+02  -4.4476e+02
   4.7054e+02   9.0958e+02  -4.4773e+02
   4.7054e+02   9.1308e+02  -4.4855e+02
   4.7275e+02   9.1853e+02  -4.4721e+02
   4.7759e+02   9.2534e+02  -4.4371e+02
   4.8532e+02   9.3287e+02  -4.3808e+02
   4.9605e+02   9.4042e+02  -4.3035e+02
   5.0972e+02   9.4730e+02  -4.2053e+02
   5.2613e+02   9.5283e+02  -4.0870e+02
   5.4492e+02   9.5641e+02  -3.9490e+02
   5.6559e+02   9.5753e+02  -3.7919e+02
   5.8756e+02   9.5581e+02  -3.6167e+02
   6.1016e+02   9.5101e+02  -3.4240e+02
   6.3270e+02   9.4305e+02  -3.2148e+02
   6.5447e+02   9.3202e+02  -2.9901e+02
   6.7480e+02   9.1814e+02  -2.7511e+02
   6.9312e+02   9.0181e+02  -2.4988e+02
   7.0893e+02   8.8354e+02  -2.2345e+02
   7.2187e+02   8.6392e+02  -1.9594e+02
   7.3173e+02   8.4364e+02  -1.6749e+02
   7.3846e+02   8.2339e+02  -1.3824e+02
   7.4217e+02   8.0388e+02  -1.0831e+02
   7.4311e+02   7.8574e+02  -7.7871e+01
   7.4171e+02   7.6956e+02  -4.7053e+01
   7.3848e+02   7.5581e+02  -1.6008e+01
   7.3404e+02   7.4481e+02   1.5114e+01
   7.2907e+02   7.3675e+02   4.6163e+01
   7.2427e+02   7.3166e+02   7.6989e+01
   7.2034e+02   7.2939e+02   1.0745e+02
   7.1791e+02   7.2966e+02   1.3738e+02
   7.1754e+02   7.3204e+02   1.6666e+02
   7.1966e+02   7.3597e+02   1.9514e+02
   7.2459e+02   7.4083e+02   2.2267e+02
   7.3248e+02   7.4593e+02   2.4914e+02
   7.4332e+02   7.5057e+02   2.7440e+02
   7.5694e+02   7.5407e+02   2.9835e+02
   7.7303e+02   7.5580e+02   3.2085e+02
   7.9113e+02   7.5522e+02   3.4182e+02
   8.1067e+02   7.5192e+02   3.6114e+02
   8.3101e+02   7.4561e+02   3.7872e+02
   8.5146e+02   7.3617e+02   3.9447e+02
   8.7131e+02   7.2364e+02   4.0833e+02
   8.8989e+02   7.0821e+02   4.2022e+02
   9.0658e+02   6.9023e+02   4.3009e+02
   9.2086e+02   6.7017e+02   4.3789e+02
   9.3233e+02   6.4862e+02   4.4358e+02
   9.4075e+02   6.2623e+02   4.4714e+02
   9.4600e+02   6.0370e+02   4.4854e+02
   9.4817e+02   5.8174e+02   4.4779e+02
   9.4746e+02   5.6101e+02   4.4487e+02
   9.4426e+02   5.4210e+02   4.3982e+02
   9.3904e+02   5.2553e+02   4.3265e+02
   9.3242e+02   5.1166e+02   4.2340e+02
   9.2505e+02   5.0073e+02   4.1211e+02
   9.1764e+02   4.9279e+02   3.9884e+02
   9.1088e+02   4.8776e+02   3.8364e+02
   9.0543e+02   4.8539e+02   3.6660e+02
   9.0187e+02   4.8528e+02   3.4779e+02
   9.0068e+02   4.8692e+02   3.2732e+02
   9.0220e+02   4.8970e+02   3.0526e+02
   9.0663e+02   4.9294e+02   2.8174e+02
   9.1402e+02   4.9595e+02   2.5685e+02
   9.2423e+02   4.9803e+02   2.3074e+02
   9.3699e+02   4.9854e+02   2.0351e+02
   9.5188e+02   4.9690e+02   1.7530e+02
   9.6837e+02   4.9268e+02   1.4625e+02
   9.8582e+02   4.8554e+02   1.1649e+02
   1.0036e+03   4.7531e+02   8.6178e+01
   1.0209e+03   4.6200e+02   5.5447e+01
   1.0371e+03   4.4575e+02   2.4449e+01
   1.0516e+03   4.2686e+02  -6.6667e+00
   1.0638e+03   4.0578e+02  -3.7750e+01
   1.0732e+03   3.8307e+02  -6.8652e+01
   1.0797e+03   3.5936e+02  -9.9224e+01
   1.0829e+03   3.3534e+02  -1.2932e+02
   1.0831e+03   3.1172e+02  -1.5879e+02
   1.0802e+03   2.8918e+02  -1.8750e+02
   1.0748e+03   2.6834e+02  -2.1530e+02
   1.0672e+03   2.4974e+02  -2.4207e+02
   1.0579e+03   2.3378e+02  -2.6767e+02
   1.0477e+03   2.2073e+02  -2.9198e+02
   1.0373e+03   2.1071e+02  -3.1489e+02
   1.0273e+03   2.0367e+02  -3.3629e+02
   1.0185e+03   1.9940e+02  -3.5606e+02
   1.0113e+03   1.9755e+02  -3.7412e+02
   1.0064e+03   1.9764e+02  -3.9038e+02
   1.0041e+03   1.9908e+02  -4.0476e+02
   1.0047e+03   2.0121e+02  -4.1719e+02
   1.0082e+03   2.0333e+02  -4.2762e+02
   1.0146e+03   2.0474e+02  -4.3598e+02
   1.0236e+03   2.0479e+02  -4.4225e+02
   1.0349e+03   2.0287e+02  -4.4638e+02
   1.0479e+03   1.9851e+02  -4.4837e+02
   1.0620e+03   1.9135e+02  -4.4820e+02
   1.0767e+03   1.8116e+02  -4.4588e+02
   1.0911e+03   1.6791e+02  -4.4140e+02
   1.1045e+03   1.5169e+02  -4.3481e+02
   1.1164e+03   1.3276e+02  -4.2612e+02
   1.1262e+03   1.1155e+02  -4.1537e+02
   1.1333e+03   8.8559e+01  -4.0263e+02
   1.1374e+03   6.4423e+01  -3.8795e+02
   1.1385e+03   3.9818e+01  -3.7140e+02
   1.1363e+03   1.5447e+01  -3.5307e+02
   1.1311e+03  -7.9976e+00  -3.3303e+02
   1.1232e+03  -2.9874e+01  -3.1140e+02
   1.1129e+03  -4.9621e+01  -2.8826e+02
   1.1009e+03  -6.6794e+01  -2.6374e+02
   1.0877e+03  -8.1080e+01  -2.3794e+02
   1.0741e+03  -9.2321e+01  -2.1100e+02
   1.0607e+03  -1.0052e+02  -1.8305e+02
   1.0483e+03  -1.0584e+02  -1.5421e+02
   1.0374e+03  -1.0859e+02  -1.2463e+02
   1.0286e+03  -1.0923e+02  -9.4454e+01
   1.0224e+03  -1.0831e+02  -6.3821e+01
   1.0189e+03  -1.0647e+02  -3.2881e+01
   1.0184e+03  -1.0442e+02  -1.7825e+00
   1.0208e+03  -1.0284e+02   2.9325e+01
   1.0259e+03  -1.0242e+02   6.0291e+01
   1.0333e+03  -1.0376e+02   9.0966e+01
   1.0427e+03  -1.0740e+02   1.2120e+02
   1.0534e+03  -1.1372e+02   1.5086e+02
   1.0647e+03  -1.2298e+02   1.7979e+02
   1.0761e+03  -1.3528e+02   2.0785e+02
   1.0866e+03  -1.5056e+02   2.3491e+02
   1.0958e+03  -1.6860e+02   2.6084e+02
   1.1030e+03  -1.8902e+02   2.8552e+02
   1.1077e+03  -2.1134e+02   3.0882e+02
   1.1095e+03  -2.3495e+02   3.3064e+02
   1.1082e+03  -2.5919e+02   3.5086e+02
   1.1037e+03  -2.8337e+02   3.6939e+02
   1.0962e+03  -3.0677e+02   3.8615e+02
   1.0858e+03  -3.2875e+02   4.0105e+02
   1.0730e+03  -3.4871e+02   4.1401e+02
   1.0582e+03  -3.6617e+02   4.2499e+02
   1.0421e+03  -3.8079e+02   4.3392e+02
   1.0254e+03  -3.9236e+02   4.4076e+02
   1.0087e+03  -4.0083e+02   4.4547e+02
   9.9275e+02  -4.0634e+02   4.4805e+02
   9.7822e+02  -4.0913e+02   4.4846e+02
   9.6566e+02  -4.0965e+02   4.4672e+02
   9.5552e+02  -4.0840e+02   4.4283e+02
   9.4813e+02  -4.0603e+02   4.3681e+02
   9.4367e+02  -4.0320e+02   4.2868e+02
   9.4214e+02  -4.0062e+02   4.1849e+02
   9.4340e+02  -3.9899e+02   4.0628e+02
   9.4716e+02  -3.9892e+02   3.9212e+02
   9.5296e+02  -4.0097e+02   3.7608e+02
   9.6026e+02  -4.0558e+02   3.5822e+02
   9.6843e+02  -4.1305e+02   3.3864e+02
   9.7677e+02  -4.2351e+02   3.1742e+02
   9.8458e+02  -4.3695e+02   2.9468e+02
   9.9119e+02  -4.5319e+02   2.7052e+02
   9.9596e+02  -4.7190e+02   2.4506e+02
   9.9838e+02  -4.9263e+02   2.1842e+02
   9.9802e+02  -5.1480e+02   1.9073e+02
   9.9462e+02  -5.3775e+02   1.6212e+02
   9.8806e+02  -5.6081e+02   1.3273e+02
   9.7838e+02  -5.8326e+02   1.0270e+02
   9.6580e+02  -6.0442e+02   7.2173e+01
   9.5066e+02  -6.2370e+02   4.1301e+01
   9.3345e+02  -6.4057e+02   1.0231e+01
   9.1476e+02  -6.5465e+02  -2.0889e+01
   8.9524e+02  -6.6569e+02  -5.1908e+01
   8.7559e+02  -6.7360e+02  -8.2677e+01
   8.5652e+02  -6.7846e+02  -1.1305e+02
   8.3869e+02  -6.8049e+02  -1.4287e+02
   8.2268e+02  -6.8008e+02  -1.7201e+02
   8.0901e+02  -6.7772e+02  -2.0033e+02
   7.9803e+02  -6.7403e+02  -2.2767e+02
   7.8995e+02  -6.6965e+02  -2.5392e+02
   7.8484e+02  -6.6531e+02  -2.7895e+02
   7.8259e+02  -6.6168e+02  -3.0264e+02
   7.8295e+02  -6.5942e+02  -3.2487e+02
   7.8551e+02  -6.5912e+02  -3.4553e+02
   7.8976e+02  -6.6123e+02  -3.6453e+02
   7.9507e+02  -6.6610e+02  -3.8178e+02
   8.0077e+02  -6.7391e+02  -3.9719e+02
   8.0616e+02  -6.8470e+02  -4.1069e+02
   8.1055e+02  -6.9832e+02  -4.2221e+02
   8.1329e+02  -7.1450e+02  -4.3170e+02
   8.1383e+02  -7.3281e+02  -4.3911e+02
   8.1172e+02  -7.5270e+02  -4.4440e+02
   8.0665e+02  -7.7354e+02  -4.4756e+02
   7.9845e+02  -7.9464e+02  -4.4856e+02
   7.8713e+02  -8.1531e+02  -4.4741e+02
   7.7286e+02  -8.3486e+02  -4.4410e+02
   7.5593e+02  -8.5265e+02  -4.3865e+02
   7.3681e+02  -8.6814e+02  -4.3109e+02
   7.1605e+02  -8.8091e+02  -4.2146e+02
   6.9430e+02  -8.9067e+02  -4.0979e+02
   6.7225e+02  -8.9729e+02  -3.9616e+02
   6.5060e+02  -9.0079e+02  -3.8061e+02
   6.3003e+02  -9.0137e+02  -3.6324e+02
   6.1117e+02  -8.9935e+02  -3.4412e+02
   5.9452e+02  -8.9522e+02  -3.2334e+02
   5.8050e+02  -8.8954e+02  -3.0100e+02
   5.6937e+02  -8.8297e+02  -2.7721e+02
   5.6122e+02  -8.7621e+02  -2.5209e+02
   5.5601e+02  -8.6995e+02  -2.2576e+02
   5.5352e+02  -8.6486e+02  -1.9834e+02
   5.5339e+02  -8.6155e+02  -1.6997e+02
   5.5511e+02  -8.6052e+02  -1.4077e+02
   5.5811e+02  -8.6214e+02  -1.1090e+02
   5.6172e+02  -8.6665e+02  -8.0499e+01
   5.6524e+02  -8.7412e+02  -4.9707e+01
   5.6797e+02  -8.8446e+02  -1.8676e+01
   5.6926e+02  -8.9742e+02   1.2445e+01
   5.6852e+02  -9.1263e+02   4.3506e+01
   5.6527e+02  -9.2955e+02   7.4358e+01
   5.5915e+02  -9.4760e+02   1.0485e+02
   5.4997e+02  -9.6609e+02   1.3484e+02
   5.3768e+02  -9.8431e+02   1.6418e+02
   5.2239e+02  -1.0016e+03   1.9273e+02
   5.0438e+02  -1.0173e+03   2.2035e+02
   4.8407e+02  -1.0308e+03   2.4691e+02
   4.6198e+02  -1.0416e+03   2.7229e+02
   4.3874e+02  -1.0495e+03   2.9635e+02
   4.1503e+02  -1.0543e+03   3.1898e+02
   3.9156e+02  -1.0559e+03   3.4008e+02
   3.6901e+02  -1.0545e+03   3.5955e+02
   3.4802e+02  -1.0503e+03   3.7728e+02
   3.2915e+02  -1.0439e+03   3.9319e+02
   3.1284e+02  -1.0358e+03   4.0722e+02
   2.9938e+02  -1.0265e+03   4.1928e+02
   2.8893e+02  -1.0169e+03   4.2933e+02
   2.8148e+02  -1.0076e+03   4.3730e+02
   2.7685e+02  -9.9920e+02   4.4318e+02
   2.7473e+02  -9.9243e+02   4.4692e+02
   2.7464e+02  -9.8780e+02   4.4851e+02
   2.7603e+02  -9.8572e+02   4.4794e+02
   2.7826e+02  -9.8646e+02   4.4521e+02
   2.8062e+02  -9.9014e+02   4.4034e+02
   2.8242e+02  -9.9672e+02   4.3335e+02
   2.8298e+02  -1.0060e+03   4.2427e+02
   2.8170e+02  -1.0176e+03   4.1316e+02
   2.7807e+02  -1.0311e+03   4.0005e+02
   2.7168e+02  -1.0459e+03   3.8502e+02
   2.6231e+02  -1.0613e+03   3.6813e+02
   2.4985e+02  -1.0766e+03   3.4947e+02
   2.3438e+02  -1.0912e+03   3.2913e+02
   2.1612e+02  -1.1043e+03   3.0721e+02
   1.9547e+02  -1.1154e+03   2.8381e+02
   1.7291e+02  -1.1239e+03   2.5904e+02
   1.4905e+02  -1.1296e+03   2.3302e+02
   1.2457e+02  -1.1321e+03   2.0588e+02
   1.0015e+02  -1.1315e+03   1.7776e+02
   7.6496e+01  -1.1278e+03   1.4877e+02
   5.4269e+01  -1.1213e+03   1.1907e+02
   3.4047e+01  -1.1123e+03   8.8796e+01
   1.6303e+01  -1.1014e+03   5.8095e+01
   1.3810e+00  -1.0893e+03   2.7114e+01
  -1.0527e+01  -1.0766e+03  -3.9972e+00
  -1.9387e+01  -1.0639e+03  -3.5089e+01
  -2.5326e+01  -1.0520e+03  -6.6013e+01
  -2.8626e+01  -1.0416e+03  -9.6618e+01
  -2.9710e+01  -1.0331e+03  -1.2676e+02
  -2.9115e+01  -1.0271e+03  -1.5629e+02
  -2.7469e+01  -1.0239e+03  -1.8507e+02
  -2.5455e+01  -1.0235e+03  -2.1295e+02
  -2.3775e+01  -1.0261e+03  -2.3982e+02
  -2.3113e+01  -1.0315e+03  -2.6552e+02
  -2.4099e+01  -1.0393e+03  -2.8995e+02
  -2.7276e+01  -1.0491e+03  -3.1299e+02
  -3.3072e+01  -1.0604e+03  -3.3451e+02
  -4.1774e+01  -1.0725e+03  -3.5443e+02
  -5.3516e+01  -1.0847e+03  -3.7264e+02
  -6.8271e+01  -1.0963e+03  -3.8906e+02
  -8.5853e+01  -1.1067e+03  -4.0360e+02
  -1.0592e+02  -1.1152e+03  -4.1620e+02
  -1.2802e+02  -1.1212e+03  -4.2680e+02
  -1.5155e+02  -1.1245e+03  -4.3535e+02
  -1.7588e+02  -1.1247e+03  -4.4179e+02
  -2.0030e+02  -1.1218e+03  -4.4611e+02
  -2.2411e+02  -1.1157e+03  -4.4829e+02
  -2.4664e+02  -1.1067e+03  -4.4830e+02
  -2.6728e+02  -1.0952e+03  -4.4616e+02
  -2.8554e+02  -1.0816e+03  -4.4187e+02
  -3.0102e+02  -1.0666e+03  -4.3545e+02
  -3.1349e+02  -1.0507e+03  -4.2694e+02
  -3.2287e+02  -1.0348e+03  -4.1637e+02
  -3.2925e+02  -1.0194e+03  -4.0380e+02
  -3.3286e+02  -1.0053e+03  -3.8928e+02
  -3.3409e+02  -9.9306e+02  -3.7289e+02
  -3.3345e+02  -9.8314e+02  -3.5471e+02
  -3.3154e+02  -9.7591e+02  -3.3482e+02
  -3.2904e+02  -9.7158e+02  -3.1331e+02
  -3.2663e+02  -9.7019e+02  -2.9030e+02
  -3.2503e+02  -9.7164e+02  -2.6589e+02
  -3.2487e+02  -9.7565e+02  -2.4020e+02
  -3.2673e+02  -9.8181e+02  -2.1335e+02
  -3.3107e+02  -9.8960e+02  -1.8548e+02
  -3.3822e+02  -9.9840e+02  -1.5672e+02
  -3.4835e+02  -1.0075e+03  -1.2720e+02
  -3.6148e+02  -1.0163e+03  -9.7062e+01
  -3.7748e+02  -1.0239e+03  -6.6463e+01
  -3.9604e+02  -1.0299e+03  -3.5543e+01
  -4.1674e+02  -1.0336e+03  -4.4521e+00
  -4.3902e+02  -1.0347e+03   2.6660e+01
  -4.6224e+02  -1.0327e+03   5.7644e+01
  -4.8572e+02  -1.0276e+03   8.8350e+01
  -5.0876e+02  -1.0193e+03   1.1863e+02
  -5.3067e+02  -1.0080e+03   1.4834e+02
  -5.5082e+02  -9.9416e+02   1.7734e+02
  -5.6868e+02  -9.7808e+02   2.0548e+02
  -5.8383e+02  -9.6037e+02   2.3263e+02
  -5.9599e+02  -9.4168e+02   2.5867e+02
  -6.0503e+02  -9.2271e+02   2.8345e+02
  -6.1100e+02  -9.0415e+02   3.0688e+02
  -6.1409e+02  -8.8668e+02   3.2883e+02
  -6.1465e+02  -8.7092e+02   3.4919e+02
  -6.1315e+02  -8.5739e+02   3.6787e+02
  -6.1017e+02  -8.4646e+02   3.8478e+02
  -6.0638e+02  -8.3841e+02   3.9984e+02
  -6.0246e+02  -8.3332e+02   4.1298e+02
  -5.9912e+02  -8.3112e+02   4.2413e+02
  -5.9702e+02  -8.3159e+02   4.3323e+02
  -5.9675e+02  -8.3436e+02   4.4025e+02
  -5.9882e+02  -8.3893e+02   4.4515e+02
  -6.0359e+02  -8.4471e+02   4.4791e+02
  -6.1128e+02  -8.5102e+02   4.4851e+02
  -6.2196e+02  -8.5717e+02   4.4696e+02
  -6.3553e+02  -8.6246e+02   4.4325e+02
  -6.5173e+02  -8.6623e+02   4.3741e+02
  -6.7017e+02  -8.6791e+02   4.2946e+02
  -6.9032e+02  -8.6702e+02   4.1944e+02
  -7.1158e+02  -8.6322e+02   4.0741e+02
  -7.3327e+02  -8.5632e+02   3.9341e+02
  -7.5468e+02  -8.4627e+02   3.7752e+02
  -7.7512e+02  -8.3321e+02   3.5982e+02
  -7.9395e+02  -8.1741e+02   3.4038e+02
  -8.1059e+02  -7.9930e+02   3.1930e+02
  -8.2460e+02  -7.7942e+02   2.9669e+02
  -8.3566e+02  -7.5839e+02   2.7265e+02
  -8.4359e+02  -7.3690e+02   2.4729e+02
  -8.4840e+02  -7.1565e+02   2.2075e+02
  -8.5023e+02  -6.9533e+02   1.9314e+02
  -8.4939e+02  -6.7657e+02   1.6460e+02
  -8.4632e+02  -6.5992e+02   1.3527e+02
  -8.4158e+02  -6.4582e+02   1.0529e+02
  -8.3581e+02  -6.3454e+02   7.4807e+01
  -8.2969e+02  -6.2625e+02   4.3959e+01
  -8.2393e+02  -6.2090e+02   1.2900e+01
  -8.1921e+02  -6.1833e+02  -1.8221e+01
  -8.1614e+02  -6.1819e+02  -4.9255e+01
  -8.1525e+02  -6.2003e+02  -8.0051e+01
  -8.1694e+02  -6.2327e+02  -1.1046e+02
  -8.2150e+02  -6.2727e+02  -1.4034e+02
  -8.2901e+02  -6.3132e+02  -1.6955e+02
  -8.3943e+02  -6.3473e+02  -1.9793e+02
  -8.5255e+02  -6.3683e+02  -2.2537e+02
  -8.6801e+02  -6.3702e+02  -2.5172e+02
  -8.8532e+02  -6.3478e+02  -2.7686e+02
  -9.0389e+02  -6.2973e+02  -3.0066e+02
  -9.2306e+02  -6.2165e+02  -3.2302e+02
  -9.4213e+02  -6.1044e+02  -3.4382e+02
  -9.6041e+02  -5.9619e+02  -3.6297e+02
  -9.7721e+02  -5.7914e+02  -3.8037e+02
  -9.9197e+02  -5.5967e+02  -3.9594e+02
  -1.0042e+03  -5.3830e+02  -4.0961e+02
  -1.0135e+03  -5.1562e+02  -4.2130e+02
  -1.0197e+03  -4.9232e+02  -4.3096e+02
  -1.0228e+03  -4.6908e+02  -4.3855e+02
  -1.0227e+03  -4.4661e+02  -4.4403e+02
  -1.0199e+03  -4.2557e+02  -4.4738e+02
  -1.0148e+03  -4.0651e+02  -4.4856e+02
  -1.0077e+03  -3.8992e+02  -4.4759e+02
  -9.9946e+02  -3.7613e+02  -4.4447e+02
  -9.9062e+02  -3.6532e+02  -4.3920e+02
  -9.8194e+02  -3.5750e+02  -4.3182e+02
  -9.7408e+02  -3.5256e+02  -4.2236e+02
  -9.6770e+02  -3.5019e+02  -4.1087e+02
  -9.6334e+02  -3.4997e+02  -3.9740e+02
  -9.6146e+02  -3.5135e+02  -3.8202e+02
  -9.6236e+02  -3.5370e+02  -3.6480e+02
  -9.6618e+02  -3.5633e+02  -3.4582e+02
  -9.7293e+02  -3.5855e+02  -3.2518e+02
  -9.8244e+02  -3.5966e+02  -3.0297e+02
  -9.9439e+02  -3.5905e+02  -2.7931e+02
  -1.0083e+03  -3.5618e+02  -2.5430e+02
  -1.0237e+03  -3.5063e+02  -2.2806e+02
  -1.0398e+03  -3.4212e+02  -2.0073e+02
  -1.0560e+03  -3.3053e+02  -1.7243e+02
  -1.0716e+03  -3.1588e+02  -1.4331e+02
  -1.0859e+03  -2.9838e+02  -1.1349e+02
  -1.0983e+03  -2.7838e+02  -8.3124e+01
  -1.1083e+03  -2.5635e+02  -5.2359e+01
  -1.1154e+03  -2.3286e+02  -2.1343e+01
  -1.1195e+03  -2.0859e+02   9.7762e+00
  -1.1204e+03  -1.8422e+02   4.0848e+01
  -1.1181e+03  -1.6046e+02   7.1724e+01
  -1.1130e+03  -1.3798e+02   1.0225e+02
  -1.1054e+03  -1.1737e+02   1.3229e+02
  -1.0957e+03  -9.9136e+01   1.6169e+02
  -1.0846e+03  -8.3652e+01   1.9032e+02
  -1.0728e+03  -7.1145e+01   2.1802e+02
  -1.0609e+03  -6.1682e+01   2.4468e+02
  -1.0496e+03  -5.5173e+01   2.7016e+02
  -1.0396e+03  -5.1369e+01   2.9434e+02
  -1.0315e+03  -4.9876e+01   3.1710e+02
  -1.0258e+03  -5.0180e+01   3.3834e+02
  -1.0227e+03  -5.1671e+01   3.5794e+02
  -1.0226e+03  -5.3675e+01   3.7583e+02
  -1.0254e+03  -5.5490e+01   3.9190e+02
  -1.0310e+03  -5.6427e+01   4.0609e+02
  -1.0391e+03  -5.5839e+01   4.1832e+02
  -1.0493e+03  -5.3162e+01   4.2854e+02
  -1.0612e+03  -4.7941e+01   4.3670e+02
  -1.0740e+03  -3.9857e+01   4.4276e+02
  -1.0870e+03  -2.8740e+01   4.4668e+02
  -1.0997e+03  -1.4581e+01   4.4845e+02
  -1.1112e+03   2.4661e+00   4.4807e+02
  -1.1210e+03   2.2098e+01   4.4553e+02
  -1.1285e+03   4.3872e+01   4.4084e+02
  -1.1332e+03   6.7233e+01   4.3403e+02
  -1.1350e+03   9.1542e+01   4.2513e+02
  -1.1335e+03   1.1611e+02   4.1419e+02
  -1.1290e+03   1.4023e+02   4.0125e+02
  -1.1214e+03   1.6322e+02   3.8638e+02
  -1.1112e+03   1.8446e+02   3.6965e+02
  -1.0989e+03   2.0342e+02   3.5114e+02
  -1.0849e+03   2.1969e+02   3.3094e+02
  -1.0700e+03   2.3300e+02   3.0915e+02
  -1.0548e+03   2.4323e+02   2.8587e+02
  -1.0401e+03   2.5044e+02   2.6121e+02
  -1.0265e+03   2.5482e+02   2.3530e+02
  -1.0146e+03   2.5673e+02   2.0825e+02
  -1.0049e+03   2.5665e+02   1.8020e+02
  -9.9789e+02   2.5518e+02   1.5129e+02
  -9.9371e+02   2.5297e+02   1.2164e+02
  -9.9248e+02   2.5071e+02   9.1412e+01
  -9.9412e+02   2.4911e+02   6.0741e+01
  -9.9838e+02   2.4883e+02   2.9779e+01
  -1.0049e+03   2.5046e+02  -1.3275e+00
  -1.0132e+03   2.5448e+02  -3.2427e+01
  -1.0226e+03   2.6125e+02  -6.3371e+01
  -1.0325e+03   2.7100e+02  -9.4009e+01
  -1.0422e+03   2.8376e+02  -1.2420e+02
  -1.0509e+03   2.9945e+02  -1.5378e+02
  -1.0581e+03   3.1778e+02  -1.8263e+02
  -1.0631e+03   3.3835e+02  -2.1060e+02
  -1.0655e+03   3.6065e+02  -2.3756e+02
  -1.0650e+03   3.8405e+02  -2.6337e+02
  -1.0613e+03   4.0787e+02  -2.8791e+02
  -1.0545e+03   4.3140e+02  -3.1107e+02
  -1.0446e+03   4.5397e+02  -3.3273e+02
  -1.0321e+03   4.7491e+02  -3.5279e+02
  -1.0172e+03   4.9368e+02  -3.7115e+02
  -1.0005e+03   5.0983e+02  -3.8772e+02
  -9.8271e+02   5.2305e+02  -4.0243e+02
  -9.6448e+02   5.3317e+02  -4.1520e+02
  -9.4650e+02   5.4020e+02  -4.2597e+02
  -9.2947e+02   5.4431e+02  -4.3469e+02
  -9.1401e+02   5.4580e+02  -4.4132e+02
  -9.0066e+02   5.4513e+02  -4.4583e+02
  -8.8985e+02   5.4285e+02  -4.4819e+02
  -8.8186e+02   5.3961e+02  -4.4839e+02
  -8.7682e+02   5.3610e+02  -4.4643e+02
  -8.7470e+02   5.3303e+02  -4.4232e+02
  -8.7530e+02   5.3106e+02  -4.3609e+02
  -8.7830e+02   5.3081e+02  -4.2775e+02
  -8.8320e+02   5.3280e+02  -4.1736e+02
  -8.8944e+02   5.3743e+02  -4.0496e+02
  -8.9637e+02   5.4495e+02  -3.9060e+02
  -9.0328e+02   5.5546e+02  -3.7437e+02
  -9.0948e+02   5.6891e+02  -3.5634e+02
  -9.1430e+02   5.8506e+02  -3.3659e+02
  -9.1715e+02   6.0356e+02  -3.1522e+02
  -9.1751e+02   6.2391e+02  -2.9233e+02
  -9.1501e+02   6.4550e+02  -2.6804e+02
  -9.0944e+02   6.6769e+02  -2.4245e+02
  -9.0071e+02   6.8976e+02  -2.1570e+02
  -8.8892e+02   7.1101e+02  -1.8791e+02
  -8.7432e+02   7.3080e+02  -1.5921e+02
  -8.5730e+02   7.4853e+02  -1.2975e+02
  -8.3837e+02   7.6372e+02  -9.9667e+01
  -8.1814e+02   7.7602e+02  -6.9102e+01
  -7.9729e+02   7.8522e+02  -3.8204e+01
  -7.7652e+02   7.9130e+02  -7.1216e+00
  -7.5652e+02   7.9435e+02   2.3995e+01
  -7.3795e+02   7.9467e+02   5.4995e+01
  -7.2137e+02   7.9265e+02   8.5731e+01
  -7.0724e+02   7.8884e+02   1.1605e+02
  -6.9588e+02   7.8385e+02   1.4582e+02
  -6.8748e+02   7.7837e+02   1.7488e+02
  -6.8204e+02   7.7310e+02   2.0310e+02
  -6.7942e+02   7.6873e+02   2.3035e+02
  -6.7932e+02   7.6588e+02   2.5648e+02
  -6.8129e+02   7.6512e+02   2.8138e+02
  -6.8480e+02   7.6687e+02   3.0493e+02
  -6.8920e+02   7.7143e+02   3.2700e+02
  -6.9380e+02   7.7895e+02   3.4751e+02
  -6.9791e+02   7.8940e+02   3.6634e+02
  -7.0085e+02   8.0262e+02   3.8341e+02
  -7.0199e+02   8.1828e+02   3.9863e+02
  -7.0080e+02   8.3591e+02   4.1193e+02
  -6.9687e+02   8.5494e+02   4.2325e+02
  -6.8993e+02   8.7473e+02   4.3253e+02
  -6.7986e+02   8.9457e+02   4.3973e+02
  -6.6672e+02   9.1378e+02   4.4482e+02
  -6.5071e+02   9.3166e+02   4.4776e+02
  -6.3217e+02   9.4763e+02   4.4855e+02
  -6.1160e+02   9.6115e+02   4.4717e+02
  -5.8957e+02   9.7185e+02   4.4365e+02
  -5.6676e+02   9.7947e+02   4.3799e+02
  -5.4385e+02   9.8394e+02   4.3022e+02
  -5.2156e+02   9.8532e+02   4.2038e+02
  -5.0054e+02   9.8384e+02   4.0852e+02
  -4.8139e+02   9.7988e+02   3.9469e+02
  -4.6459e+02   9.7395e+02   3.7896e+02
  -4.5053e+02   9.6664e+02   3.6141e+02
  -4.3941e+02   9.5862e+02   3.4211e+02
  -4.3129e+02   9.5060e+02   3.2117e+02
  -4.2608e+02   9.4326e+02   2.9869e+02
  -4.2351e+02   9.3726e+02   2.7476e+02
  -4.2318e+02   9.3319e+02   2.4952e+02
  -4.2458e+02   9.3150e+02   2.2307e+02
  -4.2708e+02   9.3253e+02   1.9555e+02
  -4.3001e+02   9.3648e+02   1.6708e+02
  -4.3267e+02   9.4337e+02   1.3782e+02
  -4.3437e+02   9.5308e+02   1.0789e+02
  -4.3447e+02   9.6530e+02   7.7438e+01
  -4.3241e+02   9.7963e+02   4.6615e+01
  -4.2774e+02   9.9551e+02   1.5568e+01
  -4.2015e+02   1.0123e+03  -1.5554e+01
  -4.0948e+02   1.0294e+03  -4.6600e+01
  -3.9574e+02   1.0460e+03  -7.7423e+01
  -3.7908e+02   1.0614e+03  -1.0787e+02
  -3.5981e+02   1.0751e+03  -1.3780e+02
  -3.3839e+02   1.0864e+03  -1.6707e+02
  -3.1538e+02   1.0950e+03  -1.9553e+02
  -2.9142e+02   1.1006e+03  -2.2306e+02
  -2.6720e+02   1.1029e+03  -2.4950e+02
  -2.4343e+02   1.1022e+03  -2.7475e+02
  -2.2078e+02   1.0985e+03  -2.9868e+02
  -1.9987e+02   1.0922e+03  -3.2116e+02
  -1.8123e+02   1.0838e+03  -3.4210e+02
  -1.6526e+02   1.0738e+03  -3.6140e+02
  -1.5222e+02   1.0629e+03  -3.7895e+02
  -1.4222e+02   1.0517e+03  -3.9468e+02
  -1.3519e+02   1.0411e+03  -4.0851e+02
  -1.3093e+02   1.0316e+03  -4.2038e+02
  -1.2907e+02   1.0239e+03  -4.3022e+02
  -1.2912e+02   1.0184e+03  -4.3799e+02
  -1.3048e+02   1.0155e+03  -4.4365e+02
  -1.3251e+02   1.0156e+03  -4.4717e+02
  -1.3449e+02   1.0185e+03  -4.4855e+02
  -1.3573e+02   1.0244e+03  -4.4776e+02
  -1.3558e+02   1.0328e+03  -4.4482e+02
  -1.3345e+02   1.0435e+03  -4.3974e+02
  -1.2885e+02   1.0558e+03  -4.3254e+02
  -1.2144e+02   1.0693e+03  -4.2325e+02
  -1.1101e+02   1.0832e+03  -4.1194e+02
  -9.7524e+01   1.0968e+03  -3.9863e+02
  -8.1090e+01   1.1095e+03  -3.8341e+02
  -6.1985e+01   1.1205e+03  -3.6635e+02
  -4.0620e+01   1.1294e+03  -3.4752e+02
  -1.7529e+01   1.1356e+03  -3.2701e+02
   6.6647e+00   1.1389e+03  -3.0494e+02
   3.1279e+01   1.1390e+03  -2.8139e+02
   5.5611e+01   1.1359e+03  -2.5649e+02
   7.8969e+01   1.1298e+03  -2.3036e+02
   1.0072e+02   1.1210e+03  -2.0312e+02
   1.2030e+02   1.1099e+03  -1.7490e+02
   1.3728e+02   1.0971e+03  -1.4583e+02
   1.5135e+02   1.0831e+03  -1.1607e+02
   1.6237e+02   1.0688e+03  -8.5746e+01
   1.7035e+02   1.0547e+03  -5.5010e+01
   1.7545e+02   1.0416e+03  -2.4009e+01
   1.7800e+02   1.0301e+03   7.1069e+00
   1.7846e+02   1.0208e+03   3.8189e+01
   1.7739e+02   1.0139e+03   6.9087e+01
   1.7544e+02   1.0099e+03   9.9653e+01
   1.7331e+02   1.0089e+03   1.2974e+02
   1.7168e+02   1.0107e+03   1.5920e+02
   1.7124e+02   1.0152e+03   1.8790e+02
   1.7259e+02   1.0221e+03   2.1569e+02
   1.7625e+02   1.0308e+03   2.4244e+02
   1.8261e+02   1.0409e+03   2.6802e+02
   1.9191e+02   1.0515e+03   2.9232e+02
   2.0423e+02   1.0621e+03   3.1521e+02
   2.1952e+02   1.0719e+03   3.3658e+02
   2.3754e+02   1.0803e+03   3.5633e+02
   2.5792e+02   1.0866e+03   3.7436e+02
   2.8014e+02   1.0904e+03   3.9060e+02
   3.0362e+02   1.0913e+03   4.0495e+02
   3.2768e+02   1.0892e+03   4.1735e+02
   3.5162e+02   1.0838e+03   4.2775e+02
   3.7475e+02   1.0754e+03   4.3608e+02
   3.9640e+02   1.0641e+03   4.4232e+02
   4.1600e+02   1.0505e+03   4.4643e+02
   4.3307e+02   1.0349e+03   4.4839e+02
   4.4728e+02   1.0181e+03   4.4819e+02
   4.5842e+02   1.0007e+03   4.4583e+02
   4.6646e+02   9.8334e+02   4.4133e+02
   4.7154e+02   9.6680e+02   4.3470e+02
   4.7393e+02   9.5170e+02   4.2598e+02
   4.7406e+02   9.3860e+02   4.1521e+02
   4.7245e+02   9.2794e+02   4.0244e+02
   4.6975e+02   9.2005e+02   3.8773e+02
   4.6663e+02   9.1509e+02   3.7116e+02
   4.6380e+02   9.1307e+02   3.5280e+02
   4.6193e+02   9.1383e+02   3.3274e+02
   4.6167e+02   9.1705e+02   3.1108e+02
   4.6354e+02   9.2230e+02   2.8792e+02
   4.6799e+02   9.2902e+02   2.6338e+02
   4.7529e+02   9.3656e+02   2.3757e+02
   4.8559e+02   9.4424e+02   2.1061e+02
   4.9885e+02   9.5135e+02   1.8265e+02
   5.1488e+02   9.5723e+02   1.5380e+02
   5.3336e+02   9.6124e+02   1.2421e+02
   5.5382e+02   9.6287e+02   9.4024e+01
   5.7567e+02   9.6172e+02   6.3385e+01
   5.9827e+02   9.5751e+02   3.2442e+01
   6.2091e+02   9.5015e+02   1.3422e+00
   6.4290e+02   9.3969e+02  -2.9764e+01
   6.6357e+02   9.2634e+02  -6.0727e+01
   6.8230e+02   9.1046e+02  -9.1397e+01
   6.9860e+02   8.9255e+02  -1.2163e+02
   7.1209e+02   8.7320e+02  -1.5127e+02
   7.2252e+02   8.5307e+02  -1.8019e+02
   7.2982e+02   8.3286e+02  -2.0824e+02
   7.3406e+02   8.1327e+02  -2.3529e+02
   7.3550e+02   7.9495e+02  -2.6120e+02
   7.3452e+02   7.7851e+02  -2.8586e+02
   7.3162e+02   7.6442e+02  -3.0914e+02
   7.2741e+02   7.5304e+02  -3.3093e+02
   7.2255e+02   7.4457e+02  -3.5113e+02
   7.1776e+02   7.3908e+02  -3.6964e+02
   7.1372e+02   7.3645e+02  -3.8637e+02
   7.1109e+02   7.3640e+02  -4.0124e+02
   7.1042e+02   7.3853e+02  -4.1418e+02
   7.1220e+02   7.4232e+02  -4.2513e+02
   7.1674e+02   7.4714e+02  -4.3403e+02
   7.2422e+02   7.5232e+02  -4.4084e+02
   7.3466e+02   7.5714e+02  -4.4552e+02
   7.4792e+02   7.6093e+02  -4.4807e+02
   7.6371e+02   7.6305e+02  -4.4845e+02
   7.8159e+02   7.6294e+02  -4.4668e+02
   8.0101e+02   7.6017e+02  -4.4276e+02
   8.2134e+02   7.5442e+02  -4.3671e+02
   8.4189e+02   7.4556e+02  -4.2855e+02
   8.6196e+02   7.3358e+02  -4.1833e+02
   8.8086e+02   7.1867e+02  -4.0610e+02
   8.9797e+02   7.0114e+02  -3.9191e+02
   9.1275e+02   6.8145e+02  -3.7584e+02
   9.2478e+02   6.6017e+02  -3.5795e+02
   9.3378e+02   6.3794e+02  -3.3835e+02
   9.3963e+02   6.1545e+02  -3.1711e+02
   9.4238e+02   5.9342e+02  -2.9435e+02
   9.4220e+02   5.7251e+02  -2.7017e+02
   9.3946e+02   5.5334e+02  -2.4469e+02
   9.3463e+02   5.3642e+02  -2.1804e+02
   9.2829e+02   5.2216e+02  -1.9033e+02
   9.2109e+02   5.1079e+02  -1.6171e+02
   9.1373e+02   5.0242e+02  -1.3231e+02
   9.0692e+02   4.9698e+02  -1.0227e+02
   9.0131e+02   4.9425e+02  -7.1738e+01
   8.9751e+02   4.9385e+02  -4.0863e+01
   8.9600e+02   4.9529e+02  -9.7909e+00
   8.9716e+02   4.9798e+02   2.1328e+01
   9.0120e+02   5.0123e+02   5.2345e+01
   9.0821e+02   5.0436e+02   8.3109e+01
   9.1807e+02   5.0668e+02   1.1347e+02
   9.3053e+02   5.0752e+02   1.4329e+02
   9.4519e+02   5.0630e+02   1.7242e+02
   9.6155e+02   5.0256e+02   2.0072e+02
   9.7898e+02   4.9595e+02   2.2805e+02
   9.9681e+02   4.8627e+02   2.5429e+02
   1.0143e+03   4.7349e+02   2.7930e+02
   1.0309e+03   4.5774e+02   3.0296e+02
   1.0457e+03   4.3929e+02   3.2517e+02
   1.0584e+03   4.1858e+02   3.4581e+02
   1.0684e+03   3.9613e+02   3.6479e+02
   1.0755e+03   3.7258e+02   3.8201e+02
   1.0794e+03   3.4861e+02   3.9740e+02
   1.0801e+03   3.2492e+02   4.1087e+02
   1.0778e+03   3.0220e+02   4.2236e+02
   1.0729e+03   2.8108e+02   4.3182e+02
   1.0657e+03   2.6212e+02   4.3920e+02
   1.0568e+03   2.4574e+02   4.4446e+02
   1.0468e+03   2.3224e+02   4.4759e+02
   1.0365e+03   2.2175e+02   4.4856e+02
   1.0265e+03   2.1427e+02   4.4738e+02
   1.0175e+03   2.0959e+02   4.4404e+02
   1.0101e+03   2.0740e+02   4.3856e+02
   1.0050e+03   2.0723e+02   4.3097e+02
   1.0023e+03   2.0850e+02   4.2131e+02
   1.0025e+03   2.1058e+02   4.0961e+02
   1.0057e+03   2.1276e+02   3.9595e+02
   1.0117e+03   2.1434e+02   3.8038e+02
   1.0204e+03   2.1466e+02   3.6298e+02
   1.0314e+03   2.1311e+02   3.4383e+02
   1.0443e+03   2.0919e+02   3.2303e+02
   1.0584e+03   2.0251e+02   3.0067e+02
   1.0731e+03   1.9283e+02   2.7687e+02
   1.0877e+03   1.8008e+02   2.5173e+02
   1.1014e+03   1.6434e+02   2.2538e+02
   1.1137e+03   1.4585e+02   1.9795e+02
   1.1240e+03   1.2498e+02   1.6956e+02
   1.1316e+03   1.0226e+02   1.4036e+02
   1.1364e+03   7.8276e+01   1.1048e+02
   1.1380e+03   5.3713e+01   8.0066e+01
   1.1365e+03   2.9269e+01   4.9269e+01
   1.1319e+03   5.6396e+00   1.8236e+01
   1.1244e+03  -1.6522e+01  -1.2885e+01
   1.1146e+03  -3.6641e+01  -4.3944e+01
   1.1030e+03  -5.4252e+01  -7.4792e+01
   1.0901e+03  -6.9019e+01  -1.0528e+02
   1.0766e+03  -8.0760e+01  -1.3526e+02
   1.0632e+03  -8.9449e+01  -1.6459e+02
   1.0507e+03  -9.5223e+01  -1.9313e+02
   1.0396e+03  -9.8374e+01  -2.2074e+02
   1.0306e+03  -9.9330e+01  -2.4728e+02
   1.0240e+03  -9.8635e+01  -2.7264e+02
   1.0202e+03  -9.6920e+01  -2.9668e+02
   1.0193e+03  -9.4871e+01  -3.1929e+02
   1.0213e+03  -9.3189e+01  -3.4037e+02
   1.0261e+03  -9.2555e+01  -3.5981e+02
   1.0333e+03  -9.3596e+01  -3.7752e+02
   1.0425e+03  -9.6849e+01  -3.9341e+02
   1.0531e+03  -1.0273e+02  -4.0740e+02
   1.0645e+03  -1.1152e+02  -4.1944e+02
   1.0760e+03  -1.2335e+02  -4.2945e+02
   1.0868e+03  -1.3817e+02  -4.3740e+02
   1.0964e+03  -1.5580e+02  -4.4324e+02
   1.1040e+03  -1.7588e+02  -4.4695e+02
   1.1092e+03  -1.9794e+02  -4.4851e+02
   1.1116e+03  -2.2141e+02  -4.4791e+02
   1.1109e+03  -2.4561e+02  -4.4515e+02
   1.1071e+03  -2.6986e+02  -4.4025e+02
   1.1001e+03  -2.9345e+02  -4.3324e+02
   1.0902e+03  -3.1572e+02  -4.2413e+02
   1.0779e+03  -3.3607e+02  -4.1298e+02
   1.0635e+03  -3.5399e+02  -3.9985e+02
   1.0477e+03  -3.6911e+02  -3.8479e+02
   1.0311e+03  -3.8121e+02  -3.6788e+02
   1.0145e+03  -3.9022e+02  -3.4920e+02
   9.9848e+02  -3.9622e+02  -3.2884e+02
   9.8378e+02  -3.9947e+02  -3.0689e+02
   9.7097e+02  -4.0036e+02  -2.8347e+02
   9.6051e+02  -3.9940e+02  -2.5868e+02
   9.5276e+02  -3.9721e+02  -2.3265e+02
   9.4792e+02  -3.9446e+02  -2.0549e+02
   9.4601e+02  -3.9184e+02  -1.7735e+02
   9.4693e+02  -3.9005e+02  -1.4836e+02
   9.5040e+02  -3.8974e+02  -1.1865e+02
   9.5599e+02  -3.9146e+02  -8.8365e+01
   9.6318e+02  -3.9568e+02  -5.7659e+01
   9.7134e+02  -4.0272e+02  -2.6675e+01
   9.7979e+02  -4.1273e+02   4.4374e+00
   9.8782e+02  -4.2574e+02   3.5528e+01
   9.9475e+02  -4.4159e+02   6.6448e+01
   9.9994e+02  -4.5998e+02   9.7048e+01
   1.0029e+03  -4.8046e+02   1.2718e+02
   1.0031e+03  -5.0247e+02   1.5670e+02
   1.0003e+03  -5.2539e+02   1.8547e+02
   9.9429e+02  -5.4852e+02   2.1334e+02
   9.8520e+02  -5.7116e+02   2.4019e+02
   9.7317e+02  -5.9262e+02   2.6588e+02
   9.5850e+02  -6.1229e+02   2.9029e+02
   9.4169e+02  -6.2963e+02   3.1330e+02
   9.2328e+02  -6.4424e+02   3.3481e+02
   9.0394e+02  -6.5583e+02   3.5470e+02
   8.8436e+02  -6.6431e+02   3.7289e+02
   8.6525e+02  -6.6971e+02   3.8928e+02
   8.4726e+02  -6.7225e+02   4.0379e+02
   8.3102e+02  -6.7227e+02   4.1637e+02
   8.1703e+02  -6.7026e+02   4.2694e+02
   8.0567e+02  -6.6680e+02   4.3545e+02
   7.9720e+02  -6.6256e+02   4.4187e+02
   7.9169e+02  -6.5824e+02   4.4616e+02
   7.8907e+02  -6.5452e+02   4.4830e+02
   7.8911e+02  -6.5207e+02   4.4829e+02
   7.9142e+02  -6.5149e+02   4.4612e+02
   7.9550e+02  -6.5326e+02   4.4180e+02
   8.0076e+02  -6.5773e+02   4.3535e+02
   8.0651e+02  -6.6513e+02   4.2681e+02
   8.1207e+02  -6.7551e+02   4.1621e+02
   8.1673e+02  -6.8876e+02   4.0361e+02
   8.1985e+02  -7.0462e+02   3.8907e+02
   8.2085e+02  -7.2268e+02   3.7265e+02
   8.1926e+02  -7.4242e+02   3.5444e+02
   8.1475e+02  -7.6322e+02   3.3452e+02
   8.0714e+02  -7.8439e+02   3.1300e+02
   7.9639e+02  -8.0525e+02   2.8996e+02
   7.8265e+02  -8.2509e+02   2.6554e+02
   7.6620e+02  -8.4328e+02   2.3983e+02
   7.4748e+02  -8.5925e+02   2.1297e+02
   7.2702e+02  -8.7256e+02   1.8508e+02
   7.0546e+02  -8.8289e+02   1.5630e+02
   6.8348e+02  -8.9010e+02   1.2677e+02
   6.6179e+02  -8.9418e+02   9.6633e+01
   6.4108e+02  -8.9530e+02   6.6027e+01
   6.2197e+02  -8.9376e+02   3.5104e+01
   6.0500e+02  -8.9002e+02   4.0119e+00
   5.9060e+02  -8.8464e+02  -2.7100e+01
   5.7905e+02  -8.7826e+02  -5.8081e+01
   5.7048e+02  -8.7157e+02  -8.8782e+01
   5.6486e+02  -8.6528e+02  -1.1906e+02
   5.6201e+02  -8.6005e+02  -1.4876e+02
   5.6157e+02  -8.5651e+02  -1.7774e+02
   5.6308e+02  -8.5517e+02  -2.0587e+02
   5.6597e+02  -8.5644e+02  -2.3301e+02
   5.6957e+02  -8.6056e+02  -2.5903e+02
   5.7320e+02  -8.6763e+02  -2.8380e+02
   5.7615e+02  -8.7761e+02  -3.0720e+02
   5.7776e+02  -8.9026e+02  -3.2912e+02
   5.7743e+02  -9.0521e+02  -3.4947e+02
   5.7466e+02  -9.2199e+02  -3.6812e+02
   5.6907e+02  -9.3998e+02  -3.8501e+02
   5.6044e+02  -9.5852e+02  -4.0004e+02
   5.4869e+02  -9.7693e+02  -4.1315e+02
   5.3393e+02  -9.9448e+02  -4.2427e+02
   5.1638e+02  -1.0105e+03  -4.3335e+02
   4.9646e+02  -1.0245e+03  -4.4034e+02
   4.7467e+02  -1.0359e+03  -4.4521e+02
   4.5162e+02  -1.0444e+03  -4.4793e+02
   4.2799e+02  -1.0498e+03  -4.4851e+02
   4.0448e+02  -1.0520e+03  -4.4692e+02
   3.8178e+02  -1.0511e+03  -4.4318e+02
   3.6055e+02  -1.0475e+03  -4.3731e+02
   3.4134e+02  -1.0415e+03  -4.2933e+02
   3.2463e+02  -1.0337e+03  -4.1929e+02
   3.1074e+02  -1.0248e+03  -4.0722e+02
   2.9983e+02  -1.0152e+03  -3.9320e+02
   2.9193e+02  -1.0059e+03  -3.7729e+02
   2.8689e+02  -9.9744e+02  -3.5955e+02
   2.8442e+02  -9.9048e+02  -3.4009e+02
   2.8406e+02  -9.8558e+02  -3.1899e+02
   2.8528e+02  -9.8316e+02  -2.9636e+02
   2.8743e+02  -9.8353e+02  -2.7230e+02
   2.8984e+02  -9.8684e+02  -2.4693e+02
   2.9179e+02  -9.9306e+02  -2.2036e+02
   2.9262e+02  -1.0020e+03  -1.9274e+02
   2.9169e+02  -1.0134e+03  -1.6419e+02
   2.8849e+02  -1.0267e+03  -1.3485e+02
   2.8259e+02  -1.0414e+03  -1.0487e+02
   2.7372e+02  -1.0569e+03  -7.4372e+01
   2.6178e+02  -1.0723e+03  -4.3521e+01
   2.4681e+02  -1.0872e+03  -1.2460e+01
   2.2901e+02  -1.1006e+03   1.8661e+01
   2.0873e+02  -1.1122e+03   4.9692e+01
   1.8647e+02  -1.1213e+03   8.0484e+01
   1.6280e+02  -1.1275e+03   1.1089e+02
   1.3839e+02  -1.1307e+03   1.4076e+02
   1.1393e+02  -1.1307e+03   1.6995e+02
   9.0127e+01  -1.1275e+03   1.9833e+02
   6.7645e+01  -1.1216e+03   2.2575e+02
   4.7077e+01  -1.1131e+03   2.5208e+02
   2.8918e+01  -1.1026e+03   2.7720e+02
   1.3531e+01  -1.0907e+03   3.0099e+02
   1.1344e+00  -1.0781e+03   3.2333e+02
  -8.2110e+00  -1.0655e+03   3.4411e+02
  -1.4607e+01  -1.0536e+03   3.6323e+02
  -1.8312e+01  -1.0430e+03   3.8061e+02
  -1.9726e+01  -1.0343e+03   3.9615e+02
  -1.9369e+01  -1.0280e+03   4.0979e+02
  -1.7857e+01  -1.0243e+03   4.2145e+02
  -1.5865e+01  -1.0236e+03   4.3109e+02
  -1.4094e+01  -1.0259e+03   4.3865e+02
  -1.3234e+01  -1.0309e+03   4.4410e+02
  -1.3925e+01  -1.0384e+03   4.4741e+02
  -1.6727e+01  -1.0481e+03   4.4856e+02
  -2.2086e+01  -1.0592e+03   4.4756e+02
  -3.0315e+01  -1.0713e+03   4.4441e+02
  -4.1572e+01  -1.0837e+03   4.3911e+02
  -5.5856e+01  -1.0955e+03   4.3170e+02
  -7.3007e+01  -1.1062e+03   4.2221e+02
  -9.2711e+01  -1.1152e+03   4.1069e+02
  -1.1452e+02  -1.1218e+03   3.9720e+02
  -1.3787e+02  -1.1256e+03   3.8179e+02
  -1.6212e+02  -1.1265e+03   3.6454e+02
  -1.8658e+02  -1.1241e+03   3.4554e+02
  -2.1055e+02  -1.1186e+03   3.2488e+02
  -2.3334e+02  -1.1102e+03   3.0265e+02
  -2.5435e+02  -1.0992e+03   2.7896e+02
  -2.7303e+02  -1.0860e+03   2.5394e+02
  -2.8900e+02  -1.0712e+03   2.2768e+02
  -3.0199e+02  -1.0556e+03   2.0034e+02
  -3.1190e+02  -1.0397e+03   1.7203e+02
  -3.1878e+02  -1.0243e+03   1.4289e+02
  -3.2285e+02  -1.0101e+03   1.1306e+02
  -3.2447e+02  -9.9761e+02   8.2691e+01
  -3.2412e+02  -9.8739e+02   5.1922e+01

