   9.4861e+01  -5.5041e+01  -2.7824e+02
   6.5064e+01  -5.8864e+01  -2.8792e+02
   3.4503e+01  -5.5653e+01  -2.9622e+02
   4.7975e+00  -4.5219e+01  -3.0309e+02
  -2.2384e+01  -2.7741e+01  -3.0851e+02
  -4.5410e+01  -3.7846e+00  -3.1243e+02
  -6.2778e+01   2.5707e+01  -3.1486e+02
  -7.3196e+01   5.9442e+01  -3.1576e+02
  -7.5668e+01   9.5829e+01  -3.1515e+02
  -6.9560e+01   1.3304e+02  -3.1302e+02
  -5.4660e+01   1.6910e+02  -3.0938e+02
  -3.1209e+01   2.0199e+02  -3.0425e+02
   8.4798e-02   2.2971e+02  -2.9765e+02
   3.8053e+01   2.5045e+02  -2.8963e+02
   8.1107e+01   2.6265e+02  -2.8020e+02
   1.2729e+02   2.6511e+02  -2.6943e+02
   1.7438e+02   2.5710e+02  -2.5736e+02
   2.1996e+02   2.3836e+02  -2.4406e+02
   2.6155e+02   2.0923e+02  -2.2957e+02
   2.9676e+02   1.7058e+02  -2.1398e+02
   3.2338e+02   1.2387e+02  -1.9736e+02
   3.3953e+02   7.1042e+01  -1.7979e+02
   3.4378e+02   1.4499e+01  -1.6136e+02
   3.3525e+02  -4.3031e+01  -1.4214e+02
   3.1366e+02  -9.8610e+01  -1.2225e+02
   2.7945e+02  -1.4923e+02  -1.0176e+02
   2.3373e+02  -1.9197e+02  -8.0784e+01
   1.7827e+02  -2.2417e+02  -5.9419e+01
   1.1550e+02  -2.4355e+02  -3.7767e+01
   4.8333e+01  -2.4840e+02  -1.5934e+01
  -1.9884e+01  -2.3768e+02   5.9760e+00
  -8.5568e+01  -2.1110e+02   2.7857e+01
  -1.4506e+02  -1.6922e+02   4.9604e+01
  -1.9481e+02  -1.1342e+02   7.1112e+01
  -2.3160e+02  -4.5920e+01   9.2278e+01
  -2.5270e+02   3.0333e+01   1.1300e+02
  -2.5604e+02   1.1174e+02   1.3318e+02
  -2.4040e+02   1.9422e+02   1.5271e+02
  -2.0548e+02   2.7340e+02   1.7151e+02
  -1.5198e+02   3.4483e+02   1.8949e+02
  -8.1657e+01   4.0421e+02   2.0655e+02
   2.7700e+00   4.4763e+02   2.2262e+02
   9.7658e+01   4.7180e+02   2.3761e+02
   1.9860e+02   4.7425e+02   2.5146e+02
   3.0061e+02   4.5355e+02   2.6410e+02
   3.9836e+02   4.0937e+02   2.7547e+02
   4.8644e+02   3.4265e+02   2.8551e+02
   5.5962e+02   2.5554e+02   2.9418e+02
   6.1317e+02   1.5143e+02   3.0143e+02
   6.4313e+02   3.4784e+01   3.0723e+02
   6.4655e+02  -8.8988e+01   3.1155e+02
   6.2173e+02  -2.1380e+02   3.1437e+02
   5.6836e+02  -3.3315e+02   3.1567e+02
   4.8761e+02  -4.4045e+02   3.1546e+02
   3.8220e+02  -5.2937e+02   3.1372e+02
   2.5631e+02  -5.9418e+02   3.1048e+02
   1.1542e+02  -6.3011e+02   3.0574e+02
  -3.3835e+01  -6.3363e+02   2.9952e+02
  -1.8402e+02  -6.0275e+02   2.9187e+02
  -3.2722e+02  -5.3715e+02   2.8281e+02
  -4.5540e+02  -4.3836e+02   2.7239e+02
  -5.6090e+02  -3.0977e+02   2.6065e+02
  -6.3679e+02  -1.5652e+02   2.4766e+02
  -6.7731e+02   1.4622e+01   2.3348e+02
  -6.7825e+02   1.9556e+02   2.1818e+02
  -6.3726e+02   3.7719e+02   2.0182e+02
  -5.5407e+02   5.4986e+02   1.8449e+02
  -4.3064e+02   7.0383e+02   1.6627e+02
  -2.7117e+02   8.2977e+02   1.4725e+02
  -8.2036e+01   9.1931e+02   1.2753e+02
   1.2846e+02   9.6553e+02   1.0719e+02
   3.5040e+02   9.6338e+02   8.6329e+01
   5.7267e+02   9.1012e+02   6.5056e+01
   7.8348e+02   8.0553e+02   4.3469e+01
   9.7101e+02   6.5212e+02   2.1674e+01
   1.1239e+03   4.5513e+02  -2.2646e-01
   1.2321e+03   2.2241e+02  -2.2125e+01
   1.2873e+03  -3.5818e+01  -4.3918e+01
   1.2833e+03  -3.0741e+02  -6.5499e+01
   1.2171e+03  -5.7879e+02  -8.6764e+01
   1.0884e+03  -8.3562e+02  -1.0761e+02
   9.0051e+02  -1.0635e+03  -1.2794e+02
   6.5993e+02  -1.2487e+03  -1.4765e+02
   3.7635e+02  -1.3789e+03  -1.6666e+02
   6.2319e+01  -1.4442e+03  -1.8486e+02
  -2.6729e+02  -1.4374e+03  -2.0217e+02
  -5.9589e+02  -1.3546e+03  -2.1850e+02
  -9.0601e+02  -1.1960e+03  -2.3379e+02
  -1.1801e+03  -9.6564e+02  -2.4794e+02
  -1.4016e+03  -6.7158e+02  -2.6091e+02
  -1.5556e+03  -3.2580e+02  -2.7262e+02
  -1.6302e+03   5.6279e+01  -2.8301e+02
  -1.6166e+03   4.5644e+02  -2.9204e+02
  -1.5107e+03   8.5445e+02  -2.9967e+02
  -1.3125e+03   1.2290e+03  -3.0585e+02
  -1.0273e+03   1.5588e+03  -3.1056e+02
  -6.6511e+02   1.8236e+03  -3.1377e+02
  -2.4080e+02   2.0057e+03  -3.1548e+02
   2.2677e+02   2.0904e+03  -3.1566e+02
   7.1528e+02   2.0676e+03  -3.1432e+02
   1.2000e+03   1.9321e+03  -3.1147e+02
   1.6550e+03   1.6846e+03  -3.0712e+02
   2.0544e+03   1.3315e+03  -3.0130e+02
   2.3738e+03   8.8551e+02  -2.9402e+02
   2.5914e+03   3.6476e+02  -2.8532e+02
   2.6899e+03  -2.0753e+02  -2.7525e+02
   2.6571e+03  -8.0404e+02  -2.6385e+02
   2.4871e+03  -1.3946e+03  -2.5119e+02
   2.1808e+03  -1.9475e+03  -2.3731e+02
   1.7467e+03  -2.4314e+03  -2.2230e+02
   1.2003e+03  -2.8167e+03  -2.0621e+02
   5.6395e+02  -3.0771e+03  -1.8912e+02
  -1.3371e+02  -3.1918e+03  -1.7113e+02
  -8.5929e+02  -3.1461e+03  -1.5232e+02
  -1.5760e+03  -2.9333e+03  -1.3277e+02
  -2.2452e+03  -2.5550e+03  -1.1258e+02
  -2.8287e+03  -2.0218e+03  -9.1845e+01
  -3.2907e+03  -1.3529e+03  -7.0671e+01
  -3.5995e+03  -5.7600e+02  -4.9157e+01
  -3.7299e+03   2.7385e+02  -2.7406e+01
  -3.6647e+03   1.1558e+03  -5.5231e+00
  -3.3960e+03   2.0248e+03   1.6386e+01
  -2.9262e+03   2.8339e+03   3.8217e+01
  -2.2686e+03   3.5368e+03   5.9863e+01
  -1.4472e+03   4.0898e+03   8.1222e+01
  -4.9620e+02   4.4550e+03   1.0219e+02
   5.4155e+02   4.6018e+03   1.2266e+02
   1.6160e+03   4.5099e+03   1.4255e+02
   2.6722e+03   4.1701e+03   1.6175e+02
   3.6530e+03   3.5861e+03   1.8016e+02
   4.5019e+03   2.7745e+03   1.9772e+02
   5.1663e+03   1.7652e+03   2.1432e+02
   5.6002e+03   6.0023e+02   2.2988e+02
   5.7670e+03  -6.6780e+02   2.4434e+02
   5.6423e+03  -1.9776e+03   2.5763e+02
   5.2159e+03  -3.2622e+03   2.6967e+02
   4.4928e+03  -4.4519e+03   2.8041e+02
   3.4940e+03  -5.4782e+03   2.8981e+02
   2.2564e+03  -6.2773e+03   2.9781e+02
   8.3198e+02  -6.7934e+03   3.0437e+02
  -7.1478e+02  -6.9830e+03   3.0947e+02
  -2.3089e+03  -6.8169e+03   3.1308e+02
  -3.8686e+03  -6.2834e+03   3.1518e+02
  -5.3091e+03  -5.3895e+03   3.1576e+02
  -6.5472e+03  -4.1618e+03   3.1482e+02
  -7.5055e+03  -2.6459e+03   3.1237e+02
  -8.1168e+03  -9.0568e+02   3.0841e+02
  -8.3287e+03   9.7955e+02   3.0297e+02
  -8.1066e+03   2.9182e+03   2.9606e+02
  -7.4374e+03   4.8103e+03   2.8774e+02
  -6.3304e+03   6.5529e+03   2.7802e+02
  -4.8191e+03   8.0448e+03   2.6697e+02
  -2.9602e+03   9.1921e+03   2.5463e+02
  -8.3212e+02   9.9140e+03   2.4107e+02
   1.4677e+03   1.0147e+04   2.2634e+02
   3.8273e+03   9.8513e+03   2.1053e+02
   6.1248e+03   9.0109e+03   1.9370e+02
   8.2347e+03   7.6390e+03   1.7594e+02
   1.0034e+04   5.7775e+03   1.5733e+02
   1.1410e+04   3.4966e+03   1.3796e+02
   1.2263e+04   8.9300e+02   1.1793e+02
   1.2519e+04  -1.9140e+03   9.7331e+01
   1.2130e+04  -4.7873e+03   7.6263e+01
   1.1078e+04  -7.5784e+03   5.4828e+01
   9.3804e+03  -1.0134e+04   3.3129e+01
   7.0900e+03  -1.2306e+04   1.1271e+01
   4.2939e+03  -1.3956e+04  -1.0642e+01
   1.1108e+03  -1.4966e+04  -3.2503e+01
  -2.3128e+03  -1.5246e+04  -5.4208e+01
  -5.8093e+03  -1.4738e+04  -7.5652e+01
  -9.1976e+03  -1.3424e+04  -9.6732e+01
  -1.2292e+04  -1.1326e+04  -1.1735e+02
  -1.4910e+04  -8.5107e+03  -1.3739e+02
  -1.6887e+04  -5.0853e+03  -1.5678e+02
  -1.8079e+04  -1.1962e+03  -1.7541e+02
  -1.8378e+04   2.9771e+03  -1.9320e+02
  -1.7717e+04   7.2297e+03  -2.1006e+02
  -1.6075e+04   1.1340e+04  -2.2590e+02
  -1.3481e+04   1.5083e+04  -2.4066e+02
  -1.0019e+04   1.8238e+04  -2.5426e+02
  -5.8216e+03   2.0602e+04  -2.6663e+02
  -1.0686e+03   2.2006e+04  -2.7772e+02
   4.0198e+03   2.2318e+04  -2.8748e+02
   9.1930e+03   2.1459e+04  -2.9584e+02
   1.4182e+04   1.9406e+04  -3.0279e+02
   1.8710e+04   1.6198e+04  -3.0827e+02
   2.2511e+04   1.1940e+04  -3.1227e+02
   2.5341e+04   6.7942e+03  -3.1477e+02
   2.6993e+04   9.8385e+02  -3.1575e+02
   2.7310e+04  -5.2219e+03  -3.1521e+02
   2.6200e+04  -1.1517e+04  -3.1316e+02
   2.3637e+04  -1.7572e+04  -3.0959e+02
   1.9672e+04  -2.3052e+04  -3.0454e+02
   1.4436e+04  -2.7633e+04  -2.9801e+02
   8.1313e+03  -3.1020e+04  -2.9006e+02
   1.0306e+03  -3.2964e+04  -2.8070e+02
  -6.5355e+03  -3.3277e+04  -2.7000e+02
  -1.4193e+04  -3.1849e+04  -2.5799e+02
  -2.1540e+04  -2.8654e+04  -2.4474e+02
  -2.8171e+04  -2.3758e+04  -2.3031e+02
  -3.3690e+04  -1.7323e+04  -2.1478e+02
  -3.7741e+04  -9.6013e+03  -1.9821e+02
  -4.0023e+04  -9.2706e+02  -1.8068e+02
  -4.0313e+04   8.2945e+03  -1.6229e+02
  -3.8480e+04   1.7606e+04  -1.4311e+02
  -3.4498e+04   2.6518e+04  -1.2324e+02
  -2.8453e+04   3.4536e+04  -1.0278e+02
  -2.0545e+04   4.1181e+04  -8.1830e+01
  -1.1088e+04   4.6021e+04  -6.0481e+01
  -4.9123e+02   4.8695e+04  -3.8842e+01
   1.0748e+04   4.8934e+04  -1.7015e+01
   2.2071e+04   4.6586e+04   4.8938e+00
   3.2881e+04   4.1623e+04   2.6779e+01
   4.2575e+04   3.4158e+04   4.8535e+01
   5.0575e+04   2.4440e+04   7.0057e+01
   5.6356e+04   1.2855e+04   9.1242e+01
   5.9484e+04  -9.0569e+01   1.1199e+02
   5.9638e+04  -1.3790e+04   1.3219e+02
   5.6637e+04  -2.7559e+04   1.5176e+02
   5.0457e+04  -4.0672e+04   1.7060e+02
   4.1241e+04  -5.2396e+04   1.8862e+02
   2.9302e+04  -6.2026e+04   2.0573e+02
   1.5114e+04  -6.8931e+04   2.2185e+02
  -6.9973e+02  -7.2585e+04   2.3690e+02
  -1.7395e+04  -7.2607e+04   2.5081e+02
  -3.4138e+04  -6.8784e+04   2.6351e+02
  -5.0042e+04  -6.1095e+04   2.7494e+02
  -6.4215e+04  -4.9724e+04   2.8505e+02
  -7.5805e+04  -3.5060e+04   2.9379e+02
  -8.4047e+04  -1.7689e+04   3.0111e+02
  -8.8309e+04   1.6230e+03   3.0698e+02
  -8.8133e+04   2.1965e+04   3.1137e+02
  -8.3271e+04   4.2318e+04   3.1426e+02
  -7.3709e+04   6.1602e+04   3.1564e+02
  -5.9682e+04   7.8732e+04   3.1550e+02
  -4.1674e+04   9.2675e+04   3.1384e+02
  -2.0409e+04   1.0250e+05   3.1067e+02
   3.1739e+03   1.0746e+05   3.0601e+02
   2.7957e+04   1.0700e+05   2.9987e+02
   5.2697e+04   1.0082e+05   2.9228e+02
   7.6076e+04   8.8936e+04   2.8329e+02
   9.6777e+04   7.1633e+04   2.7293e+02
   1.1354e+05   4.9519e+04   2.6126e+02
   1.2526e+05   2.3486e+04   2.4833e+02
   1.3101e+05  -5.3105e+03   2.3421e+02
   1.3014e+05  -3.5505e+04   2.1896e+02
   1.2232e+05  -6.5575e+04   2.0265e+02
   1.0755e+05  -9.3919e+04   1.8537e+02
   8.6209e+04  -1.1893e+05   1.6719e+02
   5.9056e+04  -1.3910e+05   1.4821e+02
   2.7192e+04  -1.5306e+05   1.2852e+02
  -7.9690e+03  -1.5971e+05   1.0820e+02
  -4.4751e+04  -1.5829e+05   8.7369e+01
  -8.1298e+04  -1.4838e+05   6.6114e+01
  -1.1566e+05  -1.3004e+05   4.4541e+01
  -1.4588e+05  -1.0374e+05   2.2753e+01
  -1.7012e+05  -7.0408e+04   8.5588e-01
  -1.8674e+05  -3.1412e+04  -2.1046e+01
  -1.9442e+05   1.1511e+04  -4.2846e+01
  -1.9224e+05   5.6312e+04  -6.4440e+01
  -1.7973e+05   1.0072e+05  -8.5723e+01
  -1.5696e+05   1.4236e+05  -1.0659e+02
  -1.2454e+05   1.7887e+05  -1.2695e+02
  -8.3636e+04   2.0799e+05  -1.4670e+02
  -3.5918e+04   2.2777e+05  -1.6574e+02
   1.6476e+04   2.3661e+05  -1.8398e+02
   7.1038e+04   2.3340e+05  -2.0133e+02
   1.2500e+05   2.1762e+05  -2.1772e+02
   1.7546e+05   1.8936e+05  -2.3306e+02
   2.1954e+05   1.4942e+05  -2.4727e+02
   2.5453e+05   9.9216e+04  -2.6030e+02
   2.7804e+05   4.0830e+04  -2.7207e+02
   2.8817e+05  -2.3120e+04  -2.8253e+02
   2.8360e+05  -8.9565e+04  -2.9163e+02
   2.6370e+05  -1.5512e+05  -2.9932e+02
   2.2866e+05  -2.1626e+05  -3.0558e+02
   1.7945e+05  -2.6949e+05  -3.1036e+02
   1.1785e+05  -3.1151e+05  -3.1365e+02
   4.6416e+04  -3.3946e+05  -3.1543e+02
  -3.1632e+04  -3.5102e+05  -3.1569e+02
  -1.1254e+05  -3.4463e+05  -3.1443e+02
  -1.9218e+05  -3.1959e+05  -3.1165e+02
  -2.6626e+05  -2.7615e+05  -3.0737e+02
  -3.3051e+05  -2.1553e+05  -3.0162e+02
  -3.8097e+05  -1.3996e+05  -2.9441e+02
  -4.1415e+05  -5.2583e+04  -2.8578e+02
  -4.2728e+05   4.2659e+04  -2.7578e+02
  -4.1852e+05   1.4117e+05  -2.6445e+02
  -3.8704e+05   2.3790e+05  -2.5184e+02
  -3.3320e+05   3.2763e+05  -2.3803e+02
  -2.5856e+05   4.0519e+05  -2.2306e+02
  -1.6586e+05   4.6575e+05  -2.0703e+02
  -5.8989e+04   5.0511e+05  -1.8999e+02
   5.7222e+04   5.1996e+05  -1.7204e+02
   1.7715e+05   5.0807e+05  -1.5326e+02
   2.9463e+05   4.6853e+05  -1.3375e+02
   4.0331e+05   4.0184e+05  -1.1359e+02
   4.9690e+05   3.0994e+05  -9.2880e+01
   5.6956e+05   1.9625e+05  -7.1725e+01
   6.1622e+05   6.5546e+04  -5.0226e+01
   6.3289e+05  -7.6238e+04  -2.8484e+01
   6.1694e+05  -2.2222e+05  -6.6053e+00
   5.6733e+05  -3.6490e+05   1.5305e+01
   4.8473e+05  -4.9651e+05   3.7142e+01
   3.7161e+05  -6.0942e+05   5.8800e+01
   2.3220e+05  -6.9657e+05   8.0175e+01
   7.2360e+04  -7.5183e+05   1.0116e+02
  -1.0061e+05  -7.7041e+05   1.2167e+02
  -2.7829e+05  -7.4920e+05   1.4158e+02
  -4.5154e+05  -6.8701e+05   1.6082e+02
  -6.1090e+05  -5.8476e+05   1.7927e+02
  -7.4711e+05  -4.4554e+05   1.9687e+02
  -8.5161e+05  -2.7461e+05   2.1352e+02
  -9.1699e+05  -7.9171e+04   2.2914e+02
  -9.3752e+05   1.3182e+05   2.4366e+02
  -9.0951e+05   3.4807e+05   2.5700e+02
  -8.3162e+05   5.5841e+05   2.6910e+02
  -7.0509e+05   7.5134e+05   2.7991e+02
  -5.3380e+05   9.1562e+05   2.8938e+02
  -3.2424e+05   1.0409e+06   2.9744e+02
  -8.5302e+04   1.1181e+06   3.0408e+02
   1.7204e+05   1.1406e+06   3.0925e+02
   4.3519e+05   1.1038e+06   3.1293e+02
   6.9054e+05   1.0063e+06   3.1511e+02
   9.2409e+05   8.4981e+05   3.1577e+02
   1.1222e+06   6.3909e+05   3.1490e+02
   1.2722e+06   3.8222e+05   3.1252e+02
   1.3635e+06   9.0133e+04   3.0864e+02
   1.3877e+06  -2.2370e+05   3.0327e+02
   1.3397e+06  -5.4391e+05   2.9644e+02
   1.2178e+06  -8.5387e+05   2.8818e+02
   1.0242e+06  -1.1365e+06   2.7853e+02
   7.6501e+05  -1.3753e+06   2.6755e+02
   4.5017e+05  -1.5550e+06   2.5527e+02
   9.3155e+04  -1.6626e+06   2.4176e+02
  -2.8955e+05  -1.6883e+06   2.2710e+02
  -6.7914e+05  -1.6259e+06   2.1133e+02
  -1.0553e+06  -1.4736e+06   1.9455e+02
  -1.3974e+06  -1.2343e+06   1.7683e+02
  -1.6852e+06  -9.1554e+05   1.5826e+02
  -1.9003e+06  -5.2973e+05   1.3893e+02
  -2.0271e+06  -9.3391e+04   1.1893e+02
  -2.0537e+06   3.7325e+05   9.8360e+01
  -1.9729e+06   8.4720e+05   7.7313e+01
  -1.7828e+06   1.3037e+06   5.5894e+01
  -1.4870e+06   1.7176e+06   3.4205e+01
  -1.0951e+06   2.0644e+06   1.2352e+01
  -6.2236e+05   2.3218e+06  -9.5600e+00
  -8.9137e+04   2.4710e+06  -3.1426e+01
   4.7979e+05   2.4978e+06  -5.3142e+01
   1.0563e+06   2.3935e+06  -7.4601e+01
   1.6103e+06   2.1562e+06  -9.5701e+01
   2.1110e+06   1.7908e+06  -1.1634e+02
   2.5288e+06   1.3090e+06  -1.3642e+02
   2.8367e+06   7.2987e+05  -1.5584e+02
   3.0119e+06   7.8321e+04  -1.7451e+02
   3.0376e+06  -6.1524e+05  -1.9234e+02
   2.9035e+06  -1.3165e+06  -2.0925e+02
   2.6076e+06  -1.9886e+06  -2.2515e+02
   2.1562e+06  -2.5942e+06  -2.3996e+02
   1.5641e+06  -3.0974e+06  -2.5362e+02
   8.5465e+05  -3.4655e+06  -2.6605e+02
   5.8608e+04  -3.6711e+06  -2.7721e+02
  -7.8680e+05  -3.6939e+06  -2.8703e+02
  -1.6396e+06  -3.5220e+06  -2.9546e+02
  -2.4550e+06  -3.1533e+06  -3.0248e+02
  -3.1874e+06  -2.5958e+06  -3.0804e+02
  -3.7934e+06  -1.8682e+06  -3.1211e+02
  -4.2332e+06  -9.9926e+05  -3.1468e+02
  -4.4741e+06  -2.6776e+04  -3.1574e+02
  -4.4915e+06   1.0036e+06  -3.1528e+02
  -4.2717e+06   2.0407e+06  -3.1329e+02
  -3.8124e+06   3.0297e+06  -3.0980e+02
  -3.1242e+06   3.9154e+06  -3.0482e+02
  -2.2303e+06   4.6449e+06  -2.9837e+02
  -1.1661e+06   5.1702e+06  -2.9048e+02
   2.1838e+04   5.4518e+06  -2.8120e+02
   1.2776e+06   5.4605e+06  -2.7056e+02
   2.5385e+06   5.1800e+06  -2.5861e+02
   3.7380e+06   4.6084e+06  -2.4542e+02
   4.8089e+06   3.7590e+06  -2.3105e+02
   5.6868e+06   2.6608e+06  -2.1557e+02
   6.3140e+06   1.3577e+06  -1.9905e+02
   6.6427e+06  -9.3230e+04  -1.8157e+02
   6.6379e+06  -1.6235e+06  -1.6321e+02
   6.2808e+06  -3.1565e+06  -1.4407e+02
   5.5696e+06  -4.6111e+06  -1.2424e+02
   4.5215e+06  -5.9056e+06  -1.0381e+02
   3.1727e+06  -6.9620e+06  -8.2875e+01
   1.5772e+06  -7.7103e+06  -6.1543e+01
  -1.9475e+05  -8.0930e+06  -3.9915e+01
  -2.0593e+06  -8.0686e+06  -1.8096e+01
  -3.9229e+06  -7.6147e+06   3.8115e+00
  -5.6867e+06  -6.7304e+06   2.5700e+01
  -7.2512e+06  -5.4376e+06   4.7465e+01
  -8.5220e+06  -3.7811e+06   6.9002e+01
  -9.4144e+06  -1.8278e+06   9.0206e+01
  -9.8591e+06   3.3591e+05   1.1098e+02
  -9.8066e+06   2.6076e+06   1.3121e+02
  -9.2308e+06   4.8729e+06   1.5081e+02
  -8.1317e+06   7.0112e+06   1.6969e+02
  -6.5373e+06   8.9018e+06   1.8775e+02
  -4.5035e+06   1.0430e+07   2.0491e+02
  -2.1125e+06   1.1494e+07   2.2108e+02
   5.2942e+05   1.2009e+07   2.3618e+02
   3.2968e+06   1.1917e+07   2.5015e+02
   6.0500e+06   1.1188e+07   2.6291e+02
   8.6422e+06   9.8228e+06   2.7441e+02
   1.0926e+07   7.8570e+06   2.8458e+02
   1.2764e+07   5.3602e+06   2.9339e+02
   1.4030e+07   2.4338e+06   3.0078e+02
   1.4626e+07  -7.9166e+05   3.0672e+02
   1.4481e+07  -4.1626e+06   3.1119e+02
   1.3559e+07  -7.5085e+06   3.1416e+02
   1.1864e+07  -1.0650e+07   3.1561e+02
   9.4404e+06  -1.3410e+07   3.1555e+02
   6.3755e+06  -1.5618e+07   3.1396e+02
   2.7943e+06  -1.7126e+07   3.1086e+02
  -1.1432e+06  -1.7813e+07   3.0627e+02
  -5.2488e+06  -1.7594e+07   3.0020e+02
  -9.3146e+06  -1.6430e+07   2.9269e+02
  -1.3122e+07  -1.4326e+07   2.8377e+02
  -1.6455e+07  -1.1340e+07   2.7348e+02
  -1.9108e+07  -7.5781e+06   2.6187e+02
  -2.0902e+07  -3.1961e+06   2.4900e+02
  -2.1691e+07   1.6102e+06   2.3493e+02
  -2.1375e+07   6.6102e+06   2.1973e+02
  -1.9906e+07   1.1550e+07   2.0348e+02
  -1.7296e+07   1.6164e+07   1.8624e+02
  -1.3617e+07   2.0189e+07   1.6811e+02
  -9.0010e+06   2.3376e+07   1.4917e+02
  -3.6396e+06   2.5508e+07   1.2950e+02
   2.2264e+06   2.6411e+07   1.0922e+02
   8.3151e+06   2.5964e+07   8.8409e+01
   1.4316e+07   2.4115e+07   6.7172e+01
   1.9907e+07   2.0878e+07   4.5612e+01
   2.4766e+07   1.6346e+07   2.3833e+01
   2.8593e+07   1.0683e+07   1.9382e+00
   3.1126e+07   4.1237e+06  -1.9966e+01
   3.2154e+07  -3.0350e+06  -4.1773e+01
   3.1536e+07  -1.0449e+07  -6.3380e+01
   2.9209e+07  -1.7739e+07  -8.4681e+01
   2.5197e+07  -2.4511e+07  -1.0557e+02
   1.9615e+07  -3.0376e+07  -1.2596e+02
   1.2668e+07  -3.4971e+07  -1.4574e+02
   4.6449e+06  -3.7977e+07  -1.6481e+02
  -4.0906e+06  -3.9142e+07  -1.8310e+02
  -1.3116e+07  -3.8299e+07  -2.0050e+02
  -2.1971e+07  -3.5375e+07  -2.1693e+02
  -3.0174e+07  -3.0403e+07  -2.3233e+02
  -3.7253e+07  -2.3530e+07  -2.4660e+02
  -4.2767e+07  -1.5009e+07  -2.5968e+02
  -4.6331e+07  -5.1966e+06  -2.7152e+02
  -4.7645e+07   5.4617e+06  -2.8204e+02
  -4.6507e+07   1.6450e+07  -2.9121e+02
  -4.2836e+07   2.7203e+07  -2.9898e+02
  -3.6678e+07   3.7138e+07  -3.0530e+02
  -2.8217e+07   4.5680e+07  -3.1016e+02
  -1.7767e+07   5.2294e+07  -3.1352e+02
  -5.7670e+06   5.6518e+07  -3.1538e+02
   7.2361e+06   5.7989e+07  -3.1571e+02
   2.0611e+07   5.6469e+07  -3.1452e+02
   3.3669e+07   5.1864e+07  -3.1182e+02
   4.5700e+07   4.4240e+07  -3.0762e+02
   5.6005e+07   3.3825e+07  -3.0194e+02
   6.3937e+07   2.1011e+07  -2.9480e+02
   6.8937e+07   6.3378e+06  -2.8624e+02
   7.0571e+07  -9.5245e+06  -2.7630e+02
   6.8555e+07  -2.5803e+07  -2.6504e+02
   6.2785e+07  -4.1658e+07  -2.5249e+02
   5.3348e+07  -5.6224e+07  -2.3874e+02
   4.0533e+07  -6.8654e+07  -2.2383e+02
   2.4822e+07  -7.8163e+07  -2.0784e+02
   6.8815e+06  -8.4077e+07  -1.9085e+02
  -1.2466e+07  -8.5874e+07  -1.7295e+02
  -3.2277e+07  -8.3220e+07  -1.5421e+02
  -5.1526e+07  -7.5995e+07  -1.3473e+02
  -6.9160e+07  -6.4319e+07  -1.1460e+02
  -8.4149e+07  -4.8552e+07  -9.3914e+01
  -9.5544e+07  -2.9292e+07  -7.2779e+01
  -1.0253e+08  -7.3596e+06  -5.1294e+01
  -1.0449e+08   1.6238e+07  -2.9562e+01
  -1.0101e+08   4.0345e+07  -7.6873e+00
  -9.1972e+07   6.3712e+07   1.4224e+01
  -7.7529e+07   8.5056e+07   3.6067e+01
  -5.8134e+07   1.0313e+08   5.7737e+01
  -3.4527e+07   1.1678e+08   7.9128e+01
  -7.7172e+06   1.2502e+08   1.0014e+02
   2.1060e+07   1.2712e+08   1.2067e+02
   5.0392e+07   1.2259e+08   1.4061e+02
   7.8754e+07   1.1129e+08   1.5988e+02
   1.0459e+08   9.3431e+07   1.7838e+02
   1.2637e+08   6.9578e+07   1.9602e+02
   1.4271e+08   4.0647e+07   2.1272e+02
   1.5244e+08   7.8784e+06   2.2839e+02
   1.5464e+08  -2.7212e+07   2.4297e+02
   1.4876e+08  -6.2897e+07   2.5637e+02
   1.3465e+08  -9.7319e+07   2.6854e+02
   1.1257e+08  -1.2858e+08   2.7941e+02
   8.3239e+07  -1.5483e+08   2.8894e+02
   4.7787e+07  -1.7439e+08   2.9708e+02
   7.7404e+06  -1.8584e+08   3.0379e+02
  -3.5044e+07  -1.8809e+08   3.0903e+02
  -7.8455e+07  -1.8049e+08   3.1279e+02
  -1.2023e+08  -1.6288e+08   3.1504e+02
  -1.5804e+08  -1.3560e+08   3.1577e+02
  -1.8967e+08  -9.9538e+07   3.1498e+02
  -2.1308e+08  -5.6101e+07   3.1268e+02
  -2.2654e+08  -7.1648e+06   3.0887e+02
  -2.2876e+08   4.4995e+07   3.0357e+02
  -2.1897e+08   9.7799e+07   2.9681e+02
  -1.9700e+08   1.4848e+08   2.8862e+02
  -1.6330e+08   1.9423e+08   2.7904e+02
  -1.1897e+08   2.3233e+08   2.6812e+02
  -6.5761e+07   2.6032e+08   2.5591e+02
  -5.9673e+06   2.7612e+08   2.4246e+02
   5.7617e+07   2.7820e+08   2.2785e+02
   1.2184e+08   2.6563e+08   2.1214e+02
   1.8333e+08   2.3823e+08   1.9540e+02
   2.3866e+08   1.9661e+08   1.7773e+02
   2.8455e+08   1.4213e+08   1.5920e+02
   3.1800e+08   7.6954e+07   1.3990e+02
   3.3653e+08   3.9032e+06   1.1993e+02
   3.3828e+08  -7.3599e+07   9.9388e+01
   3.2218e+08  -1.5170e+08   7.8362e+01
   2.8805e+08  -2.2629e+08   5.6959e+01
   2.3666e+08  -2.9321e+08   3.5281e+01
   1.6972e+08  -3.4845e+08   1.3434e+01
   8.9889e+07  -3.8842e+08  -8.4781e+00
   6.5121e+05  -4.1011e+08  -3.0349e+01
  -9.3806e+07  -4.1129e+08  -5.2074e+01
  -1.8877e+08  -3.9072e+08  -7.3549e+01
  -2.7925e+08  -3.4823e+08  -9.4669e+01
  -3.6016e+08  -2.8479e+08  -1.1533e+02
  -4.2666e+08  -2.0255e+08  -1.3544e+02
  -4.7439e+08  -1.0479e+08  -1.5490e+02
  -4.9972e+08   4.2088e+06  -1.7361e+02
  -5.0001e+08   1.1932e+08  -1.9148e+02
  -4.7379e+08   2.3479e+08  -2.0844e+02
  -4.2091e+08   3.4451e+08  -2.2438e+02
  -3.4262e+08   4.4232e+08  -2.3925e+02
  -2.4161e+08   5.2235e+08  -2.5297e+02
  -1.2190e+08   5.7932e+08  -2.6547e+02
   1.1224e+07   6.0886e+08  -2.7669e+02
   1.5149e+08   6.0781e+08  -2.8657e+02
   2.9187e+08   5.7445e+08  -2.9508e+02
   4.2491e+08   5.0867e+08  -3.0217e+02
   5.4315e+08   4.1209e+08  -3.0780e+02
   6.3943e+08   2.8802e+08  -3.1195e+02
   7.0739e+08   1.4147e+08  -3.1459e+02
   7.4176e+08  -2.1102e+07  -3.1572e+02
   7.3877e+08  -1.9200e+08  -3.1534e+02
   6.9641e+08  -3.6265e+08  -3.1343e+02
   6.1463e+08  -5.2396e+08  -3.1001e+02
   4.9550e+08  -6.6685e+08  -3.0510e+02
   3.4316e+08  -7.8266e+08  -2.9872e+02
   1.6375e+08  -8.6367e+08  -2.9091e+02
  -3.4761e+07  -9.0357e+08  -2.8169e+02
  -2.4297e+08  -8.9784e+08  -2.7111e+02
  -4.5038e+08  -8.4414e+08  -2.5923e+02
  -6.4594e+08  -7.4254e+08  -2.4610e+02
  -8.1860e+08  -5.9563e+08  -2.3179e+02
  -9.5786e+08  -4.0859e+08  -2.1636e+02
  -1.0544e+09  -1.8900e+08  -1.9989e+02
  -1.1006e+09   5.3377e+07  -1.8245e+02
  -1.0911e+09   3.0700e+08  -1.6414e+02
  -1.0231e+09   5.5908e+08  -1.4504e+02
  -8.9690e+08   7.9614e+08  -1.2523e+02
  -7.1579e+08   1.0047e+09  -1.0483e+02
  -4.8618e+08   1.1721e+09  -8.3918e+01
  -2.1744e+08   1.2871e+09  -6.2604e+01
   7.8463e+07   1.3404e+09  -4.0989e+01
   3.8739e+08   1.3257e+09  -1.9176e+01
   6.9371e+08   1.2398e+09   2.7293e+00
   9.8103e+08   1.0832e+09   2.4621e+01
   1.2330e+09   8.5994e+08   4.6395e+01
   1.4342e+09   5.7812e+08   6.7945e+01
   1.5709e+09   2.4925e+08   8.9168e+01
   1.6323e+09  -1.1196e+08   1.0996e+02
   1.6106e+09  -4.8820e+08   1.3023e+02
   1.5023e+09  -8.6041e+08   1.4986e+02
   1.3079e+09  -1.2086e+09   1.6878e+02
   1.0328e+09  -1.5129e+09   1.8688e+02
   6.8694e+08  -1.7546e+09   2.0408e+02
   2.8454e+08  -1.9172e+09   2.2030e+02
  -1.5633e+08  -1.9876e+09   2.3546e+02
  -6.1452e+08  -1.9566e+09   2.4949e+02
  -1.0667e+09  -1.8200e+09   2.6231e+02
  -1.4886e+09  -1.5789e+09   2.7387e+02
  -1.8560e+09  -1.2400e+09   2.8411e+02
  -2.1463e+09  -8.1563e+08   2.9298e+02
  -2.3396e+09  -3.2333e+08   3.0045e+02
  -2.4200e+09   2.1473e+08   3.0646e+02
  -2.3766e+09   7.7266e+08   3.1100e+02
  -2.2046e+09   1.3220e+09   3.1404e+02
  -1.9057e+09   1.8331e+09   3.1557e+02
  -1.4883e+09   2.2767e+09   3.1558e+02
  -9.6766e+08   2.6252e+09   3.1407e+02
  -3.6544e+08   2.8547e+09   3.1105e+02
   2.9116e+08   2.9461e+09   3.0653e+02
   9.7047e+08   2.8865e+09   3.0054e+02
   1.6378e+09   2.6702e+09   2.9309e+02
   2.2569e+09   2.2997e+09   2.8424e+02
   2.7923e+09   1.7857e+09   2.7401e+02
   3.2106e+09   1.1471e+09   2.6247e+02
   3.4829e+09   4.1047e+08   2.4966e+02
   3.5863e+09  -3.9072e+08   2.3566e+02
   3.5053e+09  -1.2177e+09   2.2051e+02
   3.2337e+09  -2.0282e+09   2.0430e+02
   2.7747e+09  -2.7781e+09   1.8711e+02
   2.1418e+09  -3.4242e+09   1.6902e+02
   1.3585e+09  -3.9262e+09   1.5012e+02
   4.5767e+08  -4.2490e+09   1.3049e+02
  -5.1983e+08  -4.3651e+09   1.1023e+02
  -1.5265e+09  -4.2564e+09   8.9447e+01
  -2.5108e+09  -3.9155e+09   6.8229e+01
  -3.4189e+09  -3.3471e+09   4.6683e+01
  -4.1985e+09  -2.5680e+09   2.4912e+01
  -4.8006e+09  -1.6075e+09   3.0205e+00
  -5.1829e+09  -5.0584e+08  -1.8885e+01
  -5.3125e+09   6.8665e+08  -4.0700e+01
  -5.1678e+09   1.9120e+09  -6.2319e+01
  -4.7404e+09   3.1071e+09  -8.3638e+01
  -4.0367e+09   4.2068e+09  -1.0455e+02
  -3.0779e+09   5.1472e+09  -1.2497e+02
  -1.9002e+09   5.8691e+09  -1.4478e+02
  -5.5315e+08   6.3216e+09  -1.6389e+02
   9.0148e+08   6.4649e+09  -1.8221e+02
   2.3928e+09   6.2736e+09  -1.9966e+02
   3.8438e+09   5.7383e+09  -2.1615e+02
   5.1752e+09   4.8674e+09  -2.3159e+02
   6.3094e+09   3.6877e+09  -2.4592e+02
   7.1746e+09   2.2438e+09  -2.5907e+02
   7.7095e+09   5.9691e+08  -2.7096e+02
   7.8665e+09  -1.1773e+09  -2.8156e+02
   7.6151e+09  -2.9921e+09  -2.9079e+02
   6.9452e+09  -4.7537e+09  -2.9863e+02
   5.8678e+09  -6.3653e+09  -3.0503e+02
   4.4165e+09  -7.7329e+09  -3.0996e+02
   2.6465e+09  -8.7697e+09  -3.1339e+02
   6.3329e+08  -9.4013e+09  -3.1532e+02
  -1.5305e+09  -9.5709e+09  -3.1573e+02
  -3.7388e+09  -9.2425e+09  -3.1462e+02
  -5.8771e+09  -8.4047e+09  -3.1199e+02
  -7.8277e+09  -7.0722e+09  -3.0786e+02
  -9.4764e+09  -5.2871e+09  -3.0225e+02
  -1.0718e+10  -3.1178e+09  -2.9518e+02
  -1.1463e+10  -6.5700e+08  -2.8670e+02
  -1.1643e+10   1.9816e+09  -2.7683e+02
  -1.1216e+10   4.6685e+09  -2.6562e+02
  -1.0169e+10   7.2637e+09  -2.5314e+02
  -8.5220e+09   9.6243e+09  -2.3944e+02
  -6.3268e+09   1.1611e+10  -2.2459e+02
  -3.6683e+09   1.3098e+10  -2.0865e+02
  -6.6073e+08   1.3976e+10  -1.9172e+02
   2.5566e+09   1.4163e+10  -1.7385e+02
   5.8253e+09   1.3610e+10  -1.5515e+02
   8.9748e+09   1.2303e+10  -1.3570e+02
   1.1831e+10   1.0267e+10  -1.1560e+02
   1.4226e+10   7.5675e+09  -9.4947e+01
   1.6005e+10   4.3101e+09  -7.3832e+01
   1.7038e+10   6.3463e+08  -5.2362e+01
   1.7227e+10  -3.2880e+09  -3.0639e+01
   1.6513e+10  -7.2641e+09  -8.7693e+00
   1.4881e+10  -1.1086e+10   1.3143e+01
   1.2366e+10  -1.4541e+10   3.4992e+01
   9.0475e+09  -1.7426e+10   5.6672e+01
   5.0566e+09  -1.9554e+10   7.8080e+01
   5.6548e+08  -2.0768e+10   9.9111e+01
  -4.2166e+09  -2.0951e+10   1.1967e+02
  -9.0527e+09  -2.0032e+10   1.3964e+02
  -1.3690e+10  -1.7998e+10   1.5895e+02
  -1.7870e+10  -1.4890e+10   1.7749e+02
  -2.1344e+10  -1.0812e+10   1.9517e+02
  -2.3888e+10  -5.9229e+09   2.1192e+02
  -2.5313e+10  -4.3572e+08   2.2764e+02
  -2.5477e+10   5.3934e+09   2.4227e+02
  -2.4299e+10   1.1275e+10   2.5573e+02
  -2.1763e+10   1.6900e+10   2.6797e+02
  -1.7926e+10   2.1956e+10   2.7891e+02
  -1.2914e+10   2.6140e+10   2.8850e+02
  -6.9257e+09   2.9180e+10   2.9671e+02
  -2.2217e+08   3.0849e+10   3.0349e+02
   6.8826e+09   3.0978e+10   3.0881e+02
   1.4035e+10   2.9471e+10   3.1264e+02
   2.0858e+10   2.6312e+10   3.1496e+02
   2.6971e+10   2.1574e+10   3.1577e+02
   3.2009e+10   1.5417e+10   3.1506e+02
   3.5640e+10   8.0830e+09   3.1283e+02
   3.7592e+10  -1.0556e+08   3.0909e+02
   3.7662e+10  -8.7643e+09   3.0387e+02
   3.5739e+10  -1.7461e+10   2.9718e+02
   3.1807e+10  -2.5737e+10   2.8906e+02
   2.5959e+10  -3.3128e+10   2.7955e+02
   1.8395e+10  -3.9190e+10   2.6869e+02
   9.4144e+09  -4.3526e+10   2.5654e+02
  -5.8714e+08  -4.5804e+10   2.4315e+02
  -1.1139e+10  -4.5785e+10   2.2859e+02
  -2.1712e+10  -4.3335e+10   2.1294e+02
  -3.1748e+10  -3.8443e+10   1.9625e+02
  -4.0683e+10  -3.1227e+10   1.7862e+02
  -4.7978e+10  -2.1936e+10   1.6013e+02
  -5.3151e+10  -1.0941e+10   1.4087e+02
  -5.5805e+10   1.2741e+09   1.2094e+02
  -5.5653e+10   1.4131e+10   1.0041e+02
  -5.2538e+10   2.6985e+10   7.9410e+01
  -4.6455e+10   3.9154e+10   5.8023e+01
  -3.7554e+10   4.9953e+10   3.6357e+01
  -2.6144e+10   5.8728e+10   1.4515e+01
  -1.2683e+10   6.4898e+10  -7.3961e+00
   2.2332e+09   6.7983e+10  -2.9272e+01
   1.7897e+10   6.7640e+10  -5.1007e+01
   3.3522e+10   6.3688e+10  -7.2496e+01
   4.8276e+10   5.6128e+10  -9.3636e+01
   6.1325e+10   4.5150e+10  -1.1432e+02
   7.1879e+10   3.1139e+10  -1.3446e+02
   7.9233e+10   1.4662e+10  -1.5395e+02
   8.2810e+10  -3.5503e+09  -1.7270e+02
   8.2201e+10  -2.2633e+10  -1.9062e+02
   7.7195e+10  -4.1623e+10  -2.0762e+02
   6.7803e+10  -5.9508e+10  -2.2362e+02
   5.4268e+10  -7.5275e+10  -2.3855e+02
   3.7067e+10  -8.7964e+10  -2.5232e+02
   1.6899e+10  -9.6724e+10  -2.6488e+02
  -5.3361e+09  -1.0086e+11  -2.7616e+02
  -2.8581e+10  -9.9885e+10  -2.8612e+02
  -5.1659e+10  -9.3555e+10  -2.9469e+02
  -7.3338e+10  -8.1892e+10  -3.0185e+02
  -9.2385e+10  -6.5207e+10  -3.0755e+02
  -1.0764e+11  -4.4093e+10  -3.1178e+02
  -1.1806e+11  -1.9412e+10  -3.1450e+02
  -1.2283e+11   7.7323e+09  -3.1570e+02
  -1.2136e+11   3.6044e+10  -3.1539e+02
  -1.1337e+11   6.4087e+10  -3.1356e+02
  -9.8891e+10   9.0360e+10  -3.1022e+02
  -7.8328e+10   1.1337e+11  -3.0538e+02
  -5.2414e+10   1.3169e+11  -2.9907e+02
  -2.2214e+10   1.4410e+11  -2.9132e+02
   1.0920e+10   1.4958e+11  -2.8217e+02
   4.5399e+10   1.4744e+11  -2.7167e+02
   7.9473e+10   1.3735e+11  -2.5985e+02
   1.1131e+11   1.1940e+11  -2.4678e+02
   1.3909e+11   9.4059e+10  -2.3252e+02
   1.6111e+11   6.2260e+10  -2.1715e+02
   1.7585e+11   2.5310e+10  -2.0072e+02
   1.8213e+11  -1.5130e+10  -1.8333e+02
   1.7910e+11  -5.7117e+10  -1.6506e+02
   1.6640e+11  -9.8513e+10  -1.4600e+02
   1.4413e+11  -1.3709e+11  -1.2623e+02
   1.1291e+11  -1.7063e+11  -1.0585e+02
   7.3898e+10  -1.9707e+11  -8.4961e+01
   2.8695e+10  -2.1458e+11  -6.3665e+01
  -2.0658e+10  -2.2174e+11  -4.2062e+01
  -7.1782e+10  -2.1754e+11  -2.0256e+01
  -1.2207e+11  -2.0155e+11   1.6469e+00
  -1.6880e+11  -1.7394e+11   2.3542e+01
  -2.0929e+11  -1.3550e+11   4.5324e+01
  -2.4103e+11  -8.7641e+10   6.6888e+01
  -2.6182e+11  -3.2347e+10   8.8129e+01
  -2.6993e+11   2.7876e+10   1.0895e+02
  -2.6419e+11   9.0119e+10   1.2924e+02
  -2.4410e+11   1.5120e+11   1.4891e+02
  -2.0989e+11   2.0780e+11   1.6786e+02
  -1.6256e+11   2.5667e+11   1.8601e+02
  -1.0385e+11   2.9476e+11   2.0326e+02
  -3.6221e+10   3.1942e+11   2.1953e+02
   3.7259e+10   3.2857e+11   2.3474e+02
   1.1303e+11   3.2082e+11   2.4882e+02
   1.8721e+11   2.9559e+11   2.6171e+02
   2.5577e+11   2.5322e+11   2.7333e+02
   3.1473e+11   1.9495e+11   2.8364e+02
   3.6043e+11   1.2295e+11   2.9258e+02
   3.8966e+11   4.0239e+10   3.0011e+02
   3.9991e+11  -4.9408e+10   3.0620e+02
   3.8954e+11  -1.4164e+11   3.1081e+02
   3.5789e+11  -2.3172e+11   3.1393e+02
   3.0543e+11  -3.1474e+11   3.1553e+02
   2.3370e+11  -3.8588e+11   3.1562e+02
   1.4541e+11  -4.4068e+11   3.1418e+02
   4.4279e+10  -4.7529e+11   3.1124e+02
  -6.5081e+10  -4.8668e+11   3.0679e+02
  -1.7734e+11  -4.7292e+11   3.0087e+02
  -2.8672e+11  -4.3327e+11   2.9349e+02
  -3.8723e+11  -3.6832e+11   2.8471e+02
  -4.7304e+11  -2.8006e+11   2.7455e+02
  -5.3874e+11  -1.7181e+11   2.6307e+02
  -5.7968e+11  -4.8156e+10   2.5033e+02
  -5.9223e+11   8.5238e+10   2.3637e+02
  -5.7409e+11   2.2186e+11   2.2128e+02
  -5.2444e+11   3.5465e+11   2.0513e+02
  -4.4408e+11   4.7634e+11   1.8799e+02
  -3.3548e+11   5.7982e+11   1.6994e+02
  -2.0278e+11   6.5855e+11   1.5107e+02
  -5.1608e+10   7.0692e+11   1.3148e+02
   1.1109e+11   7.2059e+11   1.1125e+02
   2.7734e+11   6.9682e+11   9.0485e+01
   4.3853e+11   6.3470e+11   6.9286e+01
   5.8583e+11   5.3529e+11   4.7753e+01
   7.1060e+11   4.0171e+11   2.5991e+01
   8.0492e+11   2.3905e+11   4.1028e+00
   8.6201e+11   5.4261e+10  -1.7805e+01
   8.7668e+11  -1.4415e+11  -3.9627e+01
   8.4569e+11  -3.4643e+11  -6.1258e+01
   7.6803e+11  -5.4209e+11  -8.2593e+01
   6.4511e+11  -7.2036e+11  -1.0353e+02
   4.8082e+11  -8.7076e+11  -1.2397e+02
   2.8147e+11  -9.8371e+11  -1.4381e+02
   5.5603e+10  -1.0510e+12  -1.6296e+02
  -1.8634e+11  -1.0665e+12  -1.8133e+02
  -4.3244e+11  -1.0262e+12  -1.9882e+02
  -6.6991e+11  -9.2923e+11  -2.1536e+02
  -8.8563e+11  -7.7728e+11  -2.3085e+02
  -1.0669e+12  -5.7525e+11  -2.4524e+02
  -1.2021e+12  -3.3097e+11  -2.5844e+02
  -1.2813e+12  -5.4933e+10  -2.7041e+02
  -1.2972e+12   2.4006e+11  -2.8106e+02
  -1.2452e+12   5.3945e+11  -2.9037e+02
  -1.1241e+12   8.2762e+11  -2.9827e+02
  -9.3631e+11   1.0886e+12  -3.0474e+02
  -6.8793e+11   1.3070e+12  -3.0975e+02
  -3.8862e+11   1.4688e+12  -3.1326e+02
  -5.1306e+10   1.5620e+12  -3.1526e+02
   3.0833e+11   1.5777e+12  -3.1574e+02
   6.7251e+11   1.5107e+12  -3.1471e+02
   1.0222e+12   1.3596e+12  -3.1216e+02
   1.3379e+12   1.1276e+12  -3.0810e+02
   1.6010e+12   8.2230e+11  -3.0256e+02
   1.7944e+12   4.5562e+11  -2.9557e+02
   1.9039e+12   4.3465e+10  -2.8715e+02
   1.9187e+12  -3.9494e+11  -2.7735e+02
   1.8326e+12  -8.3787e+11  -2.6621e+02
   1.6442e+12  -1.2621e+12  -2.5379e+02
   1.3577e+12  -1.6440e+12  -2.4015e+02
   9.8244e+11  -1.9608e+12  -2.2535e+02
   5.3329e+11  -2.1921e+12  -2.0947e+02
   2.9739e+10  -2.3204e+12  -1.9257e+02
  -5.0464e+11  -2.3331e+12  -1.7475e+02
  -1.0433e+12  -2.2228e+12  -1.5609e+02
  -1.5579e+12  -1.9881e+12  -1.3668e+02
  -2.0197e+12  -1.6343e+12  -1.1661e+02
  -2.4012e+12  -1.1732e+12  -9.5978e+01
  -2.6775e+12  -6.2307e+11  -7.4884e+01
  -2.8278e+12  -7.9344e+09  -5.3429e+01
  -2.8367e+12   6.4336e+11  -3.1716e+01
  -2.6957e+12   1.2984e+12  -9.8512e+00
  -2.4035e+12   1.9225e+12   1.2061e+01
  -1.9667e+12   2.4810e+12   3.3916e+01
  -1.4002e+12   2.9402e+12   5.5607e+01
  -7.2655e+11   3.2701e+12   7.7030e+01
   2.4823e+10   3.4457e+12   9.8083e+01
   8.1854e+11   3.4487e+12   1.1866e+02
   1.6149e+12   3.2689e+12   1.3867e+02
   2.3719e+12   2.9052e+12   1.5801e+02
   3.0470e+12   2.3662e+12   1.7659e+02
   3.5997e+12   1.6703e+12   1.9432e+02
   3.9935e+12   8.4541e+11   2.1112e+02
   4.1983e+12  -7.2276e+10   2.2689e+02
   4.1923e+12  -1.0394e+12   2.4158e+02
   3.9634e+12  -2.0077e+12   2.5510e+02
   3.5110e+12  -2.9256e+12   2.6739e+02
   2.8460e+12  -3.7417e+12   2.7840e+02
   1.9914e+12  -4.4066e+12   2.8806e+02
   9.8142e+11  -4.8764e+12   2.9634e+02
  -1.3928e+11  -5.1148e+12   3.0319e+02
  -1.3177e+12  -5.0956e+12   3.0858e+02
  -2.4947e+12  -4.8049e+12   3.1248e+02
  -3.6077e+12  -4.2425e+12   3.1488e+02
  -4.5939e+12  -3.4222e+12   3.1576e+02
  -5.3938e+12  -2.3727e+12   3.1513e+02
  -5.9539e+12  -1.1364e+12   3.1297e+02
  -6.2306e+12   2.3209e+11   3.0931e+02
  -6.1929e+12   1.6678e+12   3.0416e+02
  -5.8244e+12   3.0984e+12   2.9754e+02
  -5.1254e+12   4.4477e+12   2.8949e+02
  -4.1139e+12   5.6394e+12   2.8005e+02
  -2.8254e+12   6.6012e+12   2.6926e+02
  -1.3121e+12   7.2686e+12   2.5717e+02
   3.5880e+11   7.5892e+12   2.4384e+02
   2.1077e+12   7.5257e+12   2.2934e+02
   3.8464e+12   7.0592e+12   2.1373e+02
   5.4820e+12   6.1910e+12   1.9710e+02
   6.9218e+12   4.9440e+12   1.7951e+02
   8.0780e+12   3.3622e+12   1.6107e+02
   8.8728e+12   1.5101e+12   1.4184e+02
   9.2430e+12  -5.2977e+11   1.2193e+02
   9.1443e+12  -2.6600e+12   1.0144e+02
   8.5547e+12  -4.7729e+12   8.0457e+01
   7.4769e+12  -6.7553e+12   5.9086e+01
   5.9398e+12  -8.4945e+12   3.7432e+01
   3.9983e+12  -9.8840e+12   1.5596e+01
   1.7318e+12  -1.0830e+13  -6.3140e+00
  -7.5826e+11  -1.1256e+13  -2.8194e+01
  -3.3528e+12  -1.1110e+13  -4.9938e+01
  -5.9201e+12  -1.0366e+13  -7.1442e+01
  -8.3225e+12  -9.0282e+12  -9.2601e+01
  -1.0423e+13  -7.1340e+12  -1.1332e+02
  -1.2092e+13  -4.7513e+12  -1.3348e+02
  -1.3217e+13  -1.9781e+12  -1.5301e+02
  -1.3706e+13   1.0612e+12  -1.7180e+02
  -1.3496e+13   4.2208e+12  -1.8976e+02
  -1.2558e+13   7.3401e+12  -2.0681e+02
  -1.0899e+13   1.0251e+13  -2.2286e+02
  -8.5657e+12   1.2787e+13  -2.3783e+02
  -5.6420e+12   1.4793e+13  -2.5167e+02
  -2.2491e+12   1.6129e+13  -2.6429e+02
   1.4603e+12   1.6688e+13  -2.7564e+02
   5.3077e+12   1.6394e+13  -2.8566e+02
   9.0970e+12   1.5213e+13  -2.9430e+02
   1.2624e+13   1.3156e+13  -3.0153e+02
   1.5686e+13   1.0281e+13  -3.0731e+02
   1.8094e+13   6.6943e+12  -3.1160e+02
   1.9681e+13   2.5438e+12  -3.1440e+02
   2.0317e+13  -1.9829e+12  -3.1568e+02
   1.9911e+13  -6.6674e+12  -3.1544e+02
   1.8426e+13  -1.1270e+13  -3.1368e+02
   1.5876e+13  -1.5543e+13  -3.1042e+02
   1.2336e+13  -1.9239e+13  -3.0565e+02
   7.9363e+12  -2.2129e+13  -2.9942e+02
   2.8595e+12  -2.4012e+13  -2.9174e+02
  -2.6640e+12  -2.4731e+13  -2.8266e+02
  -8.3670e+12  -2.4180e+13  -2.7222e+02
  -1.3958e+13  -2.2314e+13  -2.6046e+02
  -1.9132e+13  -1.9156e+13  -2.4745e+02
  -2.3593e+13  -1.4797e+13  -2.3325e+02
  -2.7060e+13  -9.4005e+12  -2.1793e+02
  -2.9294e+13  -3.1914e+12  -2.0156e+02
  -3.0103e+13   3.5477e+12  -1.8421e+02
  -2.9362e+13   1.0490e+13  -1.6598e+02
  -2.7019e+13   1.7279e+13  -1.4695e+02
  -2.3108e+13   2.3546e+13  -1.2722e+02
  -1.7743e+13   2.8928e+13  -1.0687e+02
  -1.1124e+13   3.3088e+13  -8.6003e+01
  -3.5314e+12   3.5733e+13  -6.4725e+01
   4.6900e+12   3.6637e+13  -4.3134e+01
   1.3140e+13   3.5649e+13  -2.1336e+01
   2.1384e+13   3.2712e+13   5.6461e-01
   2.8973e+13   2.7869e+13   2.2463e+01
   3.5465e+13   2.1266e+13   4.4253e+01
   4.0453e+13   1.3151e+13   6.5829e+01
   4.3584e+13   3.8672e+12   8.7089e+01
   4.4585e+13  -6.1617e+12   1.0793e+02
   4.3278e+13  -1.6446e+13   1.2825e+02
   3.9599e+13  -2.6456e+13   1.4795e+02
   3.3605e+13  -3.5643e+13   1.6694e+02
   2.5480e+13  -4.3474e+13   1.8513e+02
   1.5532e+13  -4.9452e+13   2.0243e+02
   4.1806e+12  -5.3154e+13   2.1875e+02
  -8.0518e+12  -5.4251e+13   2.3401e+02
  -2.0568e+13  -5.2533e+13   2.4815e+02
  -3.2719e+13  -4.7929e+13   2.6110e+02
  -4.3841e+13  -4.0513e+13   2.7279e+02
  -5.3283e+13  -3.0518e+13   2.8316e+02
  -6.0447e+13  -1.8322e+13   2.9217e+02
  -6.4819e+13  -4.4457e+12   2.9977e+02
  -6.6007e+13   1.0473e+13   3.0593e+02
  -6.3761e+13   2.5702e+13   3.1062e+02
  -5.8002e+13   4.0453e+13   3.1381e+02
  -4.8831e+13   5.3915e+13   3.1549e+02
  -3.6536e+13   6.5298e+13   3.1565e+02
  -2.1588e+13   7.3877e+13   3.1429e+02
  -4.6264e+12   7.9036e+13   3.1142e+02
   1.3566e+13   8.0301e+13   3.0705e+02
   3.2096e+13   7.7379e+13   3.0119e+02
   4.9999e+13   7.0182e+13   2.9389e+02
   6.6290e+13   5.8842e+13   2.8517e+02
   8.0011e+13   4.3722e+13   2.7508e+02
   9.0283e+13   2.5404e+13   2.6367e+02
   9.6362e+13   4.6732e+12   2.5098e+02
   9.7681e+13  -1.7510e+13   2.3709e+02
   9.3895e+13  -4.0053e+13   2.2206e+02
   8.4906e+13  -6.1780e+13   2.0595e+02
   7.0891e+13  -8.1492e+13   1.8885e+02
   5.2299e+13  -9.8026e+13   1.7085e+02
   2.9853e+13  -1.1032e+14   1.5202e+02
   4.5190e+12  -1.1747e+14   1.3246e+02
  -2.2527e+13  -1.1881e+14   1.1226e+02
  -4.9949e+13  -1.1392e+14   9.1521e+01
  -7.6315e+13  -1.0270e+14   7.0341e+01
  -1.0016e+14  -8.5386e+13   4.8823e+01
  -1.2008e+14  -6.2531e+13   2.7069e+01
  -1.3479e+14  -3.5031e+13   5.1850e+00
  -1.4320e+14  -4.0735e+12  -1.6724e+01
  -1.4450e+14   2.8898e+13  -3.8553e+01
  -1.3820e+14   6.2253e+13  -6.0195e+01
  -1.2421e+14   9.4242e+13  -8.1548e+01
  -1.0282e+14   1.2309e+14  -1.0251e+02
  -7.4729e+13   1.4708e+14  -1.2298e+02
  -4.1041e+13   1.6467e+14  -1.4285e+02
  -3.2169e+12   1.7453e+14  -1.6204e+02
   3.6975e+13   1.7571e+14  -1.8044e+02
   7.7540e+13   1.6764e+14  -1.9798e+02
   1.1635e+14   1.5020e+14  -2.1456e+02
   1.5124e+14   1.2379e+14  -2.3011e+02
   1.8013e+14   8.9263e+13  -2.4456e+02
   2.0115e+14   4.7999e+13  -2.5782e+02
   2.1271e+14   1.7910e+12  -2.6984e+02
   2.1366e+14  -4.7197e+13  -2.8057e+02
   2.0333e+14  -9.6527e+13  -2.8994e+02
   1.8161e+14  -1.4360e+14  -2.9792e+02
   1.4899e+14  -1.8579e+14  -3.0446e+02
   1.0657e+14  -2.2058e+14  -3.0953e+02
   5.6034e+13  -2.4568e+14  -3.1312e+02

