   0.9600   0.8800   0.0500
   0.9900   0.7000   0.0400
   0.9600   0.9700   1.0000
   0.9800   1.0000   0.9600
   0.9800   1.0000   0.9700
   0.9900   0.9800   0.9800
   0.9700   0.9600   0.9800
   0.9800   0.9700   0.9700
   0.9700   0.9500   0.2700
   0.9700   0.9500        0
   0.9400        0        0
   0.9700        0        0
   0.1600        0        0
   0.7600        0        0
   0.8600   0.0200        0
   0.9400   0.6100        0
   0.9700   0.8000   0.4100
   0.9700   0.8400   0.6800
   0.9700   0.9200   0.7500
   0.9700   0.9100   0.8100
   0.9600   0.9500   0.8400
   0.9700   0.9500   0.8800
   0.9200   0.9500   0.8800
   0.9700   0.9400   0.8500
   0.9500   0.9600   0.8900
   0.9400   0.9400   0.9200
   0.9500   0.9000   0.8700
   0.9500   0.9300   0.9500
   0.9600   0.9700   0.9100
   0.9700   0.9500   0.9200
   0.9600   0.9200   0.9300
   0.9200   0.9400   0.9400
   0.9500   0.9800   0.9400
   0.9500   0.9400   0.9800
   0.9300   0.9400   0.9200
   0.9900   0.9900   0.9300
   0.9500   0.9700   0.9200
   0.9800   0.9800   0.9400
   0.9700   0.9500   0.9500
   0.9900   0.9700   0.9500
   0.9700   0.9800   0.9500
   0.9600   0.9500   0.9500
   0.9300   0.9600   0.9800
   0.9300   0.9900   0.9500
   0.9600   0.9700   0.9500
   0.9500   0.9900   0.9400
   0.9600   0.9700   0.9700
   0.9600   0.9600   0.9800
   0.9800   0.9600   0.9600
   0.9500   0.9500   0.9700
   0.9500   0.9500   0.9700
   0.9700   0.9700   0.9900
   0.9800   0.9700   0.9200
   0.9700   0.9800   0.9600
   0.9700   0.9200   0.9900
   0.9600   0.9400   0.9500
   0.9900   0.9800   0.9400
   0.9500   0.9800   0.9400
   0.9900   0.9500   0.9600
   0.9900   0.9400   0.9500
   0.9200   0.9900   0.9500
   0.9700   0.9400   0.9600
   0.9600   0.9800   0.9600
   0.9800   0.9400   1.0000
   0.9600   0.9400   0.9900
   0.9700   0.9700   0.9700
   0.9600   0.9800   0.9900
   0.9700   0.9600   0.9800
   0.9800   0.9900   0.9600
   0.9700   0.9900   0.9800
   0.9900   0.9800   0.9800
   0.9600   0.9700   0.9600
   0.9400   0.9800   0.9500
   0.9700   0.9800   0.9700
   0.9600   0.9600   0.9400
   0.9900   0.9700   0.9700
   0.9900   0.9700   0.9500
   0.9700   0.9900   0.9500
   0.9900   0.9600   0.9500
   0.9500   0.9700   0.9900
   0.9700   0.9600   0.9800
   0.9500   0.9800   0.9800
   0.9700   0.9800   0.9400
   0.9600   0.9600   0.9800
   0.9300   0.9600   0.9500
   0.9500   0.9700   0.9400
   0.9600   0.9600   0.9600
   0.9600   0.9600   0.9500
   0.9900   0.9600   0.9700
   0.9900   0.9700   0.9800
   0.9700   0.9700   0.9900
   0.9800   0.9700   0.9400
   0.9700   0.9500   0.9400
   0.9900   0.9700   0.9700
   0.9800   0.9900   0.9500
   0.9800   1.0000   0.9900
   0.9900   0.9600   0.9300
   1.0000   0.9900   0.9600
   0.9900   0.9800   0.9700
   0.9800   0.9700   0.9500
   0.9500   0.9900   0.9200
   0.9900   0.9500   0.9800
   0.9900   0.9600   0.9800
   0.9800   0.9700   0.9700
   0.9800   1.0000   0.9700
   0.9600   0.9700   0.9800
   0.9800   0.9600   0.9500
   0.9700   0.9600   0.9500
   1.0000   0.9500   0.9800
   0.9900   0.9500   0.9500
   0.9800   0.9800   0.9300
   0.9700   0.9900   0.9300
   0.9500   0.9600   0.9600
   0.9700   0.9500   0.9700
   0.9200   0.9600   0.9800
   0.9900   0.9700   0.9500