  -6.8713e+02   7.8985e+02   2.0113e+02
  -6.7764e+02   7.8434e+02   1.7330e+02
  -6.7113e+02   7.7846e+02   1.4451e+02
  -6.6768e+02   7.7289e+02   1.1488e+02
  -6.6717e+02   7.6837e+02   8.4561e+01
  -6.6937e+02   7.6559e+02   5.3685e+01
  -6.7384e+02   7.6518e+02   2.2402e+01
  -6.8002e+02   7.6770e+02  -9.1397e+00
  -6.8722e+02   7.7355e+02  -4.0789e+01
  -6.9464e+02   7.8297e+02  -7.2395e+01
  -7.0145e+02   7.9605e+02  -1.0380e+02
  -7.0679e+02   8.1266e+02  -1.3486e+02
  -7.0981e+02   8.3246e+02  -1.6542e+02
  -7.0977e+02   8.5495e+02  -1.9534e+02
  -7.0603e+02   8.7944e+02  -2.2445e+02
  -6.9809e+02   9.0508e+02  -2.5262e+02
  -6.8568e+02   9.3092e+02  -2.7972e+02
  -6.6873e+02   9.5596e+02  -3.0559e+02
  -6.4741e+02   9.7916e+02  -3.3012e+02
  -6.2210e+02   9.9953e+02  -3.5318e+02
  -5.9345e+02   1.0162e+03  -3.7465e+02
  -5.6230e+02   1.0283e+03  -3.9442e+02
  -5.2964e+02   1.0354e+03  -4.1238e+02
  -4.9664e+02   1.0371e+03  -4.2844e+02
  -4.6451e+02   1.0333e+03  -4.4252e+02
  -4.3447e+02   1.0243e+03  -4.5454e+02
  -4.0772e+02   1.0106e+03  -4.6442e+02
  -3.8532e+02   9.9288e+02  -4.7211e+02
  -3.6817e+02   9.7221e+02  -4.7757e+02
  -3.5693e+02   9.4980e+02  -4.8076e+02
  -3.5196e+02   9.2702e+02  -4.8164e+02
  -3.5335e+02   9.0533e+02  -4.8021e+02
  -3.6080e+02   8.8621e+02  -4.7646e+02
  -3.7370e+02   8.7106e+02  -4.7040e+02
  -3.9113e+02   8.6115e+02  -4.6204e+02
  -4.1183e+02   8.5754e+02  -4.5142e+02
  -4.3435e+02   8.6098e+02  -4.3858e+02
  -4.5703e+02   8.7192e+02  -4.2355e+02
  -4.7813e+02   8.9038e+02  -4.0642e+02
  -4.9588e+02   9.1603e+02  -3.8725e+02
  -5.0861e+02   9.4809e+02  -3.6612e+02
  -5.1480e+02   9.8542e+02  -3.4313e+02
  -5.1324e+02   1.0265e+03  -3.1837e+02
  -5.0302e+02   1.0696e+03  -2.9196e+02
  -4.8365e+02   1.1127e+03  -2.6402e+02
  -4.5511e+02   1.1538e+03  -2.3467e+02
  -4.1786e+02   1.1906e+03  -2.0405e+02
  -3.7284e+02   1.2213e+03  -1.7230e+02
  -3.2145e+02   1.2439e+03  -1.3956e+02
  -2.6549e+02   1.2572e+03  -1.0600e+02
  -2.0712e+02   1.2599e+03  -7.1766e+01
  -1.4873e+02   1.2516e+03  -3.7021e+01
  -9.2822e+01   1.2324e+03  -1.9299e+00
  -4.1923e+01   1.2026e+03   3.3339e+01
   1.5924e+00   1.1636e+03   6.8618e+01
   3.5608e+01   1.1170e+03   1.0374e+02
   5.8405e+01   1.0650e+03   1.3852e+02
   6.8765e+01   1.0102e+03   1.7281e+02
   6.6072e+01   9.5543e+02   2.0643e+02
   5.0366e+01   9.0378e+02   2.3922e+02
   2.2382e+01   8.5821e+02   2.7101e+02
  -1.6453e+01   8.2156e+02   3.0166e+02
  -6.4060e+01   7.9632e+02   3.3099e+02
  -1.1778e+02   7.8452e+02   3.5888e+02
  -1.7450e+02   7.8758e+02   3.8517e+02
  -2.3077e+02   8.0618e+02   4.0973e+02
  -2.8297e+02   8.4022e+02   4.3244e+02
  -3.2754e+02   8.8878e+02   4.5318e+02
  -3.6109e+02   9.5009e+02   4.7183e+02
  -3.8067e+02   1.0216e+03   4.8830e+02
  -3.8390e+02   1.1002e+03   5.0249e+02
  -3.6913e+02   1.1819e+03   5.1434e+02
  -3.3561e+02   1.2628e+03   5.2377e+02
  -2.8350e+02   1.3384e+03   5.3072e+02
  -2.1398e+02   1.4045e+03   5.3514e+02
  -1.2923e+02   1.4572e+03   5.3702e+02
  -3.2321e+01   1.4928e+03   5.3631e+02
   7.2843e+01   1.5085e+03   5.3302e+02
   1.8173e+02   1.5026e+03   5.2715e+02
   2.8935e+02   1.4740e+03   5.1870e+02
   3.9053e+02   1.4232e+03   5.0772e+02
   4.8018e+02   1.3515e+03   4.9425e+02
   5.5350e+02   1.2617e+03   4.7832e+02
   6.0636e+02   1.1575e+03   4.6002e+02
   6.3546e+02   1.0436e+03   4.3942e+02
   6.3859e+02   9.2544e+02   4.1660e+02
   6.1481e+02   8.0908e+02   3.9166e+02
   5.6454e+02   7.0066e+02   3.6471e+02
   4.8966e+02   6.0630e+02   3.3589e+02
   3.9341e+02   5.3166e+02   3.0530e+02
   2.8037e+02   4.8165e+02   2.7310e+02
   1.5624e+02   4.6014e+02   2.3942e+02
   2.7600e+01   4.6968e+02   2.0443e+02
  -9.8366e+01   5.1130e+02   1.6829e+02
  -2.1424e+02   5.8438e+02   1.3117e+02
  -3.1276e+02   6.8659e+02   9.3230e+01
  -3.8719e+02   8.1393e+02   5.4662e+01
  -4.3170e+02   9.6084e+02   1.5645e+01
  -4.4178e+02   1.1204e+03  -2.3636e+01
  -4.1446e+02   1.2848e+03  -6.2991e+01
  -3.4865e+02   1.4452e+03  -1.0223e+02
  -2.4519e+02   1.5929e+03  -1.4117e+02
  -1.0702e+02   1.7192e+03  -1.7962e+02
   6.0973e+01   1.8160e+03  -2.1738e+02
   2.5202e+02   1.8765e+03  -2.5429e+02
   4.5779e+02   1.8954e+03  -2.9014e+02
   6.6871e+02   1.8693e+03  -3.2477e+02
   8.7445e+02   1.7970e+03  -3.5800e+02
   1.0644e+03   1.6796e+03  -3.8967e+02
   1.2281e+03   1.5208e+03  -4.1962e+02
   1.3562e+03   1.3266e+03  -4.4769e+02
   1.4405e+03   1.1052e+03  -4.7373e+02
   1.4748e+03   8.6678e+02  -4.9762e+02
   1.4551e+03   6.2273e+02  -5.1923e+02
   1.3802e+03   3.8551e+02  -5.3845e+02
   1.2517e+03   1.6782e+02  -5.5516e+02
   1.0741e+03  -1.8003e+01  -5.6928e+02
   8.5476e+02  -1.6066e+02  -5.8073e+02
   6.0366e+02  -2.5054e+02  -5.8944e+02
   3.3299e+02  -2.8035e+02  -5.9535e+02
   5.6583e+01  -2.4559e+02  -5.9842e+02
  -2.1065e+02  -1.4496e+02  -5.9862e+02
  -4.5351e+02   1.9433e+01  -5.9594e+02
  -6.5730e+02   2.4195e+02  -5.9038e+02
  -8.0861e+02   5.1358e+02  -5.8195e+02
  -8.9609e+02   8.2223e+02  -5.7068e+02
  -9.1121e+02   1.1532e+03  -5.5660e+02
  -8.4879e+02   1.4897e+03  -5.3978e+02
  -7.0753e+02   1.8141e+03  -5.2027e+02
  -4.9023e+02   2.1079e+03  -4.9817e+02
  -2.0387e+02   2.3539e+03  -4.7356e+02
   1.4053e+02   2.5359e+03  -4.4655e+02
   5.2827e+02   2.6407e+03  -4.1726e+02
   9.4159e+02   2.6583e+03  -3.8582e+02
   1.3604e+03   2.5827e+03  -3.5237e+02
   1.7633e+03   2.4126e+03  -3.1707e+02
   2.1285e+03   2.1518e+03  -2.8006e+02
   2.4351e+03   1.8088e+03  -2.4153e+02
   2.6643e+03   1.3972e+03  -2.0165e+02
   2.8003e+03   9.3476e+02  -1.6061e+02
   2.8313e+03   4.4294e+02  -1.1860e+02
   2.7506e+03  -5.4094e+01  -7.5813e+01
   2.5571e+03  -5.3064e+02  -3.2455e+01
   2.2554e+03  -9.6072e+02   1.1268e+01
   1.8564e+03  -1.3194e+03   5.5147e+01
   1.3764e+03  -1.5844e+03   9.8972e+01
   8.3711e+02  -1.7370e+03   1.4253e+02
   2.6438e+02  -1.7635e+03   1.8561e+02
  -3.1272e+02  -1.6563e+03   2.2801e+02
  -8.6337e+02  -1.4144e+03   2.6951e+02
  -1.3565e+03  -1.0439e+03   3.0992e+02
  -1.7626e+03  -5.5803e+02   3.4902e+02
  -2.0549e+03   2.3059e+01   3.8664e+02
  -2.2115e+03   6.7319e+02   4.2257e+02
  -2.2166e+03   1.3611e+03   4.5664e+02
  -2.0613e+03   2.0518e+03   4.8868e+02
  -1.7451e+03   2.7085e+03   5.1852e+02
  -1.2757e+03   3.2939e+03   5.4600e+02
  -6.6955e+02   3.7728e+03   5.7099e+02
   4.8835e+01   4.1138e+03   5.9335e+02
   8.4770e+02   4.2908e+03   6.1296e+02
   1.6893e+03   4.2854e+03   6.2971e+02
   2.5316e+03   4.0877e+03   6.4351e+02
   3.3304e+03   3.6974e+03   6.5427e+02
   4.0414e+03   3.1247e+03   6.6194e+02
   4.6224e+03   2.3897e+03   6.6646e+02
   5.0363e+03   1.5223e+03   6.6779e+02
   5.2524e+03   5.6107e+02   6.6591e+02
   5.2491e+03  -4.4856e+02   6.6081e+02
   5.0154e+03  -1.4561e+03   6.5251e+02
   4.5518e+03  -2.4084e+03   6.4102e+02
   3.8710e+03  -3.2526e+03   6.2640e+02
   2.9978e+03  -3.9386e+03   6.0868e+02
   1.9688e+03  -4.4223e+03   5.8795e+02
   8.3051e+02  -4.6676e+03   5.6429e+02
  -3.6208e+02  -4.6496e+03   5.3780e+02
  -1.5483e+03  -4.3556e+03   5.0859e+02
  -2.6647e+03  -3.7872e+03   4.7679e+02
  -3.6479e+03  -2.9605e+03   4.4254e+02
  -4.4384e+03  -1.9061e+03   4.0600e+02
  -4.9839e+03  -6.6857e+02   3.6732e+02
  -5.2421e+03   6.9573e+02   3.2669e+02
  -5.1838e+03   2.1206e+03   2.8429e+02
  -4.7950e+03   3.5331e+03   2.4031e+02
  -4.0786e+03   4.8571e+03   1.9497e+02
  -3.0550e+03   6.0171e+03   1.4847e+02
  -1.7619e+03   6.9423e+03   1.0103e+02
  -2.5334e+02   7.5707e+03   5.2879e+01
   1.4023e+03   7.8526e+03   4.2390e+00
   3.1251e+03   7.7540e+03  -4.4656e+01
   4.8276e+03   7.2595e+03  -9.3571e+01
   6.4186e+03   6.3738e+03  -1.4227e+02
   7.8079e+03   5.1225e+03  -1.9052e+02
   8.9114e+03   3.5520e+03  -2.3809e+02
   9.6555e+03   1.7281e+03  -2.8473e+02
   9.9820e+03  -2.6639e+02  -3.3023e+02
   9.8514e+03  -2.3353e+03  -3.7436e+02
   9.2468e+03  -4.3735e+03  -4.1690e+02
   8.1751e+03  -6.2716e+03  -4.5764e+02
   6.6686e+03  -7.9223e+03  -4.9637e+02
   4.7844e+03  -9.2253e+03  -5.3289e+02
   2.6024e+03  -1.0094e+04  -5.6703e+02
   2.2296e+02  -1.0459e+04  -5.9859e+02
  -2.2382e+03  -1.0276e+04  -6.2743e+02
  -4.6547e+03  -9.5248e+03  -6.5339e+02
  -6.8958e+03  -8.2169e+03  -6.7632e+02
  -8.8332e+03  -6.3924e+03  -6.9611e+02
  -1.0348e+04  -4.1211e+03  -7.1264e+02
  -1.1337e+04  -1.5005e+03  -7.2582e+02
  -1.1720e+04   1.3483e+03  -7.3556e+02
  -1.1444e+04   4.2857e+03  -7.4181e+02
  -1.0490e+04   7.1600e+03  -7.4452e+02
  -8.8704e+03   9.8147e+03  -7.4366e+02
  -6.6373e+03   1.2097e+04  -7.3921e+02
  -3.8760e+03   1.3865e+04  -7.3118e+02
  -7.0496e+02   1.4997e+04  -7.1959e+02
   2.7294e+03   1.5399e+04  -7.0448e+02
   6.2588e+03   1.5011e+04  -6.8590e+02
   9.7013e+03   1.3809e+04  -6.6394e+02
   1.2870e+04   1.1815e+04  -6.3866e+02
   1.5581e+04   9.0915e+03  -6.1020e+02
   1.7668e+04   5.7433e+03  -5.7865e+02
   1.8986e+04   1.9147e+03  -5.4417e+02
   1.9424e+04  -2.2175e+03  -5.0690e+02
   1.8914e+04  -6.4507e+03  -4.6701e+02
   1.7431e+04  -1.0566e+04  -4.2468e+02
   1.5002e+04  -1.4340e+04  -3.8010e+02
   1.1707e+04  -1.7555e+04  -3.3347e+02
   7.6737e+03  -2.0011e+04  -2.8502e+02
   3.0774e+03  -2.1538e+04  -2.3496e+02
  -1.8681e+03  -2.2006e+04  -1.8352e+02
  -6.9190e+03  -2.1336e+04  -1.3096e+02
  -1.1813e+04  -1.9502e+04  -7.7510e+01
  -1.6282e+04  -1.6542e+04  -2.3430e+01
  -2.0067e+04  -1.2552e+04   3.1023e+01
  -2.2930e+04  -7.6909e+03   8.5588e+01
  -2.4671e+04  -2.1705e+03   1.4000e+02
  -2.5138e+04   3.7506e+03   1.9401e+02
  -2.4239e+04   9.7789e+03   2.4734e+02
  -2.1949e+04   1.5600e+04   2.9973e+02
  -1.8316e+04   2.0893e+04   3.5094e+02
  -1.3461e+04   2.5348e+04   4.0070e+02
  -7.5771e+03   2.8685e+04   4.4877e+02
  -9.2234e+02   3.0667e+04   4.9491e+02
   6.1912e+03   3.1115e+04   5.3889e+02
   1.3411e+04   2.9924e+04   5.8049e+02
   2.0358e+04   2.7070e+04   6.1949e+02
   2.6650e+04   2.2615e+04   6.5570e+02
   3.1919e+04   1.6710e+04   6.8892e+02
   3.5831e+04   9.5912e+03   7.1899e+02
   3.8105e+04   1.5706e+03   7.4574e+02
   3.8534e+04  -6.9744e+03   7.6902e+02
   3.6997e+04  -1.5619e+04   7.8872e+02
   3.3472e+04  -2.3910e+04   8.0471e+02
   2.8039e+04  -3.1390e+04   8.1690e+02
   2.0886e+04  -3.7620e+04   8.2522e+02
   1.2300e+04  -4.2203e+04   8.2960e+02
   2.6617e+03  -4.4809e+04   8.3001e+02
  -7.5749e+03  -4.5196e+04   8.2643e+02
  -1.7898e+04  -4.3226e+04   8.1885e+02
  -2.7766e+04  -3.8880e+04   8.0729e+02
  -3.6630e+04  -3.2261e+04   7.9178e+02
  -4.3967e+04  -2.3602e+04   7.7239e+02
  -4.9307e+04  -1.3254e+04   7.4918e+02
  -5.2262e+04  -1.6767e+03   7.2226e+02
  -5.2547e+04   1.0580e+04   6.9173e+02
  -5.0008e+04   2.2901e+04   6.5772e+02
  -4.4628e+04   3.4637e+04   6.2037e+02
  -3.6543e+04   4.5132e+04   5.7986e+02
  -2.6038e+04   5.3764e+04   5.3637e+02
  -1.3543e+04   5.9975e+04   4.9008e+02
   3.8440e+02   6.3307e+04   4.4121e+02
   1.5082e+04   6.3430e+04   3.8997e+02
   2.9810e+04   6.0167e+04   3.3662e+02
   4.3789e+04   5.3510e+04   2.8138e+02
   5.6236e+04   4.3632e+04   2.2453e+02
   6.6411e+04   3.0886e+04   1.6632e+02
   7.3652e+04   1.5795e+04   1.0703e+02
   7.7419e+04  -9.6539e+02   4.6932e+01
   7.7328e+04  -1.8594e+04  -1.3676e+01
   7.3179e+04  -3.6204e+04  -7.4510e+01
   6.4976e+04  -5.2859e+04  -1.3528e+02
   5.2938e+04  -6.7626e+04  -1.9569e+02
   3.7502e+04  -7.9623e+04  -2.5545e+02
   1.9305e+04  -8.8065e+04  -3.1426e+02
  -8.3502e+02  -9.2317e+04  -3.7185e+02
  -2.1952e+04  -9.1933e+04  -4.2792e+02
  -4.2979e+04  -8.6685e+04  -4.8220e+02
  -6.2795e+04  -7.6597e+04  -5.3442e+02
  -8.0285e+04  -6.1946e+04  -5.8432e+02
  -9.4399e+04  -4.3268e+04  -6.3165e+02
  -1.0421e+05  -2.1341e+04  -6.7616e+02
  -1.0897e+05   2.8445e+03  -7.1763e+02
  -1.0815e+05   2.8124e+04  -7.5584e+02
  -1.0151e+05   5.3214e+04  -7.9060e+02
  -8.9092e+04   7.6773e+04  -8.2172e+02
  -7.1244e+04   9.7469e+04  -8.4903e+02
  -4.8627e+04   1.1405e+05  -8.7238e+02
  -2.2189e+04   1.2543e+05  -8.9165e+02
   6.8709e+03   1.3071e+05  -9.0671e+02
   3.7149e+04   1.2929e+05  -9.1748e+02
   6.7103e+04   1.2091e+05  -9.2388e+02
   9.5127e+04   1.0562e+05  -9.2587e+02
   1.1963e+05   8.3869e+04  -9.2341e+02
   1.3913e+05   5.6477e+04  -9.1648e+02
   1.5232e+05   2.4592e+04  -9.0511e+02
   1.5816e+05  -1.0333e+04  -8.8933e+02
   1.5597e+05  -4.6606e+04  -8.6919e+02
   1.4542e+05  -8.2375e+04  -8.4477e+02
   1.2664e+05  -1.1572e+05  -8.1616e+02
   1.0017e+05  -1.4473e+05  -7.8348e+02
   6.7027e+04  -1.6766e+05  -7.4687e+02
   2.8603e+04  -1.8295e+05  -7.0649e+02
  -1.3341e+04  -1.8939e+05  -6.6251e+02
  -5.6768e+04  -1.8618e+05  -6.1514e+02
  -9.9453e+04  -1.7296e+05  -5.6457e+02
  -1.3909e+05  -1.4992e+05  -5.1103e+02
  -1.7342e+05  -1.1775e+05  -4.5478e+02
  -2.0034e+05  -7.7667e+04  -3.9607e+02
  -2.1803e+05  -3.1391e+04  -3.3517e+02
  -2.2505e+05   1.8956e+04  -2.7236e+02
  -2.2048e+05   7.0919e+04  -2.0794e+02
  -2.0394e+05   1.2183e+05  -1.4220e+02
  -1.7567e+05   1.6892e+05  -7.5465e+01
  -1.3655e+05   2.0951e+05  -8.0443e+00
  -8.8089e+04   2.4108e+05   5.9740e+01
  -3.2350e+04   2.6148e+05   1.2756e+02
   2.8090e+04   2.6905e+05   1.9510e+02
   9.0274e+04   2.6269e+05   2.6202e+02
   1.5099e+05   2.4201e+05   3.2800e+02
   2.0695e+05   2.0734e+05   3.9272e+02
   2.5493e+05   1.5978e+05   4.5586e+02
   2.9195e+05   1.0117e+05   5.1711e+02
   3.1547e+05   3.4024e+04   5.7616e+02
   3.2353e+05  -3.8538e+04   6.3273e+02
   3.1487e+05  -1.1296e+05   6.8652e+02
   2.8908e+05  -1.8539e+05   7.3726e+02
   2.4660e+05  -2.5188e+05   7.8470e+02
   1.8881e+05  -3.0859e+05   8.2858e+02
   1.1796e+05  -3.5199e+05   8.6869e+02
   3.7118e+04  -3.7907e+05   9.0480e+02
  -4.9965e+04  -3.8754e+05   9.3674e+02
  -1.3900e+05  -3.7595e+05   9.6431e+02
  -2.2536e+05  -3.4386e+05   9.8738e+02
  -3.0433e+05  -2.9188e+05   1.0058e+03
  -3.7132e+05  -2.2171e+05   1.0195e+03
  -4.2216e+05  -1.3611e+05   1.0283e+03
  -4.5328e+05  -3.8812e+04   1.0322e+03
  -4.6198e+05   6.5656e+04   1.0312e+03
  -4.4663e+05   1.7213e+05   1.0252e+03
  -4.0675e+05   2.7506e+05   1.0142e+03
  -3.4316e+05   3.6880e+05   9.9827e+02
  -2.5798e+05   4.4789e+05   9.7748e+02
  -1.5458e+05   5.0737e+05   9.5188e+02
  -3.7483e+04   5.4302e+05   9.2157e+02
   8.7826e+04   5.5170e+05   8.8667e+02
   2.1514e+05   5.3152e+05   8.4734e+02
   3.3780e+05   4.8201e+05   8.0374e+02
   4.4906e+05   4.0425e+05   7.5606e+02
   5.4241e+05   3.0086e+05   7.0451e+02
   6.1194e+05   1.7596e+05   6.4931e+02
   6.5271e+05   3.5049e+04   5.9073e+02
   6.6102e+05  -1.1526e+05   5.2902e+02
   6.3472e+05  -2.6748e+05   4.6446e+02
   5.7335e+05  -4.1365e+05   3.9735e+02
   4.7832e+05  -5.4568e+05   3.2801e+02
   3.5288e+05  -6.5583e+05   2.5676e+02
   2.0206e+05  -7.3709e+05   1.8392e+02
   3.2534e+04  -7.8361e+05   1.0985e+02
  -1.4771e+05  -7.9109e+05   3.4896e+01
  -3.2968e+05  -7.5706e+05  -4.0589e+01
  -5.0381e+05  -6.8112e+05  -1.1624e+02
  -6.6044e+05  -5.6507e+05  -1.9170e+02
  -7.9035e+05  -4.1295e+05  -2.6660e+02
  -8.8522e+05  -2.3091e+05  -3.4058e+02
  -9.3817e+05  -2.7025e+04  -4.1327e+02
  -9.4415e+05   1.8906e+05  -4.8432e+02
  -9.0036e+05   4.0651e+05  -5.5338e+02
  -8.0649e+05   6.1388e+05  -6.2011e+02
  -6.6485e+05   7.9962e+05  -6.8417e+02
  -4.8044e+05   9.5274e+05  -7.4525e+02
  -2.6075e+05   1.0634e+06  -8.0303e+02
  -1.5586e+04   1.1234e+06  -8.5723e+02
   2.4341e+05   1.1270e+06  -9.0755e+02
   5.0323e+05   1.0709e+06  -9.5375e+02
   7.5012e+05   9.5497e+05  -9.9558e+02
   9.7032e+05   7.8216e+05  -1.0328e+03
   1.1507e+06   5.5864e+05  -1.0653e+03
   1.2796e+06   2.9356e+05  -1.0927e+03
   1.3475e+06  -1.2035e+03  -1.1151e+03
   1.3474e+06  -3.1160e+05  -1.1321e+03
   1.2759e+06  -6.2200e+05  -1.1438e+03
   1.1329e+06  -9.1592e+05  -1.1501e+03
   9.2216e+05  -1.1769e+06  -1.1508e+03
   6.5133e+05  -1.3893e+06  -1.1461e+03
   3.3156e+05  -1.5394e+06  -1.1357e+03
  -2.2769e+04  -1.6158e+06  -1.1199e+03
  -3.9470e+05  -1.6107e+06  -1.0985e+03
  -7.6544e+05  -1.5198e+06  -1.0718e+03
  -1.1153e+06  -1.3436e+06  -1.0398e+03
  -1.4245e+06  -1.0868e+06  -1.0027e+03
  -1.6746e+06  -7.5872e+05  -9.6048e+02
  -1.8491e+06  -3.7310e+05  -9.1348e+02
  -1.9348e+06   5.2723e+04  -8.6185e+02
  -1.9224e+06   4.9828e+05  -8.0582e+02
  -1.8074e+06   9.4099e+05  -7.4564e+02
  -1.5904e+06   1.3572e+06  -6.8159e+02
  -1.2776e+06   1.7234e+06  -6.1394e+02
  -8.8044e+05   2.0176e+06  -5.4301e+02
  -4.1550e+05   2.2203e+06  -4.6912e+02
   9.6131e+04   2.3159e+06  -3.9262e+02
   6.2978e+05   2.2937e+06  -3.1385e+02
   1.1583e+06   2.1486e+06  -2.3320e+02
   1.6534e+06   1.8817e+06  -1.5104e+02
   2.0870e+06   1.5008e+06  -6.7751e+01
   2.4329e+06   1.0200e+06   1.6263e+01
   2.6680e+06   4.5949e+05   1.0060e+02
   2.7741e+06  -1.5514e+05   1.8486e+02
   2.7386e+06  -7.9419e+05   2.6864e+02
   2.5559e+06  -1.4251e+06   3.5153e+02
   2.2279e+06  -2.0139e+06   4.3312e+02
   1.7642e+06  -2.5271e+06   5.1302e+02
   1.1824e+06  -2.9336e+06   5.9084e+02
   5.0691e+05  -3.2060e+06   6.6618e+02
  -2.3132e+05  -3.3229e+06   7.3868e+02
  -9.9646e+05  -3.2698e+06   8.0797e+02
  -1.7494e+06  -3.0404e+06   8.7371e+02
  -2.4494e+06  -2.6376e+06   9.3555e+02
  -3.0567e+06  -2.0735e+06   9.9319e+02
  -3.5341e+06  -1.3696e+06   1.0463e+03
  -3.8494e+06  -5.5575e+05   1.0947e+03
  -3.9772e+06   3.3073e+05   1.1380e+03
  -3.9008e+06   1.2466e+06   1.1760e+03
  -3.6135e+06   2.1450e+06   1.2086e+03
  -3.1192e+06   2.9771e+06   1.2355e+03
  -2.4333e+06   3.6954e+06   1.2565e+03
  -1.5820e+06   4.2557e+06   1.2717e+03
  -6.0160e+05   4.6199e+06   1.2807e+03
   4.6269e+05   4.7583e+06   1.2837e+03
   1.5589e+06   4.6516e+06   1.2805e+03
   2.6304e+06   4.2924e+06   1.2711e+03
   3.6193e+06   3.6864e+06   1.2555e+03
   4.4685e+06   2.8526e+06   1.2338e+03
   5.1258e+06   1.8232e+06   1.2061e+03
   5.5459e+06   6.4249e+05   1.1724e+03
   5.6941e+06  -6.3504e+05   1.1329e+03
   5.5480e+06  -1.9467e+06   1.0878e+03
   5.0998e+06  -3.2247e+06   1.0372e+03
   4.3572e+06  -4.3995e+06   9.8139e+02
   3.3441e+06  -5.4032e+06   9.2058e+02
   2.0997e+06  -6.1736e+06   8.5503e+02
   6.7793e+05  -6.6574e+06   7.8506e+02
  -8.5529e+05  -6.8138e+06   7.1096e+02
  -2.4245e+06  -6.6169e+06   6.3309e+02
  -3.9484e+06  -6.0587e+06   5.5179e+02
  -5.3437e+06  -5.1495e+06   4.6744e+02
  -6.5296e+06  -3.9188e+06   3.8044e+02
  -7.4321e+06  -2.4151e+06   2.9119e+02
  -7.9882e+06  -7.0346e+05   2.0010e+02
  -8.1500e+06   1.1362e+06   1.0761e+02
  -7.8882e+06   3.0132e+06   1.4157e+01
  -7.1940e+06   4.8299e+06  -7.9814e+01
  -6.0814e+06   6.4867e+06  -1.7385e+02
  -4.5872e+06   7.8872e+06  -2.6751e+02
  -2.7704e+06   8.9435e+06  -3.6033e+02
  -7.1036e+05   9.5814e+06  -4.5185e+02
   1.4966e+06   9.7449e+06  -5.4165e+02
   3.7413e+06   9.3999e+06  -6.2927e+02
   5.9065e+06   8.5380e+06  -7.1428e+02
   7.8731e+06   7.1774e+06  -7.9626e+02
   9.5264e+06   5.3638e+06  -8.7480e+02
   1.0762e+07   3.1694e+06  -9.4950e+02
   1.1492e+07   6.9043e+05  -1.0200e+03
   1.1651e+07  -1.9567e+06  -1.0859e+03
   1.1201e+07  -4.6405e+06  -1.1469e+03
   1.0132e+07  -7.2206e+06  -1.2027e+03
   8.4690e+06  -9.5544e+06  -1.2530e+03
   6.2685e+06  -1.1505e+07  -1.2974e+03
   3.6186e+06  -1.2949e+07  -1.3359e+03
   6.3617e+05  -1.3783e+07  -1.3680e+03
  -2.5383e+06  -1.3930e+07  -1.3938e+03
  -5.7466e+06  -1.3345e+07  -1.4129e+03
  -8.8203e+06  -1.2022e+07  -1.4254e+03
  -1.1589e+07  -9.9906e+06  -1.4310e+03
  -1.3890e+07  -7.3216e+06  -1.4298e+03
  -1.5576e+07  -4.1225e+06  -1.4217e+03
  -1.6526e+07  -5.3508e+05  -1.4067e+03
  -1.6649e+07   3.2710e+06  -1.3849e+03
  -1.5895e+07   7.1055e+06  -1.3563e+03
  -1.4259e+07   1.0766e+07  -1.3210e+03
  -1.1779e+07   1.4050e+07  -1.2792e+03
  -8.5427e+06   1.6763e+07  -1.2310e+03
  -4.6816e+06   1.8731e+07  -1.1766e+03
  -3.6736e+05   1.9809e+07  -1.1164e+03
   4.1952e+06   1.9893e+07  -1.0504e+03
   8.7771e+06   1.8926e+07  -9.7914e+02
   1.3136e+07   1.6905e+07  -9.0277e+02
   1.7030e+07   1.3879e+07  -8.2169e+02
   2.0227e+07   9.9560e+06  -7.3626e+02
   2.2520e+07   5.2970e+06  -6.4688e+02
   2.3740e+07   1.0980e+05  -5.5395e+02
   2.3765e+07  -5.3584e+06  -4.5790e+02
   2.2531e+07  -1.0832e+07  -3.5919e+02
   2.0036e+07  -1.6022e+07  -2.5827e+02
   1.6346e+07  -2.0637e+07  -1.5562e+02
   1.1593e+07  -2.4403e+07  -5.1725e+01
   5.9723e+06  -2.7073e+07   5.2917e+01
  -2.6332e+05  -2.8449e+07   1.5781e+02
  -6.8158e+06  -2.8388e+07   2.6244e+02
  -1.3354e+07  -2.6819e+07   3.6632e+02
  -1.9531e+07  -2.3743e+07   4.6893e+02
  -2.5000e+07  -1.9245e+07   5.6978e+02
  -2.9433e+07  -1.3487e+07   6.6837e+02
  -3.2539e+07  -6.7080e+06   7.6422e+02
  -3.4084e+07   7.8635e+05   8.5685e+02
  -3.3903e+07   8.6365e+06   9.4579e+02
  -3.1914e+07   1.6445e+07   1.0306e+03
  -2.8126e+07   2.3795e+07   1.1109e+03
  -2.2645e+07   3.0273e+07   1.1862e+03
  -1.5672e+07   3.5489e+07   1.2561e+03
  -7.4983e+06   3.9098e+07   1.3204e+03
   1.5070e+06   4.0825e+07   1.3786e+03
   1.0910e+07   4.0478e+07   1.4304e+03
   2.0233e+07   3.7965e+07   1.4756e+03
   2.8977e+07   3.3304e+07   1.5139e+03
   3.6648e+07   2.6630e+07   1.5451e+03
   4.2782e+07   1.8188e+07   1.5690e+03
   4.6971e+07   8.3342e+06   1.5855e+03
   4.8891e+07  -2.4847e+06   1.5944e+03
   4.8318e+07  -1.3746e+07   1.5957e+03
   4.5152e+07  -2.4875e+07   1.5893e+03
   3.9423e+07  -3.5275e+07   1.5752e+03
   3.1298e+07  -4.4355e+07   1.5535e+03
   2.1082e+07  -5.1564e+07   1.5241e+03
   9.2051e+06  -5.6420e+07   1.4873e+03
  -3.7900e+06  -5.8541e+07   1.4432e+03
  -1.7273e+07  -5.7668e+07   1.3919e+03
  -3.0556e+07  -5.3690e+07   1.3336e+03
  -4.2922e+07  -4.6652e+07   1.2687e+03
  -5.3667e+07  -3.6766e+07   1.1973e+03
  -6.2136e+07  -2.4405e+07   1.1198e+03
  -6.7757e+07  -1.0094e+07   1.0366e+03
  -7.0082e+07   5.5119e+06   9.4791e+02
  -6.8813e+07   2.1653e+07   8.5428e+02
  -6.3825e+07   3.7502e+07   7.5607e+02
  -5.5187e+07   5.2203e+07   6.5375e+02
  -4.3164e+07   6.4914e+07   5.4779e+02
  -2.8212e+07   7.4855e+07   4.3869e+02
  -1.0971e+07   8.1353e+07   3.2694e+02
   7.7664e+06   8.3880e+07   2.1308e+02
   2.7086e+07   8.2091e+07   9.7652e+01
   4.5994e+07   7.5852e+07  -1.8807e+01
   6.3464e+07   6.5258e+07  -1.3574e+02
   7.8495e+07   5.0640e+07  -2.5257e+02
   9.0159e+07   3.2561e+07  -3.6876e+02
   9.7658e+07   1.1794e+07  -4.8373e+02
   1.0037e+08  -1.0699e+07  -5.9692e+02
   9.7910e+07  -3.3818e+07  -7.0778e+02
   9.0121e+07  -5.6370e+07  -8.1577e+02
   7.7138e+07  -7.7127e+07  -9.2035e+02
   5.9373e+07  -9.4894e+07  -1.0210e+03
   3.7516e+07  -1.0857e+08  -1.1172e+03
   1.2510e+07  -1.1721e+08  -1.2085e+03
  -1.4487e+07  -1.2009e+08  -1.2944e+03
  -4.2148e+07  -1.1676e+08  -1.3745e+03
  -6.9040e+07  -1.0705e+08  -1.4484e+03
  -9.3696e+07  -9.1147e+07  -1.5157e+03
  -1.1469e+08  -6.9566e+07  -1.5759e+03
  -1.3071e+08  -4.3150e+07  -1.6289e+03
  -1.4065e+08  -1.3044e+07  -1.6743e+03
  -1.4366e+08   1.9352e+07  -1.7118e+03
  -1.3920e+08   5.2439e+07  -1.7413e+03
  -1.2712e+08   8.4500e+07  -1.7626e+03
  -1.0766e+08   1.1378e+08  -1.7754e+03
  -8.1452e+07   1.3858e+08  -1.7798e+03
  -4.9535e+07   1.5734e+08  -1.7756e+03
  -1.3296e+07   1.6875e+08  -1.7628e+03
   2.5570e+07   1.7181e+08  -1.7415e+03
   6.5142e+07   1.6592e+08  -1.7117e+03
   1.0336e+08   1.5091e+08  -1.6735e+03
   1.3812e+08   1.2711e+08  -1.6271e+03
   1.6739e+08   9.5295e+07  -1.5726e+03
   1.8934e+08   5.6740e+07  -1.5103e+03
   2.0241e+08   1.3130e+07  -1.4404e+03
   2.0543e+08  -3.3491e+07  -1.3632e+03
   1.9772e+08  -8.0808e+07  -1.2791e+03
   1.7911e+08  -1.2635e+08  -1.1885e+03
   1.5001e+08  -1.6760e+08  -1.0916e+03
   1.1140e+08  -2.0215e+08  -9.8910e+02
   6.4841e+07  -2.2781e+08  -8.8129e+02
   1.2370e+07  -2.4275e+08  -7.6871e+02
  -4.3541e+07  -2.4560e+08  -6.5190e+02
  -1.0011e+08  -2.3557e+08  -5.3138e+02
  -1.5437e+08  -2.1251e+08  -4.0772e+02
  -2.0331e+08  -1.7696e+08  -2.8151e+02
  -2.4407e+08  -1.3013e+08  -1.5333e+02
  -2.7404e+08  -7.3912e+07  -2.3793e+01
  -2.9107e+08  -1.0792e+07   1.0648e+02
  -2.9355e+08   5.6248e+07   2.3687e+02
  -2.8060e+08   1.2386e+08   3.6674e+02
  -2.5207e+08   1.8849e+08   4.9548e+02
  -2.0866e+08   2.4655e+08   6.2245e+02
  -1.5187e+08   2.9461e+08   7.4703e+02
  -8.4013e+07   3.2959e+08   8.6862e+02
  -8.1012e+06   3.4894e+08   9.8660e+02
   7.2268e+07   3.5080e+08   1.1004e+03
   1.5307e+08   3.3416e+08   1.2095e+03
   2.3003e+08   2.9890e+08   1.3132e+03
   2.9888e+08   2.4592e+08   1.4111e+03
   3.5552e+08   1.7708e+08   1.5028e+03
   3.9630e+08   9.5194e+07   1.5876e+03
   4.1823e+08   3.9144e+06   1.6651e+03
   4.1913e+08  -9.2415e+07   1.7351e+03
   3.9784e+08  -1.8895e+08   1.7970e+03
   3.5432e+08  -2.8059e+08   1.8505e+03
   2.8970e+08  -3.6220e+08   1.8954e+03
   2.0627e+08  -4.2892e+08   1.9314e+03
   1.0748e+08  -4.7643e+08   1.9583e+03
  -2.2542e+06  -5.0119e+08   1.9758e+03
  -1.1769e+08  -5.0067e+08   1.9840e+03
  -2.3301e+08  -4.7356e+08   1.9826e+03
  -3.4208e+08  -4.1989e+08   1.9717e+03
  -4.3880e+08  -3.4110e+08   1.9512e+03
  -5.1736e+08  -2.4004e+08   1.9212e+03
  -5.7265e+08  -1.2087e+08   1.8818e+03
  -6.0049e+08   1.1021e+07   1.8332e+03
  -5.9795e+08   1.4933e+08   1.7755e+03
  -5.6356e+08   2.8705e+08   1.7090e+03
  -4.9744e+08   4.1686e+08   1.6339e+03
  -4.0143e+08   5.3143e+08   1.5506e+03
  -2.7903e+08   6.2389e+08   1.4594e+03
  -1.3533e+08   6.8816e+08   1.3608e+03
   2.3172e+07   7.1933e+08   1.2552e+03
   1.8885e+08   7.1399e+08   1.1429e+03
   3.5330e+08   6.7049e+08   1.0247e+03
   5.0773e+08   5.8912e+08   9.0092e+02
   6.4342e+08   4.7217e+08   7.7222e+02
   7.5218e+08   3.2397e+08   6.3918e+02
   8.2679e+08   1.5073e+08   5.0243e+02
   8.6151e+08  -3.9706e+07   3.6260e+02
   8.5237e+08  -2.3813e+08   2.2035e+02
   7.9752e+08  -4.3446e+08   7.6347e+01
   6.9745e+08  -6.1815e+08  -6.8712e+01
   5.5507e+08  -7.7879e+08  -2.1414e+02
   3.7570e+08  -9.0664e+08  -3.5923e+02
   1.6687e+08  -9.9317e+08  -5.0330e+02
  -6.1879e+07  -1.0316e+09  -6.4563e+02
  -2.9949e+08  -1.0174e+09  -7.8554e+02
  -5.3381e+08  -9.4837e+08  -9.2235e+02
  -7.5224e+08  -8.2542e+08  -1.0554e+03
  -9.4236e+08  -6.5216e+08  -1.1839e+03
  -1.0926e+09  -4.3511e+08  -1.3074e+03
  -1.1928e+09  -1.8346e+08  -1.4252e+03
  -1.2350e+09   9.1269e+07  -1.5367e+03
  -1.2140e+09   3.7573e+08  -1.6414e+03
  -1.1275e+09   6.5536e+08  -1.7386e+03
  -9.7654e+08   9.1505e+08  -1.8279e+03
  -7.6578e+08   1.1400e+09  -1.9089e+03
  -5.0321e+08   1.3163e+09  -1.9810e+03
  -2.0003e+08   1.4323e+09  -2.0440e+03
   1.2986e+08   1.4783e+09  -2.0974e+03
   4.7036e+08   1.4484e+09  -2.1410e+03
   8.0396e+08   1.3401e+09  -2.1745e+03
   1.1126e+09   1.1549e+09  -2.1977e+03
   1.3786e+09   8.9864e+08  -2.2103e+03
   1.5856e+09   5.8110e+08  -2.2125e+03
   1.7194e+09   2.1590e+08  -2.2039e+03
   1.7692e+09  -1.8014e+08  -2.1847e+03
   1.7277e+09  -5.8763e+08  -2.1550e+03
   1.5923e+09  -9.8556e+08  -2.1146e+03
   1.3653e+09  -1.3523e+09  -2.0639e+03
   1.0539e+09  -1.6668e+09  -2.0031e+03
   6.6995e+08  -1.9095e+09  -1.9322e+03
   2.3014e+08  -2.0638e+09  -1.8518e+03
  -2.4521e+08  -2.1168e+09  -1.7620e+03
  -7.3278e+08  -2.0604e+09  -1.6633e+03
  -1.2073e+09  -1.8916e+09  -1.5561e+03
  -1.6430e+09  -1.6135e+09  -1.4410e+03
  -2.0146e+09  -1.2351e+09  -1.3183e+03
  -2.2991e+09  -7.7104e+08  -1.1887e+03
  -2.4767e+09  -2.4149e+08  -1.0527e+03
  -2.5323e+09   3.2896e+08  -9.1103e+02
  -2.4566e+09   9.1222e+08  -7.6427e+02
  -2.2465e+09   1.4780e+09  -6.1313e+02
  -1.9060e+09   1.9954e+09  -4.5830e+02
  -1.4464e+09   2.4345e+09  -3.0053e+02
  -8.8570e+08   2.7676e+09  -1.4054e+02
  -2.4825e+08   2.9716e+09   2.0889e+01
   4.3619e+08   3.0288e+09   1.8300e+02
   1.1338e+09   2.9283e+09   3.4500e+02
   1.8083e+09   2.6672e+09   5.0613e+02
   2.4226e+09   2.2507e+09   6.6559e+02
   2.9410e+09   1.6927e+09   8.2262e+02
   3.3309e+09   1.0153e+09   9.7644e+02
   3.5647e+09   2.4812e+08   1.1263e+03
   3.6219e+09  -5.7293e+08   1.2715e+03
   3.4899e+09  -1.4071e+09   1.4112e+03
   3.1658e+09  -2.2110e+09   1.5448e+03
   2.6566e+09  -2.9401e+09   1.6716e+03
   1.9794e+09  -3.5520e+09   1.7910e+03
   1.1612e+09  -4.0079e+09   1.9023e+03
   2.3812e+08  -4.2754e+09   2.0050e+03
  -7.4661e+08  -4.3302e+09   2.0986e+03
  -1.7440e+09  -4.1582e+09   2.1825e+03
  -2.7017e+09  -3.7566e+09   2.2562e+03
  -3.5670e+09  -3.1343e+09   2.3195e+03
  -4.2889e+09  -2.3127e+09   2.3719e+03
  -4.8215e+09  -1.3249e+09   2.4131e+03
  -5.1267e+09  -2.1434e+08   2.4430e+03
  -5.1761e+09   9.6647e+08   2.4612e+03
  -4.9535e+09   2.1587e+09   2.4676e+03
  -4.4563e+09   3.2996e+09   2.4622e+03
  -3.6963e+09   4.3260e+09   2.4448e+03
  -2.6999e+09   5.1773e+09   2.4157e+03
  -1.5074e+09   5.7992e+09   2.3747e+03
  -1.7172e+08   6.1464e+09   2.3222e+03
   1.2440e+09   6.1859e+09   2.2582e+03
   2.6687e+09   5.8994e+09   2.1830e+03
   4.0275e+09   5.2847e+09   2.0969e+03
   5.2447e+09   4.3571e+09   2.0003e+03
   6.2483e+09   3.1491e+09   1.8937e+03
   6.9736e+09   1.7099e+09   1.7774e+03
   7.3675e+09   1.0373e+08   1.6519e+03
   7.3914e+09  -1.5932e+09   1.5180e+03
   7.0244e+09  -3.2956e+09   1.3760e+03
   6.2653e+09  -4.9135e+09   1.2268e+03
   5.1336e+09  -6.3566e+09   1.0709e+03
   3.6695e+09  -7.5390e+09   9.0910e+02
   1.9331e+09  -8.3842e+09   7.4216e+02
   1.9807e+06  -8.8294e+09   5.7084e+02
  -2.0317e+09  -8.8299e+09   3.9595e+02
  -4.0654e+09  -8.3619e+09   2.1831e+02
  -5.9914e+09  -7.4256e+09   3.8760e+01
  -7.7017e+09  -6.0456e+09  -1.4184e+02
  -9.0942e+09  -4.2717e+09  -3.2263e+02
  -1.0078e+10  -2.1770e+09  -5.0273e+02
  -1.0579e+10   1.4420e+08  -6.8128e+02
  -1.0546e+10   2.5809e+09  -8.5741e+02
  -9.9518e+09   5.0100e+09  -1.0303e+03
  -8.7979e+09   7.3022e+09  -1.1990e+03
  -7.1160e+09   9.3286e+09  -1.3627e+03
  -4.9674e+09   1.0968e+10  -1.5207e+03
  -2.4412e+09   1.2112e+10  -1.6721e+03
   3.4841e+08   1.2674e+10  -1.8162e+03
   3.2676e+09   1.2594e+10  -1.9523e+03
   6.1682e+09   1.1841e+10  -2.0796e+03
   8.8956e+09   1.0420e+10  -2.1975e+03
   1.1296e+10   8.3715e+09  -2.3054e+03
   1.3224e+10   5.7698e+09  -2.4027e+03
   1.4553e+10   2.7240e+09  -2.4889e+03
   1.5180e+10  -6.2785e+08  -2.5635e+03
   1.5036e+10  -4.1243e+09  -2.6261e+03
   1.4086e+10  -7.5874e+09  -2.6764e+03
   1.2338e+10  -1.0832e+10  -2.7141e+03
   9.8433e+09  -1.3673e+10  -2.7389e+03
   6.6939e+09  -1.5941e+10  -2.7505e+03
   3.0224e+09  -1.7482e+10  -2.7490e+03
  -1.0043e+09  -1.8179e+10  -2.7343e+03
  -5.1913e+09  -1.7947e+10  -2.7063e+03
  -9.3250e+09  -1.6752e+10  -2.6652e+03
  -1.3183e+10  -1.4604e+10  -2.6110e+03
  -1.6547e+10  -1.1567e+10  -2.5440e+03
  -1.9211e+10  -7.7560e+09  -2.4644e+03
  -2.0998e+10  -3.3312e+09  -2.3726e+03
  -2.1765e+10   1.5051e+09  -2.2689e+03
  -2.1418e+10   6.5182e+09  -2.1537e+03
  -1.9917e+10   1.1451e+10  -2.0277e+03
  -1.7279e+10   1.6039e+10  -1.8912e+03
  -1.3585e+10   2.0019e+10  -1.7451e+03
  -8.9744e+09   2.3148e+10  -1.5898e+03
  -3.6429e+09   2.5215e+10  -1.4260e+03
   2.1648e+09   2.6054e+10  -1.2547e+03
   8.1656e+09   2.5555e+10  -1.0765e+03
   1.4052e+10   2.3674e+10  -8.9219e+02
   1.9505e+10   2.0438e+10  -7.0274e+02
   2.4212e+10   1.5946e+10  -5.0899e+02
   2.7885e+10   1.0369e+10  -3.1186e+02
   3.0273e+10   3.9463e+09  -1.1227e+02
   3.1182e+10  -3.0263e+09   8.8811e+01
   3.0485e+10  -1.0208e+10   2.9044e+02
   2.8133e+10  -1.7230e+10   4.9164e+02
   2.4165e+10  -2.3710e+10   6.9144e+02
   1.8704e+10  -2.9275e+10   8.8887e+02
   1.1961e+10  -3.3584e+10   1.0830e+03
   4.2260e+09  -3.6339e+10   1.2728e+03
  -4.1438e+09  -3.7312e+10   1.4574e+03
  -1.2738e+10  -3.6357e+10   1.6359e+03
  -2.1112e+10  -3.3424e+10   1.8073e+03
  -2.8810e+10  -2.8561e+10   1.9709e+03
  -3.5388e+10  -2.1925e+10   2.1258e+03
  -4.0438e+10  -1.3774e+10   2.2712e+03
  -4.3611e+10  -4.4603e+09   2.4063e+03
  -4.4638e+10   5.5845e+09   2.5306e+03
  -4.3352e+10   1.5866e+10   2.6432e+03
  -3.9698e+10   2.5851e+10   2.7436e+03
  -3.3744e+10   3.4994e+10   2.8313e+03
  -2.5683e+10   4.2767e+10   2.9058e+03
  -1.5833e+10   4.8682e+10   2.9667e+03
  -4.6204e+09   5.2329e+10   3.0136e+03
   7.4324e+09   5.3393e+10   3.0461e+03
   1.9730e+10   5.1681e+10   3.0642e+03
   3.1634e+10   4.7137e+10   3.0676e+03
   4.2491e+10   3.9851e+10   3.0563e+03
   5.1669e+10   3.0064e+10   3.0301e+03
   5.8594e+10   1.8163e+10   2.9893e+03
   6.2777e+10   4.6675e+09   2.9339e+03
   6.3852e+10  -9.7918e+09   2.8640e+03
   6.1597e+10  -2.4499e+10   2.7801e+03
   5.5954e+10  -3.8686e+10   2.6823e+03
   4.7044e+10  -5.1574e+10   2.5712e+03
   3.5165e+10  -6.2409e+10   2.4471e+03
   2.0791e+10  -7.0509e+10   2.3107e+03
   4.5504e+09  -7.5297e+10   2.1625e+03
  -1.2793e+10  -7.6346e+10   2.0031e+03
  -3.0377e+10  -7.3399e+10   1.8334e+03
  -4.7283e+10  -6.6402e+10   1.6539e+03
  -6.2577e+10  -5.5512e+10   1.4657e+03
  -7.5363e+10  -4.1099e+10   1.2695e+03
  -8.4829e+10  -2.3741e+10   1.0662e+03
  -9.0297e+10  -4.2024e+09   8.5687e+02
  -9.1265e+10   1.6595e+10   6.4236e+02
  -8.7443e+10   3.7616e+10   4.2373e+02
  -7.8779e+10   5.7757e+10   2.0200e+02
  -6.5476e+10   7.5901e+10  -2.1773e+01
  -4.7994e+10   9.0982e+10  -2.4652e+02
  -2.7038e+10   1.0204e+11  -4.7115e+02
  -3.5363e+09   1.0826e+11  -6.9460e+02
   2.1400e+10   1.0908e+11  -9.1578e+02
   4.6523e+10   1.0415e+11  -1.1336e+03
   7.0512e+10   9.3434e+10  -1.3470e+03
   9.2032e+10   7.7193e+10  -1.5550e+03
   1.0981e+11   5.5996e+10  -1.7565e+03
   1.2271e+11   3.0703e+10  -1.9505e+03
   1.2978e+11   2.4400e+09  -2.1360e+03
   1.3034e+11  -2.7452e+10  -2.3122e+03
   1.2402e+11  -5.7474e+10  -2.4780e+03
   1.1078e+11  -8.6039e+10  -2.6327e+03
   9.0965e+10  -1.1155e+11  -2.7755e+03
   6.5271e+10  -1.3251e+11  -2.9056e+03
   3.4752e+10  -1.4754e+11  -3.0224e+03
   7.6918e+08  -1.5554e+11  -3.1251e+03
  -3.5057e+10  -1.5572e+11  -3.2133e+03
  -7.0924e+10  -1.4765e+11  -3.2865e+03
  -1.0493e+11  -1.3131e+11  -3.3441e+03
  -1.3518e+11  -1.0714e+11  -3.3860e+03
  -1.5985e+11  -7.6009e+10  -3.4117e+03
  -1.7736e+11  -3.9190e+10  -3.4212e+03
  -1.8639e+11   1.6605e+09  -3.4142e+03
  -1.8600e+11   4.4590e+10  -3.3907e+03
  -1.7573e+11   8.7432e+10  -3.3508e+03
  -1.5560e+11   1.2791e+11  -3.2946e+03
  -1.2614e+11   1.6375e+11  -3.2222e+03
  -8.8420e+10   1.9280e+11  -3.1339e+03
  -4.4014e+10   2.1316e+11  -3.0302e+03
   5.0837e+09   2.2330e+11  -2.9113e+03
   5.6516e+10   2.2213e+11  -2.7779e+03
   1.0768e+11   2.0911e+11  -2.6304e+03
   1.5584e+11   1.8431e+11  -2.4696e+03
   1.9829e+11   1.4842e+11  -2.2961e+03
   2.3248e+11   1.0274e+11  -2.1107e+03
   2.5614e+11   4.9199e+10  -1.9142e+03
   2.6748e+11  -9.7982e+09  -1.7076e+03
   2.6522e+11  -7.1405e+10  -1.4918e+03
   2.4877e+11  -1.3249e+11  -1.2677e+03
   2.1826e+11  -1.8979e+11  -1.0365e+03
   1.7454e+11  -2.4006e+11  -7.9914e+02
   1.1925e+11  -2.8026e+11  -5.5680e+02
   5.4698e+10  -3.0773e+11  -3.1061e+02
  -1.6181e+10  -3.2033e+11  -6.1741e+01
  -8.9960e+10  -3.1660e+11   1.8862e+02
  -1.6288e+11  -2.9588e+11   4.3929e+02
  -2.3103e+11  -2.5836e+11   6.8904e+02
  -2.9054e+11  -2.0515e+11   9.3668e+02
  -3.3779e+11  -1.3823e+11   1.1810e+03
  -3.6963e+11  -6.0431e+10   1.4208e+03
  -3.8355e+11   2.4705e+10   1.6549e+03
  -3.7786e+11   1.1305e+11   1.8822e+03
  -3.5182e+11   2.0008e+11   2.1015e+03
  -3.0574e+11   2.8111e+11   2.3118e+03
  -2.4099e+11   3.5153e+11   2.5119e+03
  -1.6002e+11   4.0704e+11   2.7009e+03
  -6.6272e+10   4.4390e+11   2.8778e+03
   3.5969e+10   4.5916e+11   3.0417e+03
   1.4173e+11   4.5087e+11   3.1917e+03
   2.4557e+11   4.1823e+11   3.3271e+03
   3.4190e+11   3.6167e+11   3.4471e+03
   4.2521e+11   2.8292e+11   3.5511e+03
   4.9037e+11   1.8498e+11   3.6385e+03
   5.3298e+11   7.2038e+10   3.7088e+03
   5.4957e+11  -5.0720e+10   3.7616e+03
   5.3789e+11  -1.7730e+11   3.7965e+03
   4.9705e+11  -3.0119e+11   3.8133e+03
   4.2768e+11  -4.1567e+11   3.8118e+03
   3.3194e+11  -5.1418e+11   3.7919e+03
   2.1351e+11  -5.9063e+11   3.7537e+03
   7.7469e+10  -6.3981e+11   3.6973e+03
  -6.9896e+10  -6.5765e+11   3.6227e+03
  -2.2137e+11  -6.4155e+11   3.5304e+03
  -3.6914e+11  -5.9057e+11   3.4206e+03
  -5.0516e+11  -5.0554e+11   3.2938e+03
  -6.2160e+11  -3.8919e+11   3.1505e+03
  -7.1124e+11  -2.4602e+11   2.9914e+03
  -7.6791e+11  -8.2202e+10   2.8171e+03
  -7.8684e+11   9.4667e+10   2.6284e+03
  -7.6504e+11   2.7590e+11   2.4261e+03
  -7.0149e+11   4.5211e+11   2.2112e+03
  -5.9736e+11   6.1368e+11   1.9846e+03
  -4.5601e+11   7.5127e+11   1.7473e+03
  -2.8298e+11   8.5630e+11   1.5005e+03
  -8.5747e+10   9.2147e+11   1.2453e+03
   1.2649e+11   9.4122e+11   9.8283e+02
   3.4328e+11   9.1209e+11   7.1438e+02
   5.5336e+11   8.3302e+11   4.4119e+02
   7.4523e+11   7.0557e+11   1.6457e+02
   9.0774e+11   5.3392e+11  -1.1419e+02
   1.0307e+12   3.2485e+11  -3.9373e+02
   1.1055e+12   8.7446e+10  -6.7272e+02
   1.1257e+12  -1.6719e+11  -9.4982e+02
   1.0872e+12  -4.2646e+11  -1.2237e+03
   9.8894e+11  -6.7687e+11  -1.4930e+03
   8.3304e+11  -9.0465e+11  -1.7564e+03
   6.2468e+11  -1.0965e+12  -2.0126e+03
   3.7212e+11  -1.2404e+12  -2.2603e+03
   8.6425e+10  -1.3261e+12  -2.4984e+03
  -2.1901e+11  -1.3460e+12  -2.7255e+03
  -5.2904e+11  -1.2956e+12  -2.9407e+03
  -8.2744e+11  -1.1737e+12  -3.1427e+03
  -1.0978e+12  -9.8314e+11  -3.3305e+03
  -1.3242e+12  -7.3029e+11  -3.5032e+03
  -1.4924e+12  -4.2529e+11  -3.6599e+03
  -1.5904e+12  -8.1541e+10  -3.7997e+03
  -1.6092e+12   2.8477e+11  -3.9219e+03
  -1.5436e+12   6.5540e+11  -4.0258e+03
  -1.3926e+12   1.0109e+12  -4.1108e+03
  -1.1598e+12   1.3317e+12  -4.1764e+03
  -8.5305e+11   1.5988e+12  -4.2222e+03
  -4.8480e+11   1.7953e+12  -4.2479e+03
  -7.1302e+10   1.9070e+12  -4.2533e+03
   3.6792e+11   1.9234e+12  -4.2382e+03
   8.1092e+11   1.8386e+12  -4.2026e+03
   1.2344e+12   1.6519e+12  -4.1467e+03
   1.6149e+12   1.3675e+12  -4.0705e+03
   1.9299e+12   9.9559e+11  -3.9743e+03
   2.1592e+12   5.5109e+11  -3.8585e+03
   2.2861e+12   5.3778e+10  -3.7236e+03
   2.2985e+12  -4.7277e+11  -3.5701e+03
   2.1896e+12  -1.0022e+12  -3.3986e+03
   1.9588e+12  -1.5065e+12  -3.2100e+03
   1.6118e+12  -1.9577e+12  -3.0050e+03
   1.1609e+12  -2.3289e+12  -2.7845e+03
   6.2448e+11  -2.5963e+12  -2.5496e+03
   2.6486e+10  -2.7401e+12  -2.3013e+03
  -6.0463e+11  -2.7462e+12  -2.0407e+03
  -1.2372e+12  -2.6069e+12  -1.7690e+03
  -1.8376e+12  -2.3220e+12  -1.4875e+03
  -2.3724e+12  -1.8987e+12  -1.1974e+03
  -2.8097e+12  -1.3523e+12  -9.0023e+02
  -3.1212e+12  -7.0515e+11  -5.9726e+02
  -3.2836e+12   1.3751e+10  -2.8996e+02
  -3.2805e+12   7.7006e+11   2.0222e+01
  -3.1031e+12   1.5256e+12   3.3180e+02
  -2.7517e+12   2.2404e+12   6.4328e+02
  -2.2357e+12   2.8742e+12   9.5316e+02
  -1.5737e+12   3.3891e+12   1.2599e+03
  -7.9310e+11   3.7516e+12   1.5621e+03
   7.0987e+10   3.9342e+12   1.8583e+03
   9.7715e+11   3.9179e+12   2.1469e+03
   1.8795e+12   3.6928e+12   2.4265e+03
   2.7301e+12   3.2599e+12   2.6958e+03
   3.4809e+12   2.6311e+12   2.9535e+03
   4.0870e+12   1.8293e+12   3.1981e+03
   4.5083e+12   8.8801e+11   3.4285e+03
   4.7128e+12  -1.5037e+11   3.6436e+03
   4.6782e+12  -1.2359e+12   3.8421e+03
   4.3935e+12  -2.3134e+12   4.0230e+03
   3.8607e+12  -3.3253e+12   4.1855e+03
   3.0948e+12  -4.2145e+12   4.3286e+03
   2.1241e+12  -4.9274e+12   4.4515e+03
   9.8918e+11  -5.4166e+12   4.5536e+03
  -2.5841e+11  -5.6444e+12   4.6343e+03
  -1.5585e+12  -5.5849e+12   4.6930e+03
  -2.8448e+12  -5.2260e+12   4.7294e+03
  -4.0485e+12  -4.5707e+12   4.7432e+03
  -5.1013e+12  -3.6382e+12   4.7343e+03
  -5.9392e+12  -2.4633e+12   4.7025e+03
  -6.5066e+12  -1.0953e+12   4.6479e+03
  -6.7589e+12   4.0332e+11   4.5706e+03
  -6.6660e+12   1.9601e+12   4.4710e+03
  -6.2145e+12   3.4954e+12   4.3493e+03
  -5.4094e+12   4.9268e+12   4.2062e+03
  -4.2747e+12   6.1727e+12   4.0420e+03
  -2.8529e+12   7.1573e+12   3.8577e+03
  -1.2044e+12   7.8144e+12   3.6538e+03
   5.9546e+11   8.0918e+12   3.4314e+03
   2.4592e+12   7.9547e+12   3.1914e+03
   4.2914e+12   7.3882e+12   2.9349e+03
   5.9931e+12   6.3998e+12   2.6630e+03
   7.4672e+12   5.0194e+12   2.3769e+03
   8.6233e+12   3.2996e+12   2.0781e+03
   9.3832e+12   1.3134e+12   1.7678e+03
   9.6858e+12  -8.4781e+11   1.4475e+03
   9.4905e+12  -3.0787e+12   1.1186e+03

