        0        0   1.0000
   0.0120   0.0991   0.9976
   0.0473   0.1927   0.9904
   0.1041   0.2756   0.9784
   0.1793   0.3432   0.9617
   0.2691   0.3917   0.9404
   0.3685   0.4182   0.9146
   0.4724   0.4212   0.8843
   0.5753   0.4001   0.8498
   0.6717   0.3559   0.8112
   0.7564   0.2907   0.7687
   0.8251   0.2076   0.7225
   0.8740   0.1108   0.6729
   0.9005   0.0052   0.6199
   0.9032  -0.1040   0.5640
   0.8819  -0.2112   0.5054
   0.8377  -0.3109   0.4444
   0.7729  -0.3983   0.3812
   0.6909  -0.4688   0.3162
   0.5959  -0.5191   0.2496
   0.4930  -0.5466   0.1819
   0.3875  -0.5503   0.1133
   0.2849  -0.5302   0.0441
   0.1906  -0.4875  -0.0253
   0.1095  -0.4247  -0.0945
   0.0459  -0.3455  -0.1633
   0.0029  -0.2543  -0.2313
  -0.0170  -0.1560  -0.2982
  -0.0131  -0.0562  -0.3637
   0.0145   0.0397  -0.4274
   0.0642   0.1263  -0.4891
   0.1333   0.1989  -0.5484
   0.2181   0.2533  -0.6051
   0.3140   0.2865  -0.6588
   0.4159   0.2964  -0.7094
   0.5183   0.2823  -0.7565
   0.6157   0.2448  -0.8001
   0.7029   0.1855  -0.8397
   0.7751   0.1074  -0.8754
   0.8286   0.0143  -0.9068
   0.8602  -0.0890  -0.9338
   0.8684  -0.1974  -0.9564
   0.8525  -0.3053  -0.9743
   0.8132  -0.4073  -0.9876
   0.7526  -0.4981  -0.9961
   0.6738  -0.5733  -0.9998
   0.5807  -0.6291  -0.9987
   0.4782  -0.6628  -0.9928
   0.3715  -0.6727  -0.9821
   0.2663  -0.6587  -0.9667
   0.1679  -0.6216  -0.9466
   0.0814  -0.5637  -0.9220
   0.0113  -0.4881  -0.8930
  -0.0390  -0.3992  -0.8596
  -0.0668  -0.3018  -0.8221
  -0.0708  -0.2013  -0.7806
  -0.0509  -0.1032  -0.7354
  -0.0084  -0.0129  -0.6867
   0.0544   0.0646  -0.6346
   0.1340   0.1251  -0.5795
   0.2261   0.1651  -0.5216
   0.3257   0.1823  -0.4612
   0.4273   0.1756  -0.3985
   0.5254   0.1451  -0.3340
   0.6148   0.0924  -0.2678
   0.6905   0.0199  -0.2004
   0.7484  -0.0688  -0.1320
   0.7852  -0.1690  -0.0629
   0.7989  -0.2758   0.0064
   0.7886  -0.3836   0.0758
   0.7546  -0.4871   0.1447
   0.6986  -0.5808   0.2130
   0.6234  -0.6600   0.2802
   0.5327  -0.7208   0.3461
   0.4313  -0.7601   0.4103
   0.3242  -0.7759   0.4726
   0.2169  -0.7678   0.5325
   0.1150  -0.7361   0.5899
   0.0236  -0.6829   0.6445
  -0.0526  -0.6111   0.6960
  -0.1097  -0.5246   0.7441
  -0.1450  -0.4282   0.7886
  -0.1568  -0.3271   0.8294
  -0.1446  -0.2269   0.8661
  -0.1092  -0.1330   0.8987
  -0.0528  -0.0505   0.9269
   0.0215   0.0160   0.9507
   0.1096   0.0630   0.9699
   0.2067   0.0877   0.9845
   0.3073   0.0887   0.9943
   0.4060   0.0658   0.9993
   0.4974   0.0200   0.9995
   0.5765  -0.0463   0.9949
   0.6388  -0.1298   0.9855
   0.6809  -0.2263   0.9714
   0.7003  -0.3308   0.9525
   0.6959  -0.4379   0.9291
   0.6675  -0.5421   0.9013
   0.6166  -0.6380   0.8691
   0.5456  -0.7206   0.8327
   0.4579  -0.7859   0.7923
   0.3582  -0.8303   0.7481
   0.2513  -0.8518   0.7002
   0.1427  -0.8493   0.6491
   0.0380  -0.8230   0.5947
  -0.0576  -0.7745   0.5376
  -0.1393  -0.7064   0.4778
  -0.2029  -0.6225   0.4157
  -0.2452  -0.5272   0.3517
  -0.2644  -0.4258   0.2859
  -0.2596  -0.3236   0.2188
  -0.2313  -0.2263   0.1506
  -0.1813  -0.1389   0.0817
  -0.1123  -0.0663   0.0124
  -0.0282  -0.0124  -0.0570
   0.0661   0.0199  -0.1261
   0.1657   0.0288  -0.1945
   0.2649   0.0137  -0.2621
   0.3582  -0.0247  -0.3284
   0.4406  -0.0843  -0.3931
   0.5074  -0.1622  -0.4559
   0.5548  -0.2543  -0.5165
   0.5802  -0.3559  -0.5746
   0.5819  -0.4615  -0.6300
   0.5596  -0.5659  -0.6823
   0.5143  -0.6634  -0.7314
   0.4480  -0.7490  -0.7769
   0.3641  -0.8182  -0.8187
   0.2668  -0.8675  -0.8565
   0.1609  -0.8943  -0.8903
   0.0517  -0.8973  -0.9197
  -0.0551  -0.8763  -0.9447
  -0.1542  -0.8325  -0.9652
  -0.2406  -0.7683  -0.9810
  -0.3101  -0.6871  -0.9921
  -0.3590  -0.5932  -0.9984
  -0.3853  -0.4916  -0.9999
  -0.3876  -0.3878  -0.9966
  -0.3661  -0.2873  -0.9885
  -0.3222  -0.1954  -0.9757
  -0.2585  -0.1169  -0.9581
  -0.1786  -0.0561  -0.9359
  -0.0869  -0.0162  -0.9093
   0.0114   0.0007  -0.8782
   0.1109  -0.0064  -0.8430
   0.2062  -0.0370  -0.8036
   0.2919  -0.0897  -0.7604
   0.3632  -0.1615  -0.7136
   0.4162  -0.2488  -0.6633
   0.4477  -0.3468  -0.6098
   0.4560  -0.4506  -0.5534
   0.4402  -0.5545  -0.4943
   0.4009  -0.6531  -0.4328
   0.3401  -0.7411  -0.3693
   0.2606  -0.8140  -0.3039
   0.1664  -0.8679  -0.2371
   0.0623  -0.8998  -0.1692
  -0.0466  -0.9082  -0.1005
  -0.1547  -0.8925  -0.0312
  -0.2566  -0.8535   0.0382
  -0.3471  -0.7934   0.1074
  -0.4217  -0.7152   0.1760
  -0.4768  -0.6230   0.2439
  -0.5096  -0.5218   0.3105
  -0.5186  -0.4167   0.3757
  -0.5037  -0.3133   0.4390
  -0.4659  -0.2171   0.5003
  -0.4074  -0.1331   0.5591
  -0.3315  -0.0656   0.6153
  -0.2426  -0.0183   0.6684
  -0.1455   0.0066   0.7184
  -0.0456   0.0076   0.7649
   0.0515  -0.0152   0.8077
   0.1405  -0.0606   0.8467
   0.2164  -0.1260   0.8815
   0.2750  -0.2080   0.9121
   0.3129  -0.3023   0.9384
   0.3280  -0.4036   0.9601
   0.3191  -0.5067   0.9772
   0.2865  -0.6060   0.9895
   0.2317  -0.6962   0.9972
   0.1573  -0.7724   1.0000
   0.0671  -0.8306   0.9980
  -0.0346  -0.8676   0.9912
  -0.1424  -0.8813   0.9796
  -0.2510  -0.8710   0.9633
  -0.3548  -0.8371   0.9424
  -0.4487  -0.7813   0.9170
  -0.5279  -0.7065   0.8871
  -0.5883  -0.6164   0.8529
  -0.6272  -0.5159   0.8147
  -0.6426  -0.4101   0.7725
  -0.6340  -0.3044   0.7266
  -0.6020  -0.2043   0.6772
  -0.5486  -0.1151   0.6246
  -0.4768  -0.0414   0.5689
  -0.3906   0.0132   0.5106
  -0.2948   0.0458   0.4497
  -0.1947   0.0548   0.3867
  -0.0958   0.0399   0.3218
  -0.0035   0.0019   0.2554
   0.0770  -0.0570   0.1877
   0.1414  -0.1335   0.1192
   0.1859  -0.2236   0.0500
   0.2081  -0.3222  -0.0193
   0.2065  -0.4241  -0.0886
   0.1810  -0.5238  -0.1575
   0.1328  -0.6158  -0.2256
   0.0642  -0.6952  -0.2926
  -0.0215  -0.7576  -0.3582
  -0.1198  -0.7995  -0.4220
  -0.2258  -0.8187  -0.4839
  -0.3341  -0.8140  -0.5434
  -0.4391  -0.7854  -0.6003
  -0.5356  -0.7343  -0.6543
  -0.6187  -0.6633  -0.7052
  -0.6840  -0.5760  -0.7526
  -0.7285  -0.4767  -0.7965
  -0.7498  -0.3707  -0.8365
  -0.7472  -0.2632  -0.8725
  -0.7209  -0.1599  -0.9043
  -0.6724  -0.0661  -0.9317
  -0.6046   0.0135  -0.9546
  -0.5213   0.0749  -0.9730
  -0.4269   0.1150  -0.9867
  -0.3266   0.1318  -0.9956
  -0.2260   0.1246  -0.9997
  -0.1306   0.0940  -0.9990
  -0.0454   0.0417  -0.9935
   0.0247  -0.0292  -0.9832
   0.0760  -0.1149  -0.9682
   0.1055  -0.2106  -0.9485
   0.1115  -0.3111  -0.9243
   0.0935  -0.4109  -0.8956
   0.0524  -0.5046  -0.8626
  -0.0099  -0.5870  -0.8255
  -0.0903  -0.6536  -0.7843
  -0.1846  -0.7006  -0.7394
  -0.2880  -0.7253  -0.6910
  -0.3953  -0.7264  -0.6392
  -0.5008  -0.7034  -0.5843
  -0.5993  -0.6575  -0.5267
  -0.6855  -0.5908  -0.4664
  -0.7552  -0.5067  -0.4040
  -0.8048  -0.4094  -0.3396
  -0.8318  -0.3038  -0.2736
  -0.8348  -0.1953  -0.2062
  -0.8140  -0.0895  -0.1379
  -0.7705   0.0084  -0.0688
  -0.7068   0.0933   0.0005
  -0.6263   0.1610   0.0698
  -0.5334   0.2081   0.1388
  -0.4332   0.2324   0.2072
  -0.3311   0.2327   0.2745
  -0.2325   0.2093   0.3405
  -0.1429   0.1637   0.4049
  -0.0670   0.0984   0.4673
  -0.0090   0.0172   0.5275
   0.0279  -0.0754   0.5851
   0.0417  -0.1744   0.6400
   0.0316  -0.2743   0.6917
  -0.0020  -0.3695   0.7401
  -0.0575  -0.4548   0.7850
  -0.1321  -0.5255   0.8260
  -0.2217  -0.5776   0.8631
  -0.3220  -0.6082   0.8961
  -0.4275  -0.6153   0.9247
  -0.5329  -0.5983   0.9489
  -0.6327  -0.5580   0.9685
  -0.7216  -0.4963   0.9834
  -0.7952  -0.4160   0.9936
  -0.8495  -0.3214   0.9990
  -0.8817  -0.2170   0.9997
  -0.8903  -0.1082   0.9955
  -0.8749  -0.0005   0.9865
  -0.8363   0.1007   0.9728
  -0.7767   0.1902   0.9543
  -0.6992   0.2636   0.9313
  -0.6081   0.3173   0.9038
  -0.5081   0.3486   0.8720
  -0.4047   0.3561   0.8360
  -0.3034   0.3398   0.7959
  -0.2094   0.3006   0.7520
  -0.1280   0.2410   0.7045
  -0.0633   0.1642   0.6536
  -0.0190   0.0747   0.5995
   0.0028  -0.0227   0.5426
   0.0006  -0.1225   0.4830
  -0.0252  -0.2191   0.4212
  -0.0736  -0.3074   0.3572
  -0.1418  -0.3823   0.2916
  -0.2263  -0.4396   0.2246
  -0.3228  -0.4761   0.1565
  -0.4261  -0.4896   0.0876
  -0.5308  -0.4791   0.0183
  -0.6313  -0.4449  -0.0510
  -0.7225  -0.3886  -0.1202
  -0.7994  -0.3130  -0.1887
  -0.8581  -0.2216  -0.2563
  -0.8954  -0.1193  -0.3227
  -0.9094  -0.0109  -0.3876
  -0.8993   0.0978  -0.4506
  -0.8657   0.2015  -0.5114
  -0.8104   0.2950  -0.5698
  -0.7362   0.3734  -0.6254
  -0.6471   0.4331  -0.6780
  -0.5477   0.4710  -0.7273
  -0.4434   0.4853  -0.7731
  -0.3396   0.4757  -0.8153
  -0.2417   0.4428  -0.8535
  -0.1549   0.3887  -0.8875
  -0.0838   0.3164  -0.9173
  -0.0321   0.2300  -0.9427
  -0.0025   0.1343  -0.9636
   0.0034   0.0347  -0.9798
  -0.0145  -0.0634  -0.9913
  -0.0554  -0.1546  -0.9980
  -0.1170  -0.2337  -1.0000
  -0.1961  -0.2963  -0.9971
  -0.2883  -0.3390  -0.9894
  -0.3889  -0.3592  -0.9770
  -0.4924  -0.3555  -0.9598
  -0.5933  -0.3280  -0.9380
  -0.6863  -0.2778  -0.9117
  -0.7663  -0.2073  -0.8811
  -0.8291  -0.1201  -0.8461
  -0.8713  -0.0205  -0.8072
  -0.8906   0.0865  -0.7643
  -0.8859   0.1955  -0.7177
  -0.8574   0.3010  -0.6677
  -0.8066   0.3976  -0.6145
  -0.7360   0.4805  -0.5583
  -0.6493   0.5455  -0.4994
  -0.5510   0.5894  -0.4382
  -0.4462   0.6102  -0.3748
  -0.3403   0.6070  -0.3096
  -0.2389   0.5802  -0.2429
  -0.1473   0.5314  -0.1751
  -0.0700   0.4635  -0.1064
  -0.0113   0.3803  -0.0372
   0.0260   0.2863   0.0322
   0.0400   0.1869   0.1014
   0.0300   0.0874   0.1702
  -0.0034  -0.0066   0.2381
  -0.0582  -0.0900   0.3049
  -0.1315  -0.1581   0.3702
  -0.2192  -0.2071   0.4337
  -0.3167  -0.2341   0.4951
  -0.4187  -0.2377   0.5542
  -0.5196  -0.2172   0.6106
  -0.6140  -0.1737   0.6640
  -0.6969  -0.1091   0.7143
  -0.7636  -0.0267   0.7611
  -0.8106   0.0694   0.8042
  -0.8353   0.1743   0.8435
  -0.8361   0.2828   0.8787
  -0.8130   0.3892   0.9097
  -0.7670   0.4882   0.9363
  -0.7004   0.5748   0.9584
  -0.6166   0.6446   0.9759
  -0.5198   0.6941   0.9887
  -0.4151   0.7209   0.9967
  -0.3078   0.7237   0.9999
  -0.2034   0.7028   0.9983
  -0.1073   0.6592   0.9920
  -0.0245   0.5957   0.9808
   0.0410   0.5156   0.9649
   0.0857   0.4235   0.9444
   0.1074   0.3243   0.9193
   0.1053   0.2236   0.8898
   0.0795   0.1267   0.8560
   0.0315   0.0391   0.8181
  -0.0358  -0.0344   0.7763
  -0.1188  -0.0899   0.7307
  -0.2130  -0.1241   0.6816
  -0.3132  -0.1351   0.6292
  -0.4139  -0.1222   0.5738
  -0.5096  -0.0857   0.5157
  -0.5951  -0.0276   0.4550
  -0.6657   0.0493   0.3922
  -0.7175   0.1412   0.3274
  -0.7476   0.2433   0.2611
  -0.7541   0.3505   0.1936
  -0.7366   0.4571   0.1251
  -0.6958   0.5579   0.0560
  -0.6337   0.6475  -0.0134
  -0.5533   0.7214  -0.0827
  -0.4587   0.7760  -0.1516
  -0.3548   0.8083  -0.2198
  -0.2467   0.8170  -0.2869
  -0.1400   0.8017  -0.3526
  -0.0401   0.7633  -0.4166
   0.0479   0.7041  -0.4787
   0.1195   0.6272  -0.5384
   0.1712   0.5370  -0.5955
   0.2004   0.4383  -0.6498
   0.2059   0.3364  -0.7009
   0.1875   0.2369  -0.7487
   0.1464   0.1452  -0.7929
   0.0850   0.0662  -0.8332
   0.0068   0.0043  -0.8696
  -0.0839  -0.0372  -0.9017
  -0.1821  -0.0559  -0.9295
  -0.2824  -0.0508  -0.9528
  -0.3792  -0.0219  -0.9716
  -0.4673   0.0293  -0.9857
  -0.5418   0.1002  -0.9950
  -0.5984   0.1873  -0.9995
  -0.6340   0.2859  -0.9993
  -0.6465   0.3910  -0.9942
  -0.6350   0.4973  -0.9843
  -0.5999   0.5990  -0.9697
  -0.5428   0.6911  -0.9504
  -0.4664   0.7687  -0.9266
  -0.3747   0.8278  -0.8983
  -0.2721   0.8655  -0.8656
  -0.1640   0.8797  -0.8288
  -0.0557   0.8699  -0.7880
   0.0473   0.8366  -0.7434
   0.1397   0.7817  -0.6953
   0.2169   0.7082  -0.6438
   0.2750   0.6200  -0.5892
   0.3113   0.5219  -0.5317
   0.3241   0.4192  -0.4717
   0.3129   0.3172  -0.4094
   0.2785   0.2216  -0.3452
   0.2230   0.1373  -0.2793
   0.1496   0.0690  -0.2120
   0.0625   0.0202  -0.1438
  -0.0337  -0.0063  -0.0748
  -0.1334  -0.0091  -0.0055
  -0.2313   0.0120   0.0639
  -0.3219   0.0558   0.1329
  -0.4002   0.1203   0.2013
  -0.4617   0.2019   0.2688
  -0.5031   0.2965   0.3349
  -0.5218   0.3991   0.3994
  -0.5167   0.5043   0.4620
  -0.4877   0.6065   0.5224
  -0.4361   0.7005   0.5803
  -0.3645   0.7813   0.6354
  -0.2763   0.8447   0.6874
  -0.1759   0.8872   0.7361
  -0.0685   0.9068   0.7813
   0.0406   0.9024   0.8227
   0.1459   0.8742   0.8601
   0.2420   0.8238   0.8934
   0.3241   0.7538   0.9224
   0.3882   0.6680   0.9470
   0.4311   0.5708   0.9670
   0.4507   0.4675   0.9823
   0.4464   0.3634   0.9929
   0.4185   0.2642   0.9988
   0.3688   0.1749   0.9998
   0.3003   0.1004   0.9960
   0.2166   0.0445   0.9874
   0.1226   0.0102   0.9741
   0.0234  -0.0007   0.9561
  -0.0754   0.0124   0.9335
  -0.1685   0.0487   0.9064
  -0.2506   0.1063   0.8749
  -0.3172   0.1822   0.8392
  -0.3645   0.2723   0.7995
  -0.3897   0.3718   0.7559
  -0.3912   0.4754   0.7087
  -0.3689   0.5777   0.6581
  -0.3234   0.6732   0.6043
  -0.2571   0.7568   0.5476
  -0.1732   0.8240   0.4882
  -0.0758   0.8713   0.4265
   0.0301   0.8962   0.3628
   0.1392   0.8972   0.2973
   0.2460   0.8742   0.2304
   0.3450   0.8285   0.1624
   0.4314   0.7623   0.0936
   0.5007   0.6791   0.0243
   0.5496   0.5833  -0.0451
   0.5758   0.4798  -0.1142
   0.5780   0.3741  -0.1829
   0.5564   0.2716  -0.2506
   0.5124   0.1776  -0.3171
   0.4485   0.0972  -0.3821
   0.3684   0.0344  -0.4453
   0.2765  -0.0075  -0.5063
   0.1780  -0.0263  -0.5649
   0.0782  -0.0213  -0.6207
  -0.0173   0.0074  -0.6736
  -0.1033   0.0580  -0.7232
  -0.1750   0.1278  -0.7694
  -0.2283   0.2130  -0.8118
  -0.2603   0.3091  -0.8503
  -0.2689   0.4108  -0.8848
  -0.2536   0.5128  -0.9150
  -0.2148   0.6094  -0.9407
  -0.1545   0.6955  -0.9620
  -0.0755   0.7664  -0.9786
   0.0181   0.8184  -0.9905
   0.1217   0.8484  -0.9977
   0.2300   0.8549  -1.0000
   0.3375   0.8373  -0.9975
   0.4388   0.7965  -0.9902
   0.5287   0.7345  -0.9782
   0.6026   0.6544  -0.9615
   0.6570   0.5604  -0.9401
   0.6892   0.4573  -0.9142
   0.6976   0.3504  -0.8839
   0.6820   0.2452  -0.8493
   0.6435   0.1471  -0.8107
   0.5843   0.0613  -0.7681
   0.5077  -0.0080  -0.7219
   0.4180  -0.0573  -0.6721
   0.3202  -0.0839  -0.6192
   0.2195  -0.0868  -0.5632
   0.1216  -0.0658  -0.5046
   0.0318  -0.0223  -0.4435
  -0.0450   0.0413  -0.3803
  -0.1045   0.1215  -0.3152
  -0.1434   0.2139  -0.2487
  -0.1594   0.3134  -0.1809
  -0.1515   0.4147  -0.1123
  -0.1199   0.5122  -0.0431
  -0.0661   0.6006   0.0263
   0.0072   0.6751   0.0955
   0.0964   0.7316   0.1643
   0.1970   0.7669   0.2323
   0.3037   0.7790   0.2992
   0.4112   0.7670   0.3646
   0.5139   0.7315   0.4283
   0.6067   0.6741   0.4899
   0.6847   0.5976   0.5492
   0.7440   0.5060   0.6058
   0.7817   0.4039   0.6595
   0.7960   0.2965   0.7101
   0.7862   0.1892   0.7572
   0.7530   0.0876   0.8007
   0.6984  -0.0031   0.8403
   0.6254  -0.0785   0.8758
   0.5380  -0.1346   0.9072
   0.4410  -0.1687   0.9342
   0.3396  -0.1793   0.9567
   0.2394  -0.1659   0.9746
   0.1459  -0.1294   0.9878
   0.0640  -0.0721   0.9962
  -0.0017   0.0030   0.9998
  -0.0476   0.0915   0.9987
  -0.0712   0.1887   0.9927
  -0.0711   0.2891   0.9819
  -0.0470   0.3874   0.9665
  -0.0003   0.4780   0.9463
   0.0669   0.5559   0.9216
   0.1510   0.6170   0.8925
   0.2478   0.6576   0.8591
   0.3523   0.6755   0.8215
   0.4590   0.6694   0.7800
   0.5625   0.6396   0.7348
   0.6575   0.5873   0.6860
   0.7389   0.5150   0.6339
   0.8027   0.4265   0.5787
   0.8456   0.3260   0.5208
   0.8654   0.2188   0.4603
   0.8612   0.1102   0.3976
   0.8333   0.0058   0.3331
   0.7833  -0.0892   0.2669
   0.7140  -0.1700   0.1994
   0.6290  -0.2325   0.1310
   0.5330  -0.2737   0.0619
   0.4311  -0.2916  -0.0074
   0.3289  -0.2855  -0.0767
   0.2317  -0.2560  -0.1457
   0.1449  -0.2049  -0.2139
   0.0730  -0.1350  -0.2812
   0.0201  -0.0504  -0.3470
  -0.0112   0.0443  -0.4112
  -0.0190   0.1438  -0.4734
  -0.0028   0.2426  -0.5334
   0.0366   0.3353  -0.5907
   0.0970   0.4168  -0.6453
   0.1756   0.4824  -0.6967
   0.2680   0.5285  -0.7447
   0.3696   0.5525  -0.7892
   0.4750   0.5527  -0.8299
   0.5788   0.5290  -0.8666
   0.6753   0.4823  -0.8991
   0.7598   0.4148  -0.9273
   0.8276   0.3300  -0.9510
   0.8753   0.2320  -0.9702
   0.9005   0.1257  -0.9846
   0.9017   0.0166  -0.9944
   0.8790  -0.0900  -0.9993
   0.8337  -0.1885  -0.9995
   0.7681  -0.2740  -0.9948
   0.6858  -0.3424  -0.9853
   0.5910  -0.3901  -0.9711
   0.4890  -0.4149  -0.9522
   0.3849  -0.4159  -0.9288
   0.2845  -0.3931  -0.9009
   0.1930  -0.3480  -0.8686
   0.1152  -0.2833  -0.8321
   0.0552  -0.2026  -0.7917
   0.0164  -0.1105  -0.7474
   0.0006  -0.0120  -0.6995
   0.0087   0.0874  -0.6483
   0.0404   0.1822  -0.5940
   0.0939   0.2671  -0.5367
   0.1664   0.3374  -0.4769
   0.2541   0.3892  -0.4149
   0.3523   0.4194  -0.3508
   0.4558   0.4262  -0.2850
   0.5592   0.4090  -0.2178
   0.6570   0.3685  -0.1496
   0.7439   0.3065  -0.0807
   0.8155   0.2261  -0.0114
   0.8678   0.1313   0.0579
   0.8980   0.0268   0.1270
   0.9047  -0.0822   0.1955
   0.8873  -0.1900   0.2630
   0.8468  -0.2912   0.3293
   0.7852  -0.3809   0.3940
   0.7058  -0.4543   0.4568
   0.6127  -0.5081   0.5173
   0.5108  -0.5394   0.5754
   0.4054  -0.5470   0.6308
   0.3021  -0.5307   0.6830
   0.2062  -0.4915   0.7320
   0.1228  -0.4319   0.7775
   0.0561  -0.3551   0.8193
   0.0097  -0.2655   0.8570
  -0.0140  -0.1681   0.8907
  -0.0139  -0.0682   0.9201
   0.0100   0.0286   0.9450
   0.0562   0.1170   0.9654
   0.1224   0.1920   0.9812
   0.2050   0.2496   0.9922
   0.2994   0.2863   0.9985
   0.4007   0.3001   0.9999
   0.5033   0.2899   0.9965
   0.6019   0.2560   0.9884
   0.6910   0.2001   0.9754
   0.7660   0.1248   0.9578
   0.8227   0.0339   0.9356
   0.8581  -0.0681   0.9089
   0.8701  -0.1759   0.8778
   0.8581  -0.2842   0.8424
   0.8226  -0.3875   0.8030
   0.7654  -0.4804   0.7598
   0.6893  -0.5584   0.7129
   0.5983  -0.6176   0.6625
   0.4971  -0.6549   0.6090
   0.3908  -0.6688   0.5525
   0.2851  -0.6586   0.4934
   0.1854  -0.6252   0.4319
   0.0967  -0.5705   0.3683
   0.0237  -0.4976   0.3030
  -0.0299  -0.4107   0.2362
  -0.0614  -0.3144   0.1682
  -0.0692  -0.2141   0.0995
  -0.0532  -0.1153   0.0302
  -0.0142  -0.0235  -0.0391
   0.0455   0.0564  -0.1083
   0.1227   0.1198  -0.1770
   0.2131   0.1632  -0.2448
   0.3117   0.1842  -0.3115
   0.4134   0.1814  -0.3766
   0.5124   0.1547  -0.4399
   0.6036   0.1054  -0.5011
   0.6818   0.0359  -0.5599
   0.7428  -0.0504  -0.6160
   0.7832  -0.1491  -0.6692
   0.8008  -0.2551  -0.7191
   0.7944  -0.3631  -0.7655
   0.7642  -0.4676  -0.8083
   0.7117  -0.5632  -0.8472
   0.6394  -0.6451  -0.8820
   0.5510  -0.7091  -0.9125
   0.4510  -0.7520  -0.9387
   0.3446  -0.7717  -0.9603
   0.2371  -0.7675  -0.9774
   0.1340  -0.7396  -0.9897
   0.0407  -0.6898  -0.9972
  -0.0382  -0.6208  -1.0000
  -0.0986  -0.5365  -0.9979
  -0.1375  -0.4414  -0.9911
  -0.1531  -0.3408  -0.9794
  -0.1447  -0.2402  -0.9631
  -0.1130  -0.1450  -0.9421
  -0.0598  -0.0604  -0.9166
   0.0119   0.0089  -0.8866
   0.0980   0.0592  -0.8524
   0.1939   0.0875  -0.8141
   0.2943   0.0924  -0.7719
   0.3937   0.0733  -0.7260
   0.4866   0.0311  -0.6765
   0.5680  -0.0321  -0.6238
   0.6332  -0.1131  -0.5681
   0.6788  -0.2078  -0.5097
   0.7020  -0.3113  -0.4488
   0.7015  -0.4183  -0.3858
   0.6770  -0.5233  -0.3209
   0.6296  -0.6209  -0.2544
   0.5617  -0.7060  -0.1868
   0.4765  -0.7743  -0.1182
   0.3785  -0.8223  -0.0491
   0.2724  -0.8476   0.0203
   0.1639  -0.8491   0.0896
   0.0582  -0.8266   0.1584
  -0.0391  -0.7816   0.2265
  -0.1233  -0.7165   0.2935
  -0.1899  -0.6350   0.3591
  -0.2359  -0.5413   0.4229
  -0.2589  -0.4406   0.4847
  -0.2580  -0.3383   0.5442
  -0.2334  -0.2399   0.6011
  -0.1867  -0.1507   0.6551
  -0.1205  -0.0755   0.7059
  -0.0387  -0.0184   0.7533
   0.0543   0.0175   0.7971
   0.1533   0.0302   0.8370
   0.2529   0.0189   0.8730
   0.3475  -0.0158   0.9047
   0.4320  -0.0722   0.9320
   0.5015  -0.1474   0.9549
   0.5523  -0.2375   0.9732
   0.5814  -0.3378   0.9868
   0.5870  -0.4432   0.9957
   0.5686  -0.5481   0.9997
   0.5269  -0.6470   0.9990
   0.4639  -0.7348   0.9934
   0.3826  -0.8070   0.9831
   0.2872  -0.8597   0.9680
   0.1824  -0.8903   0.9482
   0.0735  -0.8972   0.9239
  -0.0340  -0.8801   0.8952
  -0.1347  -0.8400   0.8621
  -0.2234  -0.7789   0.8249
  -0.2958  -0.7003   0.7837
  -0.3482  -0.6083   0.7388
  -0.3782  -0.5077   0.6903
  -0.3844  -0.4040   0.6384
  -0.3667  -0.3027   0.5835
  -0.3264  -0.2091   0.5258
  -0.2657  -0.1282   0.4656
  -0.1882  -0.0644   0.4031
  -0.0981  -0.0210   0.3387
  -0.0006  -0.0004   0.2726
   0.0991  -0.0036   0.2052
   0.1954  -0.0305   0.1369
   0.2829  -0.0798   0.0679
   0.3568  -0.1487  -0.0015
   0.4129  -0.2338  -0.0708
   0.4481  -0.3304  -0.1398
   0.4601  -0.4336  -0.2081
   0.4482  -0.5378  -0.2754
   0.4127  -0.6376  -0.3414
   0.3552  -0.7277  -0.4058
   0.2786  -0.8033  -0.4682
   0.1865  -0.8605  -0.5283
   0.0837  -0.8962  -0.5859
  -0.0247  -0.9084  -0.6407
  -0.1333  -0.8967  -0.6924
  -0.2365  -0.8615  -0.7408
  -0.3291  -0.8046  -0.7856
  -0.4065  -0.7292  -0.8266
  -0.4649  -0.6391  -0.8636
  -0.5014  -0.5390  -0.8965
  -0.5144  -0.4343  -0.9251
  -0.5033  -0.3304  -0.9492
  -0.4691  -0.2328  -0.9687
  -0.4138  -0.1466  -0.9836
  -0.3405  -0.0762  -0.9937
  -0.2535  -0.0255  -0.9991
  -0.1574   0.0030  -0.9996
  -0.0577   0.0079  -0.9954
   0.0401  -0.0111  -0.9863
   0.1307  -0.0530  -0.9725
   0.2090  -0.1154  -0.9540
   0.2706  -0.1950  -0.9310
   0.3121  -0.2876  -0.9034
   0.3309  -0.3881  -0.8715
   0.3259  -0.4912  -0.8354
   0.2971  -0.5915  -0.7953
   0.2457  -0.6835  -0.7513
   0.1743  -0.7623  -0.7038
   0.0864  -0.8236  -0.6528
  -0.0137  -0.8642  -0.5987
  -0.1208  -0.8818  -0.5418
  -0.2296  -0.8755  -0.4822
  -0.3346  -0.8454  -0.4203
  -0.4304  -0.7930  -0.3563
  -0.5121  -0.7211  -0.2907
  -0.5759  -0.6334  -0.2236
  -0.6184  -0.5343  -0.1555
  -0.6376  -0.4290  -0.0866
  -0.6329  -0.3230  -0.0174
  -0.6047  -0.2218   0.0520
  -0.5546  -0.1306   0.1211
  -0.4856  -0.0542   0.1897
  -0.4015   0.0037   0.2573
  -0.3070   0.0399   0.3237
  -0.2073   0.0527   0.3885
  -0.1079   0.0416   0.4515
  -0.0143   0.0072   0.5122
   0.0684  -0.0485   0.5706
   0.1356  -0.1224   0.6261
   0.1835  -0.2105   0.6787
   0.2094  -0.3081   0.7280
   0.2116  -0.4098   0.7738
   0.1900  -0.5102   0.8158
   0.1453  -0.6038   0.8540
   0.0798  -0.6855   0.8880
  -0.0034  -0.7509   0.9177
  -0.0999  -0.7964   0.9431
  -0.2050  -0.8194   0.9639
  -0.3132  -0.8186   0.9800
  -0.4192  -0.7939   0.9914
  -0.5174  -0.7463   0.9981
  -0.6028  -0.6784   1.0000
  -0.6713  -0.5935   0.9970
  -0.7193  -0.4959   0.9893
  -0.7445  -0.3907   0.9767
  -0.7458  -0.2833   0.9595
  -0.7233  -0.1790   0.9377
  -0.6783  -0.0834   0.9113
  -0.6135  -0.0012   0.8806
  -0.5325   0.0633   0.8456
  -0.4396   0.1069   0.8066
  -0.3401   0.1275   0.7636
  -0.2392   0.1241   0.7170
  -0.1426   0.0972   0.6670
  -0.0556   0.0483   0.6137
   0.0172  -0.0198   0.5575
   0.0717  -0.1034   0.4986
   0.1048  -0.1978   0.4373
   0.1146  -0.2979   0.3739
   0.1005  -0.3982   0.3087
   0.0630  -0.4932   0.2420
   0.0039  -0.5777   0.1741
  -0.0737  -0.6470   0.1054
  -0.1661  -0.6974   0.0362
  -0.2684  -0.7259  -0.0332
  -0.3753  -0.7309  -0.1024
  -0.4815  -0.7118  -0.1711
  -0.5814  -0.6695  -0.2390
  -0.6700  -0.6061  -0.3058
  -0.7426  -0.5246  -0.3711
  -0.7956  -0.4292  -0.4346
  -0.8264  -0.3247  -0.4960
  -0.8334  -0.2164  -0.5550
  -0.8165  -0.1098  -0.6113
  -0.7766  -0.0104  -0.6647
  -0.7160   0.0769  -0.7149
  -0.6380   0.1475  -0.7617
  -0.5469   0.1981  -0.8048
  -0.4476   0.2261  -0.8440
  -0.3455   0.2303  -0.8792
  -0.2461   0.2107  -0.9101
  -0.1548   0.1686  -0.9366
  -0.0765   0.1063  -0.9587
  -0.0154   0.0274  -0.9761
   0.0250  -0.0637  -0.9888
   0.0426  -0.1620  -0.9968
   0.0363  -0.2620  -0.9999
   0.0064  -0.3583  -0.9983
  -0.0458  -0.4455  -0.9918
  -0.1174  -0.5189  -0.9806
  -0.2049  -0.5742  -0.9647
  -0.3038  -0.6084  -0.9441
  -0.4088  -0.6194  -0.9189
  -0.5146  -0.6063  -0.8894
  -0.6156  -0.5698  -0.8555
  -0.7066  -0.5113  -0.8176
  -0.7829  -0.4339  -0.7757
  -0.8406  -0.3413  -0.7300
  -0.8765  -0.2383  -0.6809
  -0.8891  -0.1299  -0.6285
  -0.8776  -0.0217  -0.5730
  -0.8427   0.0808  -0.5148
  -0.7864   0.1725  -0.4541
  -0.7116   0.2487  -0.3913
  -0.6225   0.3057  -0.3265
  -0.5237   0.3408  -0.2602
  -0.4206   0.3522  -0.1926
  -0.3186   0.3397  -0.1241
  -0.2232   0.3041  -0.0550
  -0.1396   0.2476   0.0144
  -0.0720   0.1734   0.0837
  -0.0242   0.0856   0.1525
   0.0012  -0.0108   0.2207
   0.0029  -0.1105   0.2878
  -0.0192  -0.2080   0.3535
  -0.0640  -0.2979   0.4175
  -0.1292  -0.3752   0.4795
  -0.2114  -0.4356   0.5392
  -0.3063  -0.4756   0.5963
  -0.4088  -0.4929   0.6505
  -0.5136  -0.4863   0.7016
  -0.6152  -0.4559   0.7494
  -0.7082  -0.4031   0.7935
  -0.7877  -0.3304   0.8338
  -0.8496  -0.2413   0.8700
  -0.8905  -0.1405   0.9021
  -0.9084  -0.0328   0.9299
  -0.9023   0.0762   0.9531
  -0.8725   0.1810   0.9718
  -0.8206   0.2764   0.9858
  -0.7493   0.3575   0.9951
  -0.6624   0.4204   0.9996
  -0.5644   0.4619   0.9992
  -0.4607   0.4802   0.9941
  -0.3565   0.4744   0.9841
  -0.2574   0.4452   0.9694
  -0.1686   0.3944   0.9501
  -0.0948   0.3248   0.9262
  -0.0398   0.2405   0.8978
  -0.0065   0.1460   0.8651
   0.0032   0.0467   0.8283
  -0.0109  -0.0519   0.7874
  -0.0482  -0.1445   0.7428
  -0.1067  -0.2258   0.6946
  -0.1832  -0.2913   0.6430
  -0.2736  -0.3374   0.5884
  -0.3731  -0.3613   0.5309
  -0.4765  -0.3615   0.4708
  -0.5782  -0.3378   0.4085
  -0.6728  -0.2912   0.3443
  -0.7552  -0.2238   0.2783
  -0.8210  -0.1391   0.2111
  -0.8668  -0.0412   0.1428
  -0.8899   0.0649   0.0738
  -0.8892   0.1739   0.0045
  -0.8646   0.2803  -0.0649
  -0.8173   0.3786  -0.1339
  -0.7497   0.4640  -0.2023
  -0.6654   0.5321  -0.2697
  -0.5688   0.5796  -0.3358
  -0.4648   0.6043  -0.4003
  -0.3588   0.6050  -0.4629
  -0.2564   0.5819  -0.5233
  -0.1629   0.5366  -0.5811
  -0.0832   0.4716  -0.6361
  -0.0213   0.3906  -0.6881
   0.0196   0.2981  -0.7368
   0.0374   0.1993  -0.7819
   0.0312   0.0996  -0.8232
   0.0015   0.0044  -0.8606
  -0.0500  -0.0810  -0.8938
  -0.1205  -0.1518  -0.9228
  -0.2062  -0.2040  -0.9473
  -0.3025  -0.2348  -0.9672
  -0.4040  -0.2421  -0.9825
  -0.5055  -0.2255  -0.9930
  -0.6013  -0.1856  -0.9988
  -0.6863  -0.1243  -0.9998
  -0.7559  -0.0445  -0.9959
  -0.8064   0.0496  -0.9873
  -0.8348   0.1535  -0.9739
  -0.8396   0.2617  -0.9558
  -0.8203   0.3688  -0.9331
  -0.7780   0.4693  -0.9060
  -0.7146   0.5582  -0.8744
  -0.6333   0.6309  -0.8387
  -0.5385   0.6839  -0.7989
  -0.4348   0.7145  -0.7553
  -0.3276   0.7213  -0.7080
  -0.2225   0.7041  -0.6573
  -0.1248   0.6642  -0.6035
  -0.0396   0.6037  -0.5467
   0.0289   0.5261  -0.4874
   0.0770   0.4357  -0.4257
   0.1025   0.3374  -0.3619
   0.1042   0.2366  -0.2964
   0.0822   0.1389  -0.2294
   0.0377   0.0495  -0.1614
  -0.0267  -0.0265  -0.0926
  -0.1075  -0.0851  -0.0233
  -0.2002  -0.1228   0.0461
  -0.2997  -0.1376   0.1152
  -0.4006  -0.1285   0.1838
  -0.4975  -0.0958   0.2515
  -0.5850  -0.0411   0.3180
  -0.6583   0.0331   0.3830
  -0.7133   0.1228   0.4461
  -0.7471   0.2236   0.5071
  -0.7575   0.3303   0.5657
  -0.7440   0.4373   0.6215
  -0.7069   0.5394   0.6743
  -0.6481   0.6311   0.7239
  -0.5705   0.7078   0.7700
  -0.4780   0.7657   0.8124
  -0.3752   0.8018   0.8509
  -0.2675   0.8144   0.8852
  -0.1603   0.8030   0.9154
  -0.0591   0.7683   0.9411
   0.0311   0.7123   0.9623
   0.1055   0.6382   0.9788
   0.1606   0.5499   0.9907
   0.1935   0.4522   0.9977
   0.2028   0.3506   1.0000
   0.1882   0.2505   0.9975
   0.1507   0.1572   0.9901
   0.0924   0.0760   0.9780
   0.0167   0.0111   0.9612
  -0.0723  -0.0338   0.9397
