        0        0   1.0000
   0.2676   0.3842   0.9404
   0.7418   0.2872   0.7688
   0.8682  -0.1934   0.5055
   0.5069  -0.5205   0.1820
   0.0826  -0.3479  -0.1631
   0.0796   0.0852  -0.4888
   0.4822   0.2465  -0.7563
   0.8063  -0.0685  -0.9336
   0.6699  -0.5089  -0.9997
   0.2309  -0.5885  -0.9467
  -0.0095  -0.2492  -0.7808
   0.2061   0.0832  -0.5219
   0.6014   0.0033  -0.2009
   0.6992  -0.4074   0.1441
   0.3772  -0.6874   0.4720
  -0.0011  -0.5372   0.7435
  -0.0178  -0.1605   0.9265
   0.3157  -0.0153   0.9990
   0.5839  -0.2794   0.9526
   0.4569  -0.6528   0.7926
   0.0685  -0.7164   0.5381
  -0.1506  -0.4184   0.2196
   0.0229  -0.1238  -0.1251
   0.3532  -0.1826  -0.4549
   0.4295  -0.5266  -0.7305
   0.1446  -0.7594  -0.9190
  -0.1900  -0.6220  -0.9980
  -0.2141  -0.2879  -0.9581
   0.0646  -0.1510  -0.8040
   0.2894  -0.3660  -0.5542
   0.1753  -0.6763  -0.2383
  -0.1643  -0.7210   0.1060
  -0.3592  -0.4537   0.4377
  -0.2157  -0.1873   0.7172
   0.0647  -0.2241   0.9112
   0.1286  -0.5070   0.9966
  -0.1181  -0.6956   0.9633
  -0.4084  -0.5660   0.8152
  -0.4317  -0.2658   0.5700
  -0.1932  -0.1338   0.2568
   0.0012  -0.3048  -0.0869
  -0.0948  -0.5591  -0.4203
  -0.3853  -0.5861  -0.7036
  -0.5518  -0.3441  -0.9030
  -0.4267  -0.1017  -0.9949
  -0.1819  -0.1195  -0.9681
  -0.1217  -0.3502  -0.8261
  -0.3283  -0.5014  -0.5856
  -0.5731  -0.3793  -0.2753
  -0.5884  -0.1096   0.0678
  -0.3772   0.0162   0.4028
  -0.2021  -0.1192   0.6898
  -0.2759  -0.3279   0.8945
  -0.5173  -0.3422   0.9927
  -0.6527  -0.1251   0.9726
  -0.5369   0.0930   0.8366
  -0.3165   0.0874   0.6009
  -0.2535  -0.1027   0.2936
  -0.4200  -0.2260  -0.0486
  -0.6200  -0.1150  -0.3851
  -0.6230   0.1234  -0.6757
  -0.4302   0.2382  -0.8857
  -0.2671   0.1278  -0.9902
  -0.3175  -0.0475  -0.9767
  -0.5126  -0.0568  -0.8469
  -0.6174   0.1326  -0.6161
  -0.5059   0.3233  -0.3119
  -0.3034   0.3213   0.0295
  -0.2355   0.1594   0.3673
  -0.3652   0.0532   0.6613
  -0.5247   0.1478   0.8766
  -0.5152   0.3520   0.9874
  -0.3369   0.4502   0.9805
  -0.1833   0.3537   0.8568
  -0.2131   0.2000   0.6310
  -0.3684   0.1877   0.3300
  -0.4470   0.3460  -0.0103
  -0.3397   0.5058  -0.3493
  -0.1537   0.4996  -0.6468
  -0.0830   0.3546  -0.8671
  -0.1828   0.2562  -0.9842
  -0.3095   0.3297  -0.9839
  -0.2917   0.4977  -0.8664
  -0.1287   0.5746  -0.6457
   0.0135   0.4835  -0.3480
  -0.0024   0.3419  -0.0089
  -0.1272   0.3209   0.3313
  -0.1873   0.4466   0.6320
  -0.0881   0.5739   0.8574
   0.0790   0.5583   0.9806
   0.1469   0.4226   0.9869
   0.0673   0.3259   0.8757
  -0.0367   0.3767   0.6601
  -0.0175   0.5090   0.3659
   0.1264   0.5634   0.0281
   0.2523   0.4731  -0.3131
   0.2420   0.3385  -0.6169
   0.1367   0.3070  -0.8473
   0.0858   0.4019  -0.9766
   0.1712   0.4988  -0.9896
   0.3149   0.4731  -0.8847
   0.3731   0.3436  -0.6743
   0.3037   0.2472  -0.3836
   0.2119   0.2775  -0.0472
   0.2251   0.3787   0.2948
   0.3452   0.4135   0.6017
   0.4499   0.3240   0.8369
   0.4368   0.1960   0.9723
   0.3411   0.1566   0.9919
   0.2909   0.2264   0.8933
   0.3574   0.2988   0.6883
   0.4740   0.2664   0.4012
   0.5170   0.1448   0.0664
   0.4494   0.0514  -0.2764
   0.3616   0.0674  -0.5862
   0.3633   0.1453  -0.8262
   0.4567   0.1671  -0.9677
   0.5370   0.0823  -0.9939
   0.5157  -0.0355  -0.9016
   0.4226  -0.0768  -0.7020
   0.3679  -0.0235  -0.4187
   0.4131   0.0332  -0.0855
   0.5016   0.0005   0.2579
   0.5269  -0.1086   0.5705
   0.4568  -0.1932   0.8152
   0.3686  -0.1831   0.9627
   0.3570  -0.1188   0.9954
   0.4244  -0.1017   0.9096
   0.4808  -0.1756   0.7154
   0.4500  -0.2777   0.4359
   0.3570  -0.3136   0.1045
   0.2967  -0.2673  -0.2393
   0.3224  -0.2170  -0.5546
   0.3858  -0.2427  -0.8039
   0.3952  -0.3337  -0.9573
   0.3227  -0.4033  -0.9966
   0.2344  -0.3910  -0.9172
   0.2120  -0.3311  -0.7285
   0.2580  -0.3108  -0.4530
   0.2952  -0.3682  -0.1236
   0.2578  -0.4496   0.2206
   0.1671  -0.4738   0.5385
   0.1045  -0.4265   0.7923
   0.1163  -0.3749   0.9516
   0.1612  -0.3881   0.9975
   0.1605  -0.4571   0.9245
   0.0897  -0.5076   0.7414
   0.0055  -0.4872   0.4700
  -0.0218  -0.4252   0.1425
   0.0106  -0.3967  -0.2019
   0.0363  -0.4346  -0.5222
  -0.0014  -0.4932  -0.7804
  -0.0846  -0.5025  -0.9455
  -0.1434  -0.4499  -0.9980
  -0.1375  -0.3931  -0.9315
  -0.1022  -0.3916  -0.7540
  -0.1052  -0.4382  -0.4868
  -0.1680  -0.4691  -0.1615
  -0.2419  -0.4390   0.1831
  -0.2662  -0.3728   0.5058
  -0.2386  -0.3350   0.7682
  -0.2156  -0.3545   0.9391
  -0.2465  -0.3921   0.9981
  -0.3160  -0.3875   0.9381
  -0.3641  -0.3298   0.7664
  -0.3559  -0.2684   0.5033
  -0.3215  -0.2545   0.1803
  -0.3193  -0.2824  -0.1642
  -0.3679  -0.2974  -0.4891
  -0.4257  -0.2601  -0.7557
  -0.4404  -0.1920  -0.9323
  -0.4097  -0.1484  -0.9978
  -0.3822  -0.1545  -0.9444
  -0.4005  -0.1768  -0.7784
  -0.4516  -0.1635  -0.5197
  -0.4840  -0.1048  -0.1991
  -0.4676  -0.0432   0.1452
  -0.4279  -0.0229   0.4723
  -0.4154  -0.0392   0.7430
  -0.4462  -0.0451   0.9252
  -0.4848  -0.0067   0.9972
  -0.4862   0.0578   0.9503
  -0.4480   0.1007   0.7902
  -0.4123   0.1003   0.5359
  -0.4154   0.0851   0.2178
  -0.4469   0.0998  -0.1262
  -0.4623   0.1529  -0.4552
  -0.4355   0.2081  -0.7300
  -0.3886   0.2271  -0.9178
  -0.3647   0.2139  -0.9962
  -0.3782   0.2087  -0.9559
  -0.3985   0.2409  -0.8017
  -0.3870   0.2951  -0.5519
  -0.3415   0.3302  -0.2364
  -0.2979   0.3273   0.1072
  -0.2880   0.3109   0.4381
  -0.3027   0.3195   0.7167
  -0.3039   0.3604   0.9100
  -0.2692   0.4028   0.9948
  -0.2173   0.4135   0.9611
  -0.1854   0.3958   0.8128

