        0        0   1.0000
   0.6706   0.0739   0.7689
   0.3725  -0.2108   0.1838
   0.4363  -0.0651  -0.4851
   0.4339  -0.2217  -0.9295
   0.3754  -0.2141  -0.9450
   0.3806  -0.2681  -0.5250
   0.3321  -0.3066   0.1363
   0.3071  -0.3346   0.7338
   0.2676  -0.3696   0.9923
   0.2277  -0.3924   0.7932
   0.1863  -0.4155   0.2289
   0.1411  -0.4322  -0.4400
   0.0958  -0.4446  -0.9053
   0.0486  -0.4523  -0.9527
   0.0012  -0.4548  -0.5611
  -0.0462  -0.4525   0.0885
  -0.0932  -0.4451   0.6964
  -0.1391  -0.4330   0.9825
  -0.1836  -0.4161   0.8154
  -0.2260  -0.3947   0.2729
  -0.2659  -0.3690  -0.3945
  -0.3030  -0.3392  -0.8793
  -0.3367  -0.3057  -0.9581
  -0.3668  -0.2689  -0.5954
  -0.3928  -0.2292   0.0412
  -0.4146  -0.1869   0.6578
  -0.4319  -0.1427   0.9705
  -0.4444  -0.0968   0.8355
  -0.4521  -0.0499   0.3157
  -0.4548  -0.0025  -0.3487
  -0.4526   0.0450  -0.8516
  -0.4454   0.0920  -0.9613
  -0.4334   0.1380  -0.6279
  -0.4166   0.1824  -0.0057
  -0.3953   0.2249   0.6183
  -0.3697   0.2649   0.9564
  -0.3400   0.3021   0.8533
  -0.3066   0.3359   0.3572
  -0.2699   0.3660  -0.3027
  -0.2303   0.3922  -0.8223
  -0.1881   0.4141  -0.9621
  -0.1438   0.4315  -0.6585
  -0.0980   0.4441  -0.0519
  -0.0511   0.4519   0.5778
  -0.0037   0.4548   0.9403
   0.0438   0.4527   0.8690
   0.0908   0.4457   0.3974
   0.1368   0.4338  -0.2566
   0.1813   0.4171  -0.7914
   0.2238   0.3959  -0.9608
   0.2639   0.3704  -0.6872
   0.3011   0.3408  -0.0973
   0.3351   0.3076   0.5365
   0.3653   0.2709   0.9222
   0.3916   0.2313   0.8824
   0.4136   0.1892   0.4361
   0.4311   0.1450  -0.2105
   0.4439   0.0992  -0.7592
   0.4518   0.0524  -0.9573
   0.4548   0.0049  -0.7139
   0.4528  -0.0425  -0.1420
   0.4459  -0.0896   0.4945
   0.4341  -0.1356   0.9023
   0.4176  -0.1802   0.8937
   0.3965  -0.2228   0.4733
   0.3711  -0.2629  -0.1645
   0.3417  -0.3002  -0.7256
   0.3085  -0.3342  -0.9515
   0.2719  -0.3646  -0.7387
   0.2324  -0.3910  -0.1858
   0.1903  -0.4131   0.4520
   0.1462  -0.4307   0.8805
   0.1004  -0.4436   0.9027
   0.0536  -0.4516   0.5089
   0.0062  -0.4548  -0.1188
  -0.0413  -0.4529  -0.6908
  -0.0883  -0.4461  -0.9437
  -0.1344  -0.4345  -0.7614
  -0.1790  -0.4181  -0.2285
  -0.2217  -0.3971   0.4089
  -0.2619  -0.3718   0.8570
  -0.2993  -0.3425   0.9095
  -0.3334  -0.3094   0.5429
  -0.3638  -0.2729  -0.0733
  -0.3903  -0.2334  -0.6549
  -0.4126  -0.1914  -0.9338
  -0.4303  -0.1473  -0.7821
  -0.4433  -0.1016  -0.2702
  -0.4515  -0.0548   0.3655
  -0.4547  -0.0074   0.8318
  -0.4530   0.0401   0.9141
  -0.4464   0.0871   0.5752
  -0.4349   0.1332  -0.0283
  -0.4186   0.1779  -0.6179
  -0.3977   0.2206  -0.9219
  -0.3725   0.2609  -0.8007
  -0.3433   0.2983  -0.3107
  -0.3103   0.3325   0.3217
  -0.2739   0.3631   0.8050
  -0.2345   0.3897   0.9166
  -0.1926   0.4120   0.6057
