   7.8682e+02   2.5048e+02   7.1067e+02
   8.1296e+02   2.4994e+02   7.6098e+02
   8.4023e+02   2.4355e+02   8.0763e+02
   8.6726e+02   2.3118e+02   8.5039e+02
   8.9269e+02   2.1302e+02   8.8906e+02
   9.1525e+02   1.8957e+02   9.2345e+02
   9.3381e+02   1.6160e+02   9.5339e+02
   9.4744e+02   1.3013e+02   9.7875e+02
   9.5546e+02   9.6361e+01   9.9939e+02
   9.5751e+02   6.1603e+01   1.0152e+03
   9.5351e+02   2.7231e+01   1.0262e+03
   9.4372e+02  -5.4070e+00   1.0322e+03
   9.2867e+02  -3.5052e+01   1.0332e+03
   9.0919e+02  -6.0606e+01   1.0293e+03
   8.8633e+02  -8.1184e+01   1.0204e+03
   8.6132e+02  -9.6168e+01   1.0066e+03
   8.3548e+02  -1.0523e+02   9.8794e+02
   8.1018e+02  -1.0836e+02   9.6454e+02
   7.8677e+02  -1.0587e+02   9.3649e+02
   7.6648e+02  -9.8338e+01   9.0394e+02
   7.5036e+02  -8.6644e+01   8.6703e+02
   7.3927e+02  -7.1867e+01   8.2595e+02
   7.3376e+02  -5.5255e+01   7.8090e+02
   7.3410e+02  -3.8153e+01   7.3208e+02
   7.4026e+02  -2.1928e+01   6.7974e+02
   7.5186e+02  -7.9048e+00   6.2413e+02
   7.6826e+02   2.7117e+00   5.6552e+02
   7.8856e+02   8.8955e+00   5.0418e+02
   8.1163e+02   9.8554e+00   4.4042e+02
   8.3619e+02   5.0765e+00   3.7454e+02
   8.6091e+02  -5.6521e+00   3.0685e+02
   8.8441e+02  -2.2227e+01   2.3768e+02
   9.0538e+02  -4.4234e+01   1.6738e+02
   9.2264e+02  -7.0974e+01   9.6261e+01
   9.3521e+02  -1.0149e+02   2.4683e+01
   9.4234e+02  -1.3464e+02  -4.7014e+01
   9.4357e+02  -1.6913e+02  -1.1849e+02
   9.3874e+02  -2.0359e+02  -1.8939e+02
   9.2802e+02  -2.3666e+02  -2.5937e+02
   9.1186e+02  -2.6705e+02  -3.2812e+02
   8.9102e+02  -2.9361e+02  -3.9528e+02
   8.6649e+02  -3.1539e+02  -4.6053e+02
   8.3944e+02  -3.3170e+02  -5.2358e+02
   8.1120e+02  -3.4212e+02  -5.8410e+02
   7.8312e+02  -3.4655e+02  -6.4181e+02
   7.5656e+02  -3.4522e+02  -6.9643e+02
   7.3279e+02  -3.3863e+02  -7.4770e+02
   7.1293e+02  -3.2758e+02  -7.9537e+02
   6.9788e+02  -3.1310e+02  -8.3921e+02
   6.8829e+02  -2.9640e+02  -8.7901e+02
   6.8452e+02  -2.7880e+02  -9.1458e+02
   6.8660e+02  -2.6167e+02  -9.4574e+02
   6.9427e+02  -2.4635e+02  -9.7236e+02
   7.0696e+02  -2.3409e+02  -9.9429e+02
   7.2382e+02  -2.2598e+02  -1.0114e+03
   7.4380e+02  -2.2286e+02  -1.0237e+03
   7.6565e+02  -2.2535e+02  -1.0311e+03
   7.8803e+02  -2.3373e+02  -1.0335e+03
   8.0959e+02  -2.4799e+02  -1.0309e+03
   8.2898e+02  -2.6781e+02  -1.0233e+03
   8.4499e+02  -2.9255e+02  -1.0109e+03
   8.5657e+02  -3.2134e+02  -9.9351e+02
   8.6289e+02  -3.5308e+02  -9.7139e+02
   8.6343e+02  -3.8649e+02  -9.4459e+02
   8.5792e+02  -4.2024e+02  -9.1325e+02
   8.4646e+02  -4.5296e+02  -8.7751e+02
   8.2941e+02  -4.8332e+02  -8.3754e+02
   8.0745e+02  -5.1013e+02  -7.9354e+02
   7.8151e+02  -5.3238e+02  -7.4573e+02
   7.5272e+02  -5.4930e+02  -6.9432e+02
   7.2236e+02  -5.6039e+02  -6.3957e+02
   6.9180e+02  -5.6547e+02  -5.8175e+02
   6.6239e+02  -5.6467e+02  -5.2112e+02
   6.3545e+02  -5.5841e+02  -4.5798e+02
   6.1212e+02  -5.4742e+02  -3.9264e+02
   5.9339e+02  -5.3267e+02  -3.2541e+02
   5.7998e+02  -5.1532e+02  -2.5662e+02
   5.7233e+02  -4.9667e+02  -1.8658e+02
   5.7057e+02  -4.7808e+02  -1.1565e+02
   5.7451e+02  -4.6092e+02  -4.4164e+01
   5.8367e+02  -4.4645e+02   2.7536e+01
   5.9728e+02  -4.3582e+02   9.9103e+01
   6.1434e+02  -4.2995e+02   1.7019e+02
   6.3363e+02  -4.2952e+02   2.4047e+02
   6.5387e+02  -4.3492e+02   3.0958e+02
   6.7366e+02  -4.4620e+02   3.7720e+02
   6.9168e+02  -4.6314e+02   4.4301e+02
   7.0665e+02  -4.8519e+02   5.0669e+02
   7.1747e+02  -5.1154e+02   5.6792e+02
   7.2327e+02  -5.4113e+02   6.2643e+02
   7.2340e+02  -5.7275e+02   6.8192e+02
   7.1756e+02  -6.0507e+02   7.3412e+02
   7.0571e+02  -6.3671e+02   7.8279e+02
   6.8816e+02  -6.6634e+02   8.2770e+02
   6.6551e+02  -6.9271e+02   8.6862e+02
   6.3860e+02  -7.1476e+02   9.0536e+02
   6.0853e+02  -7.3165e+02   9.3774e+02
   5.7654e+02  -7.4281e+02   9.6560e+02
   5.4397e+02  -7.4795e+02   9.8882e+02
   5.1220e+02  -7.4711e+02   1.0073e+03
   4.8254e+02  -7.4066e+02   1.0209e+03
   4.5623e+02  -7.2922e+02   1.0296e+03
   4.3427e+02  -7.1371e+02   1.0333e+03
   4.1748e+02  -6.9524e+02   1.0321e+03
   4.0637e+02  -6.7508e+02   1.0259e+03
   4.0116e+02  -6.5458e+02   1.0148e+03
   4.0176e+02  -6.3510e+02   9.9873e+02
   4.0776e+02  -6.1796e+02   9.7789e+02
   4.1847e+02  -6.0433e+02   9.5235e+02
   4.3295e+02  -5.9522e+02   9.2223e+02
   4.5004e+02  -5.9136e+02   8.8767e+02
   4.6846e+02  -5.9323e+02   8.4883e+02
   4.8685e+02  -6.0099e+02   8.0591e+02
   5.0385e+02  -6.1449e+02   7.5911e+02
   5.1816e+02  -6.3326e+02   7.0865e+02
   5.2864e+02  -6.5656e+02   6.5478e+02
   5.3433e+02  -6.8340e+02   5.9776e+02
   5.3454e+02  -7.1261e+02   5.3787e+02
   5.2884e+02  -7.4288e+02   4.7538e+02
   5.1713e+02  -7.7285e+02   4.1060e+02
   4.9963e+02  -8.0115e+02   3.4385e+02
   4.7685e+02  -8.2651e+02   2.7545e+02
   4.4957e+02  -8.4782e+02   2.0571e+02
   4.1883e+02  -8.6416e+02   1.3499e+02
   3.8582e+02  -8.7488e+02   6.3617e+01
   3.5188e+02  -8.7962e+02  -8.0625e+00
   3.1838e+02  -8.7833e+02  -7.9703e+01
   2.8665e+02  -8.7127e+02  -1.5096e+02
   2.5796e+02  -8.5901e+02  -2.2149e+02
   2.3338e+02  -8.4239e+02  -2.9096e+02
   2.1379e+02  -8.2246e+02  -3.5902e+02
   1.9979e+02  -8.0046e+02  -4.2535e+02
   1.9168e+02  -7.7772e+02  -4.8964e+02
   1.8947e+02  -7.5562e+02  -5.5157e+02
   1.9282e+02  -7.3548e+02  -6.1085e+02
   2.0113e+02  -7.1853e+02  -6.6719e+02
   2.1351e+02  -7.0582e+02  -7.2031e+02
   2.2887e+02  -6.9818e+02  -7.6997e+02
   2.4595e+02  -6.9615e+02  -8.1592e+02
   2.6341e+02  -6.9998e+02  -8.5794e+02
   2.7988e+02  -7.0961e+02  -8.9583e+02
   2.9404e+02  -7.2467e+02  -9.2942e+02
   3.0469e+02  -7.4448e+02  -9.5852e+02
   3.1083e+02  -7.6812e+02  -9.8302e+02
   3.1167e+02  -7.9447e+02  -1.0028e+03
   3.0672e+02  -8.2224e+02  -1.0177e+03
   2.9578e+02  -8.5007e+02  -1.0277e+03
   2.7898e+02  -8.7661e+02  -1.0328e+03
   2.5675e+02  -9.0055e+02  -1.0330e+03
   2.2981e+02  -9.2072e+02  -1.0281e+03
   1.9911e+02  -9.3614e+02  -1.0183e+03
   1.6583e+02  -9.4609e+02  -1.0036e+03
   1.3126e+02  -9.5012e+02  -9.8406e+02
   9.6764e+01  -9.4810e+02  -9.5978e+02
   6.3703e+01  -9.4020e+02  -9.3089e+02
   3.3362e+01  -9.2690e+02  -8.9752e+02
   6.8787e+00  -9.0897e+02  -8.5982e+02
  -1.4811e+01  -8.8741e+02  -8.1799e+02
  -3.1025e+01  -8.6341e+02  -7.7222e+02
  -4.1373e+01  -8.3829e+02  -7.2273e+02
  -4.5773e+01  -8.1342e+02  -6.6976e+02
  -4.4458e+01  -7.9014e+02  -6.1357e+02
  -3.7964e+01  -7.6972e+02  -5.5443e+02
  -2.7100e+01  -7.5326e+02  -4.9261e+02
  -1.2906e+01  -7.4165e+02  -4.2843e+02
   3.4020e+00  -7.3553e+02  -3.6218e+02
   2.0495e+01  -7.3523e+02  -2.9419e+02
   3.7004e+01  -7.4077e+02  -2.2479e+02
   5.1589e+01  -7.5187e+02  -1.5430e+02
   6.3014e+01  -7.6793e+02  -8.3065e+01
   7.0208e+01  -7.8810e+02  -1.1433e+01
   7.2324e+01  -8.1131e+02   6.0254e+01
   6.8784e+01  -8.3631e+02   1.3165e+02
   5.9308e+01  -8.6175e+02   2.0241e+02
   4.3930e+01  -8.8628e+02   2.7220e+02
   2.2997e+01  -9.0856e+02   3.4068e+02
  -2.8515e+00  -9.2737e+02   4.0752e+02
  -3.2716e+01  -9.4169e+02   4.7240e+02
  -6.5483e+01  -9.5072e+02   5.3500e+02
  -9.9887e+01  -9.5391e+02   5.9503e+02
  -1.3457e+02  -9.5106e+02   6.5220e+02
  -1.6818e+02  -9.4225e+02   7.0622e+02
  -1.9938e+02  -9.2788e+02   7.5685e+02
  -2.2700e+02  -9.0864e+02   8.0383e+02
  -2.5004e+02  -8.8547e+02   8.4694e+02
  -2.6774e+02  -8.5951e+02   8.8598e+02
  -2.7963e+02  -8.3205e+02   9.2075e+02
  -2.8553e+02  -8.0446e+02   9.5109e+02
  -2.8560e+02  -7.7808e+02   9.7685e+02
  -2.8028e+02  -7.5423e+02   9.9791e+02
  -2.7031e+02  -7.3405e+02   1.0142e+03
  -2.5668e+02  -7.1851e+02   1.0255e+03
  -2.4055e+02  -7.0830e+02   1.0320e+03
  -2.2323e+02  -7.0385e+02   1.0334e+03
  -2.0608e+02  -7.0528e+02   1.0299e+03
  -1.9047e+02  -7.1237e+02   1.0215e+03
  -1.7765e+02  -7.2463e+02   1.0081e+03
  -1.6877e+02  -7.4127e+02   9.8987e+02
  -1.6472e+02  -7.6127e+02   9.6687e+02
  -1.6617e+02  -7.8342e+02   9.3922e+02
  -1.7348e+02  -8.0641e+02   9.0704e+02
  -1.8671e+02  -8.2886e+02   8.7051e+02
  -2.0559e+02  -8.4944e+02   8.2978e+02
  -2.2957e+02  -8.6689e+02   7.8505e+02
  -2.5782e+02  -8.8011e+02   7.3655e+02
  -2.8928e+02  -8.8825e+02   6.8450e+02
  -3.2271e+02  -8.9068e+02   6.2916e+02
  -3.5678e+02  -8.8710e+02   5.7079e+02
  -3.9013e+02  -8.7751e+02   5.0967e+02
  -4.2141e+02  -8.6223e+02   4.4609e+02
  -4.4940e+02  -8.4186e+02   3.8037e+02
  -4.7303e+02  -8.1729e+02   3.1282e+02
  -4.9149e+02  -7.8960e+02   2.4376e+02
  -5.0422e+02  -7.6005e+02   1.7353e+02
  -5.1095e+02  -7.2998e+02   1.0247e+02
  -5.1175e+02  -7.0077e+02   3.0908e+01
  -5.0699e+02  -6.7374e+02  -4.0801e+01
  -4.9731e+02  -6.5008e+02  -1.1231e+02
  -4.8365e+02  -6.3082e+02  -1.8328e+02
  -4.6713e+02  -6.1674e+02  -2.5337e+02
  -4.4901e+02  -6.0834e+02  -3.2224e+02
  -4.3067e+02  -6.0582e+02  -3.8956e+02
  -4.1345e+02  -6.0907e+02  -4.5501e+02
  -3.9866e+02  -6.1766e+02  -5.1826e+02
  -3.8749e+02  -6.3090e+02  -5.7902e+02
  -3.8089e+02  -6.4780e+02  -6.3699e+02
  -3.7961e+02  -6.6723e+02  -6.9189e+02
  -3.8410e+02  -6.8789e+02  -7.4347e+02
  -3.9450e+02  -7.0840e+02  -7.9146e+02
  -4.1064e+02  -7.2743e+02  -8.3565e+02
  -4.3204e+02  -7.4367e+02  -8.7581e+02
  -4.5794e+02  -7.5599e+02  -9.1176e+02
  -4.8734e+02  -7.6345e+02  -9.4332e+02
  -5.1905e+02  -7.6536e+02  -9.7034e+02
  -5.5176e+02  -7.6133e+02  -9.9269e+02
  -5.8410e+02  -7.5128e+02  -1.0103e+03
  -6.1472e+02  -7.3543e+02  -1.0230e+03
  -6.4236e+02  -7.1430e+02  -1.0307e+03
  -6.6590e+02  -6.8872e+02  -1.0336e+03
  -6.8445e+02  -6.5971e+02  -1.0314e+03
  -6.9737e+02  -6.2849e+02  -1.0243e+03
  -7.0431e+02  -5.9639e+02  -1.0122e+03
  -7.0526e+02  -5.6478e+02  -9.9532e+02
  -7.0048e+02  -5.3500e+02  -9.7361e+02
  -6.9056e+02  -5.0829e+02  -9.4721e+02
  -6.7635e+02  -4.8573e+02  -9.1625e+02
  -6.5893e+02  -4.6817e+02  -8.8088e+02
  -6.3953e+02  -4.5619e+02  -8.4127e+02
  -6.1949e+02  -4.5010e+02  -7.9761e+02
  -6.0018e+02  -4.4985e+02  -7.5011e+02
  -5.8294e+02  -4.5512e+02  -6.9900e+02
  -5.6896e+02  -4.6526e+02  -6.4453e+02
  -5.5930e+02  -4.7939e+02  -5.8695e+02
  -5.5476e+02  -4.9639e+02  -5.2655e+02
  -5.5587e+02  -5.1501e+02  -4.6361e+02
  -5.6286e+02  -5.3390e+02  -3.9844e+02
  -5.7565e+02  -5.5169e+02  -3.3135e+02
  -5.9385e+02  -5.6706e+02  -2.6267e+02
  -6.1677e+02  -5.7883e+02  -1.9272e+02
  -6.4347e+02  -5.8600e+02  -1.2185e+02
  -6.7281e+02  -5.8781e+02  -5.0385e+01
  -7.0352e+02  -5.8378e+02   2.1319e+01
  -7.3422e+02  -5.7373e+02   9.2922e+01
  -7.6355e+02  -5.5781e+02   1.6408e+02
  -7.9023e+02  -5.3646e+02   2.3444e+02
  -8.1308e+02  -5.1042e+02   3.0368e+02
  -8.3116e+02  -4.8066e+02   3.7145e+02
  -8.4373e+02  -4.4835e+02   4.3744e+02
  -8.5038e+02  -4.1481e+02   5.0132e+02
  -8.5099e+02  -3.8139e+02   5.6279e+02
  -8.4575e+02  -3.4946e+02   6.2155e+02
  -8.3517e+02  -3.2028e+02   6.7732e+02
  -8.2002e+02  -2.9500e+02   7.2982e+02
  -8.0131e+02  -2.7452e+02   7.7882e+02
  -7.8026e+02  -2.5952e+02   8.2406e+02
  -7.5817e+02  -2.5036e+02   8.6534e+02
  -7.3641e+02  -2.4712e+02   9.0245e+02
  -7.1634e+02  -2.4953e+02   9.3522e+02
  -6.9920e+02  -2.5705e+02   9.6349e+02
  -6.8609e+02  -2.6885e+02   9.8712e+02
  -6.7788e+02  -2.8388e+02   1.0060e+03
  -6.7520e+02  -3.0092e+02   1.0200e+03
  -6.7835e+02  -3.1862e+02   1.0292e+03
  -6.8734e+02  -3.3563e+02   1.0333e+03
  -7.0186e+02  -3.5061e+02   1.0325e+03
  -7.2132e+02  -3.6232e+02   1.0268e+03
  -7.4482e+02  -3.6971e+02   1.0160e+03
  -7.7130e+02  -3.7196e+02   1.0004e+03
  -7.9949e+02  -3.6848e+02   9.8001e+02
  -8.2806e+02  -3.5904e+02   9.5487e+02
  -8.5563e+02  -3.4367e+02   9.2513e+02
  -8.8088e+02  -3.2275e+02   8.9095e+02
  -9.0260e+02  -2.9692e+02   8.5247e+02
  -9.1978e+02  -2.6711e+02   8.0989e+02
  -9.3162e+02  -2.3443e+02   7.6341e+02
  -9.3762e+02  -2.0017e+02   7.1325e+02
  -9.3757e+02  -1.6567e+02   6.5967e+02
  -9.3157e+02  -1.3230e+02   6.0290e+02
  -9.2005e+02  -1.0136e+02   5.4324e+02
  -9.0372e+02  -7.4048e+01   4.8096e+02
  -8.8351e+02  -5.1332e+01   4.1636e+02
  -8.6060e+02  -3.3956e+01   3.4976e+02
  -8.3626e+02  -2.2379e+01   2.8148e+02
  -8.1187e+02  -1.6751e+01   2.1184e+02
  -7.8878e+02  -1.6908e+01   1.4118e+02
  -7.6827e+02  -2.2379e+01   6.9844e+01
  -7.5151e+02  -3.2413e+01  -1.8304e+00
  -7.3942e+02  -4.6016e+01  -7.3496e+01
  -7.3270e+02  -6.2005e+01  -1.4481e+02
  -7.3175e+02  -7.9072e+01  -2.1542e+02
  -7.3667e+02  -9.5850e+01  -2.8500e+02
  -7.4723e+02  -1.1099e+02  -3.5321e+02
  -7.6291e+02  -1.2322e+02  -4.1971e+02
  -7.8291e+02  -1.3143e+02  -4.8420e+02
  -8.0620e+02  -1.3473e+02  -5.4635e+02
  -8.3156e+02  -1.3246e+02  -6.0588e+02
  -8.5768e+02  -1.2429e+02  -6.6249e+02
  -8.8317e+02  -1.1018e+02  -7.1591e+02
  -9.0670e+02  -9.0405e+01  -7.6588e+02
  -9.2702e+02  -6.5543e+01  -8.1217e+02
  -9.4306e+02  -3.6441e+01  -8.5455e+02
  -9.5396e+02  -4.1687e+00  -8.9281e+02
  -9.5912e+02   3.0036e+01  -9.2678e+02
  -9.5826e+02   6.4834e+01  -9.5628e+02
  -9.5139e+02   9.8853e+01  -9.8119e+02
  -9.3884e+02   1.3076e+02  -1.0014e+03
  -9.2125e+02   1.5934e+02  -1.0167e+03
  -8.9951e+02   1.8355e+02  -1.0272e+03
  -8.7471e+02   2.0257e+02  -1.0327e+03
  -8.4812e+02   2.1587e+02  -1.0333e+03
  -8.2108e+02   2.2320e+02  -1.0288e+03
  -7.9498e+02   2.2464e+02  -1.0195e+03
  -7.7111e+02   2.2058e+02  -1.0052e+03
  -7.5068e+02   2.1169e+02  -9.8606e+02
  -7.3468e+02   1.9891e+02  -9.6219e+02
  -7.2388e+02   1.8337e+02  -9.3369e+02
  -7.1878e+02   1.6635e+02  -9.0069e+02
  -7.1955e+02   1.4921e+02  -8.6336e+02
  -7.2606e+02   1.3330e+02  -8.2187e+02
  -7.3787e+02   1.1994e+02  -7.7643e+02
  -7.5424e+02   1.1028e+02  -7.2725e+02
  -7.7422e+02   1.0528e+02  -6.7457e+02
  -7.9663e+02   1.0566e+02  -6.1864e+02
  -8.2017e+02   1.1186e+02  -5.5974e+02
  -8.4347e+02   1.2399e+02  -4.9813e+02
  -8.6519e+02   1.4187e+02  -4.3414e+02
  -8.8404e+02   1.6500e+02  -3.6805e+02
  -8.9889e+02   1.9261e+02  -3.0019e+02
  -9.0882e+02   2.2368e+02  -2.3088e+02
  -9.1315e+02   2.5702e+02  -1.6046e+02
  -9.1152e+02   2.9130e+02  -8.9272e+01
  -9.0384e+02   3.2516e+02  -1.7652e+01
  -8.9038e+02   3.5726e+02   5.4052e+01
  -8.7167e+02   3.8632e+02   1.2550e+02
  -8.4854e+02   4.1126e+02   1.9634e+02
  -8.2203e+02   4.3119e+02   2.6623e+02
  -7.9337e+02   4.4549e+02   3.3485e+02
  -7.6389e+02   4.5383e+02   4.0185e+02
  -7.3497e+02   4.5621e+02   4.6692e+02
  -7.0793e+02   4.5292e+02   5.2974e+02
  -6.8402e+02   4.4456e+02   5.9001e+02
  -6.6429e+02   4.3200e+02   6.4744e+02
  -6.4958e+02   4.1632e+02   7.0175e+02
  -6.4047e+02   3.9876e+02   7.5269e+02
  -6.3722e+02   3.8068e+02   8.0000e+02
  -6.3979e+02   3.6343e+02   8.4347e+02
  -6.4781e+02   3.4834e+02   8.8287e+02
  -6.6065e+02   3.3662e+02   9.1802e+02
  -6.7739e+02   3.2930e+02   9.4875e+02
  -6.9691e+02   3.2715e+02   9.7492e+02
  -7.1795e+02   3.3071e+02   9.9639e+02
  -7.3915e+02   3.4017e+02   1.0131e+03
  -7.5915e+02   3.5544e+02   1.0249e+03
  -7.7664e+02   3.7611e+02   1.0317e+03
  -7.9044e+02   4.0147e+02   1.0336e+03
  -7.9956e+02   4.3058e+02   1.0306e+03
  -8.0327e+02   4.6228e+02   1.0225e+03
  -8.0108e+02   4.9528e+02   1.0096e+03
  -7.9287e+02   5.2822e+02   9.9176e+02
  -7.7877e+02   5.5974e+02   9.6917e+02
  -7.5925e+02   5.8855e+02   9.4191e+02
  -7.3507e+02   6.1349e+02   9.1012e+02
  -7.0722e+02   6.3363e+02   8.7395e+02
  -6.7687e+02   6.4826e+02   8.3357e+02
  -6.4534e+02   6.5697e+02   7.8918e+02
  -6.1399e+02   6.5966e+02   7.4100e+02
  -5.8418e+02   6.5655e+02   6.8924e+02
  -5.5717e+02   6.4816e+02   6.3417e+02
  -5.3408e+02   6.3527e+02   5.7604e+02
  -5.1582e+02   6.1892e+02   5.1514e+02
  -5.0304e+02   6.0031e+02   4.5176e+02
  -4.9610e+02   5.8077e+02   3.8621e+02
  -4.9502e+02   5.6167e+02   3.1880e+02
  -4.9956e+02   5.4434e+02   2.4985e+02
  -5.0913e+02   5.3003e+02   1.7970e+02
  -5.2289e+02   5.1983e+02   1.0868e+02
  -5.3979e+02   5.1460e+02   3.7145e+01
  -5.5859e+02   5.1493e+02  -3.4573e+01
  -5.7795e+02   5.2113e+02  -1.0612e+02
  -5.9650e+02   5.3317e+02  -1.7716e+02
  -6.1292e+02   5.5073e+02  -2.4735e+02
  -6.2597e+02   5.7319e+02  -3.1635e+02
  -6.3463e+02   5.9966e+02  -3.8382e+02
  -6.3806e+02   6.2904e+02  -4.4945e+02
  -6.3572e+02   6.6008e+02  -5.1291e+02
  -6.2738e+02   6.9143e+02  -5.7391e+02
  -6.1310e+02   7.2171e+02  -6.3214e+02
  -5.9327e+02   7.4961e+02  -6.8733e+02
  -5.6855e+02   7.7394e+02  -7.3921e+02
  -5.3988e+02   7.9368e+02  -7.8753e+02
  -5.0838e+02   8.0806e+02  -8.3207e+02
  -4.7535e+02   8.1659e+02  -8.7259e+02
  -4.4213e+02   8.1908e+02  -9.0892e+02
  -4.1010e+02   8.1566e+02  -9.4087e+02
  -3.8054e+02   8.0677e+02  -9.6829e+02
  -3.5464e+02   7.9311e+02  -9.9105e+02
  -3.3335e+02   7.7567e+02  -1.0090e+03
  -3.1741e+02   7.5560e+02  -1.0222e+03
  -3.0726e+02   7.3421e+02  -1.0304e+03
  -3.0302e+02   7.1284e+02  -1.0336e+03
  -3.0451e+02   6.9288e+02  -1.0319e+03
  -3.1125e+02   6.7558e+02  -1.0252e+03
  -3.2246e+02   6.6209e+02  -1.0136e+03
  -3.3715e+02   6.5334e+02  -9.9710e+02
  -3.5412e+02   6.4999e+02  -9.7580e+02
  -3.7205e+02   6.5244e+02  -9.4980e+02
  -3.8958e+02   6.6076e+02  -9.1923e+02
  -4.0536e+02   6.7471e+02  -8.8423e+02
  -4.1813e+02   6.9374e+02  -8.4497e+02
  -4.2679e+02   7.1705e+02  -8.0165e+02
  -4.3046e+02   7.4358e+02  -7.5447e+02
  -4.2850e+02   7.7212e+02  -7.0366e+02
  -4.2060e+02   8.0133e+02  -6.4946e+02
  -4.0673e+02   8.2984e+02  -5.9213e+02
  -3.8719e+02   8.5633e+02  -5.3196e+02
  -3.6258e+02   8.7954e+02  -4.6922e+02
  -3.3375e+02   8.9842e+02  -4.0422e+02
  -3.0179e+02   9.1212e+02  -3.3728e+02
  -2.6794e+02   9.2006e+02  -2.6871e+02
  -2.3355e+02   9.2198e+02  -1.9886e+02
  -1.9998e+02   9.1790e+02  -1.2804e+02
  -1.6857e+02   9.0818e+02  -5.6606e+01
  -1.4051e+02   8.9347e+02   1.5100e+01
  -1.1686e+02   8.7467e+02   8.6733e+01
  -9.8395e+01   8.5289e+02   1.5795e+02
  -8.5647e+01   8.2939e+02   2.2840e+02
  -7.8834e+01   8.0554e+02   2.9776e+02
  -7.7861e+01   7.8269e+02   3.6568e+02
  -8.2324e+01   7.6216e+02   4.3184e+02
  -9.1531e+01   7.4513e+02   4.9593e+02
  -1.0454e+02   7.3259e+02   5.5762e+02
  -1.2020e+02   7.2529e+02   6.1664e+02
  -1.3722e+02   7.2369e+02   6.7268e+02
  -1.5426e+02   7.2797e+02   7.2549e+02
  -1.6993e+02   7.3797e+02   7.7480e+02
  -1.8297e+02   7.5323e+02   8.2039e+02
  -1.9221e+02   7.7300e+02   8.6202e+02
  -1.9670e+02   7.9631e+02   8.9951e+02
  -1.9575e+02   8.2197e+02   9.3266e+02
  -1.8893e+02   8.4868e+02   9.6133e+02
  -1.7615e+02   8.7508e+02   9.8537e+02
  -1.5761e+02   8.9980e+02   1.0047e+03
  -1.3383e+02   9.2158e+02   1.0191e+03
  -1.0559e+02   9.3930e+02   1.0287e+03
  -7.3923e+01   9.5204e+02   1.0333e+03
  -4.0033e+01   9.5915e+02   1.0329e+03
  -5.2423e+00   9.6028e+02   1.0276e+03
   2.9078e+01   9.5537e+02   1.0173e+03
   6.1582e+01   9.4469e+02   1.0021e+03
   9.1021e+01   9.2880e+02   9.8209e+02
   1.1631e+02   9.0854e+02   9.5735e+02
   1.3657e+02   8.8497e+02   9.2801e+02
   1.5121e+02   8.5931e+02   8.9419e+02
   1.5992e+02   8.3292e+02   8.5608e+02
   1.6270e+02   8.0714e+02   8.1384e+02
   1.5988e+02   7.8333e+02   7.6768e+02
   1.5207e+02   7.6269e+02   7.1783e+02
   1.4015e+02   7.4629e+02   6.6453e+02
   1.2521e+02   7.3494e+02   6.0802e+02
   1.0850e+02   7.2921e+02   5.4859e+02
   9.1377e+01   7.2932e+02   4.8652e+02
   7.5205e+01   7.3524e+02   4.2210e+02
   6.1300e+01   7.4656e+02   3.5566e+02
   5.0859e+01   7.6265e+02   2.8750e+02
   4.4895e+01   7.8256e+02   2.1796e+02
   4.4184e+01   8.0517e+02   1.4737e+02
   4.9223e+01   8.2921e+02   7.6064e+01
   6.0204e+01   8.5331e+02   4.3969e+00
   7.7007e+01   8.7612e+02  -6.7292e+01
   9.9200e+01   8.9633e+02  -1.3866e+02
   1.2607e+02   9.1278e+02  -2.0935e+02
   1.5665e+02   9.2448e+02  -2.7905e+02
   1.8977e+02   9.3072e+02  -3.4739e+02
   2.2415e+02   9.3104e+02  -4.1407e+02
   2.5842e+02   9.2531e+02  -4.7875e+02
   2.9122e+02   9.1371e+02  -5.4113e+02
   3.2126e+02   8.9671e+02  -6.0090e+02
   3.4741e+02   8.7509e+02  -6.5778e+02
   3.6872e+02   8.4985e+02  -7.1149e+02
   3.8453e+02   8.2216e+02  -7.6178e+02
   3.9444e+02   7.9336e+02  -8.0841e+02
   3.9836e+02   7.6481e+02  -8.5114e+02
   3.9653e+02   7.3785e+02  -8.8977e+02
   3.8948e+02   7.1375e+02  -9.2412e+02
   3.7803e+02   6.9362e+02  -9.5402e+02
   3.6320e+02   6.7835e+02  -9.7933e+02
   3.4623e+02   6.6856e+02  -9.9993e+02
   3.2843e+02   6.6460e+02  -1.0157e+03
   3.1117e+02   6.6649e+02  -1.0266e+03
   2.9579e+02   6.7394e+02  -1.0326e+03
   2.8354e+02   6.8636e+02  -1.0335e+03
   2.7547e+02   7.0290e+02  -1.0295e+03
   2.7244e+02   7.2249e+02  -1.0206e+03
   2.7503e+02   7.4387e+02  -1.0067e+03
   2.8351e+02   7.6572e+02  -9.8803e+02
   2.9786e+02   7.8666e+02  -9.6456e+02
   3.1772e+02   8.0537e+02  -9.3645e+02
   3.4245e+02   8.2062e+02  -9.0384e+02
   3.7117e+02   8.3140e+02  -8.6687e+02
   4.0275e+02   8.3690e+02  -8.2573e+02
   4.3593e+02   8.3659e+02  -7.8062e+02
   4.6937e+02   8.3024e+02  -7.3175e+02
   5.0168e+02   8.1795e+02  -6.7936e+02
   5.3156e+02   8.0011e+02  -6.2369e+02
   5.5782e+02   7.7742e+02  -5.6503e+02
   5.7947e+02   7.5081e+02  -5.0364e+02
   5.9575e+02   7.2143e+02  -4.3983e+02
   6.0619e+02   6.9057e+02  -3.7390e+02
   6.1060e+02   6.5958e+02  -3.0618e+02
   6.0915e+02   6.2982e+02  -2.3697e+02
   6.0228e+02   6.0260e+02  -1.6663e+02
   5.9073e+02   5.7907e+02  -9.5487e+01
   5.7547e+02   5.6018e+02  -2.3883e+01
   5.5768e+02   5.4664e+02   4.7836e+01
   5.3867e+02   5.3888e+02   1.1932e+02
   5.1979e+02   5.3701e+02   1.9024e+02
   5.0241e+02   5.4082e+02   2.6024e+02
   4.8779e+02   5.4981e+02   3.2898e+02
   4.7706e+02   5.6320e+02   3.9615e+02
   4.7113e+02   5.7997e+02   4.6140e+02
   4.7066e+02   5.9891e+02   5.2444e+02
   4.7602e+02   6.1872e+02   5.8495e+02
   4.8726e+02   6.3801e+02   6.4264e+02
   5.0412e+02   6.5544e+02   6.9724e+02
   5.2604e+02   6.6978e+02   7.4849e+02
   5.5220e+02   6.7991e+02   7.9613e+02
   5.8153e+02   6.8498e+02   8.3994e+02
   6.1281e+02   6.8437e+02   8.7971e+02
   6.4470e+02   6.7778e+02   9.1524e+02
   6.7584e+02   6.6520e+02   9.4637e+02
   7.0487e+02   6.4696e+02   9.7294e+02
   7.3059e+02   6.2365e+02   9.9483e+02
   7.5193e+02   5.9617e+02   1.0119e+03
   7.6807e+02   5.6559e+02   1.0242e+03
   7.7844e+02   5.3317e+02   1.0315e+03
   7.8280e+02   5.0026e+02   1.0338e+03
   7.8119e+02   4.6823e+02   1.0311e+03
   7.7399e+02   4.3840e+02   1.0235e+03
   7.6186e+02   4.1197e+02   1.0110e+03
   7.4571e+02   3.8995e+02   9.9361e+02
   7.2667e+02   3.7314e+02   9.7143e+02
   7.0600e+02   3.6203e+02   9.4457e+02
   6.8508e+02   3.5683e+02   9.1316e+02
   6.6525e+02   3.5743e+02   8.7736e+02
   6.4783e+02   3.6339e+02   8.3734e+02
   6.3398e+02   3.7402e+02   7.9328e+02
   6.2469e+02   3.8835e+02   7.4541e+02
   6.2068e+02   4.0523e+02   6.9395e+02
   6.2241e+02   4.2337e+02   6.3914e+02
   6.3003e+02   4.4140e+02   5.8127e+02
   6.4335e+02   4.5797e+02   5.2059e+02
   6.6191e+02   4.7179e+02   4.5740e+02
   6.8493e+02   4.8172e+02   3.9202e+02
   7.1144e+02   4.8682e+02   3.2475e+02
   7.4024e+02   4.8641e+02   2.5591e+02
   7.7001e+02   4.8009e+02   1.8584e+02
   7.9939e+02   4.6778e+02   1.1488e+02
   8.2703e+02   4.4971e+02   4.3365e+01
   8.5167e+02   4.2639e+02  -2.8360e+01
   8.7219e+02   3.9865e+02  -9.9949e+01
   8.8769e+02   3.6751e+02  -1.7106e+02
   8.9755e+02   3.3420e+02  -2.4134e+02
   9.0142e+02   3.0003e+02  -3.1046e+02
   8.9926e+02   2.6638e+02  -3.7809e+02
   8.9137e+02   2.3460e+02  -4.4390e+02
   8.7831e+02   2.0591e+02  -5.0757e+02
   8.6095e+02   1.8140e+02  -5.6880e+02
   8.4035e+02   1.6193e+02  -6.2729e+02
   8.1775e+02   1.4807e+02  -6.8276e+02
   7.9449e+02   1.4012e+02  -7.3494e+02
   7.7194e+02   1.3805e+02  -7.8359e+02
   7.5143e+02   1.4152e+02  -8.2846e+02
   7.3417e+02   1.4991e+02  -8.6935e+02
   7.2120e+02   1.6231e+02  -9.0605e+02
   7.1333e+02   1.7763e+02  -9.3839e+02
   7.1110e+02   1.9460e+02  -9.6622e+02
   7.1472e+02   2.1187e+02  -9.8939e+02
   7.2413e+02   2.2808e+02  -1.0078e+03
   7.3892e+02   2.4191e+02  -1.0214e+03
   7.5842e+02   2.5218e+02  -1.0300e+03
   7.8168e+02   2.5789e+02  -1.0337e+03
   8.0758e+02   2.5827e+02  -1.0324e+03
   8.3481e+02   2.5286e+02  -1.0261e+03
   8.6204e+02   2.4146e+02  -1.0149e+03
   8.8789e+02   2.2424e+02  -9.9885e+02
   9.1106e+02   2.0162e+02  -9.7795e+02
   9.3041e+02   1.7435e+02  -9.5235e+02
   9.4496e+02   1.4339e+02  -9.2217e+02
   9.5401e+02   1.0994e+02  -8.8754e+02
   9.5713e+02   7.5271e+01  -8.4865e+02
   9.5419e+02   4.0767e+01  -8.0567e+02
   9.4540e+02   7.7806e+00  -7.5881e+02
   9.3125e+02  -2.2412e+01  -7.0829e+02
   9.1253e+02  -4.8682e+01  -6.5437e+02
   8.9024e+02  -7.0109e+01  -5.9730e+02
   8.6559e+02  -8.6027e+01  -5.3735e+02
   8.3990e+02  -9.6064e+01  -4.7482e+02
   8.1453e+02  -1.0016e+02  -4.1000e+02
   7.9083e+02  -9.8552e+01  -3.4321e+02
   7.7005e+02  -9.1807e+01  -2.7476e+02
   7.5329e+02  -8.0743e+01  -2.0499e+02
   7.4143e+02  -6.6412e+01  -1.3424e+02
   7.3507e+02  -5.0037e+01  -6.2839e+01
   7.3454e+02  -3.2950e+01   8.8642e+00
   7.3984e+02  -1.6521e+01   8.0525e+01
   7.5067e+02  -2.0825e+00   1.5180e+02
   7.6642e+02   9.1360e+00   2.2234e+02
   7.8622e+02   1.6076e+01   2.9181e+02
   8.0898e+02   1.7907e+01   3.5988e+02
   8.3346e+02   1.4066e+01   4.2622e+02
   8.5831e+02   4.2930e+00   4.9050e+02
   8.8215e+02  -1.1361e+01   5.5242e+02
   9.0368e+02  -3.2531e+01   6.1169e+02
   9.2169e+02  -5.8563e+01   6.6801e+02
   9.3515e+02  -8.8542e+01   7.2111e+02
   9.4327e+02  -1.2135e+02   7.7075e+02
   9.4556e+02  -1.5570e+02   8.1667e+02
   9.4179e+02  -1.9026e+02   8.5866e+02
   9.3209e+02  -2.2365e+02   8.9652e+02
   9.1686e+02  -2.5456e+02   9.3006e+02
   8.9682e+02  -2.8182e+02   9.5913e+02
   8.7291e+02  -3.0445e+02   9.8358e+02
   8.4629e+02  -3.2169e+02   1.0033e+03
   8.1824e+02  -3.3311e+02   1.0182e+03
   7.9015e+02  -3.3854e+02   1.0282e+03
   7.6335e+02  -3.3815e+02   1.0332e+03
   7.3914e+02  -3.3240e+02   1.0333e+03
   7.1867e+02  -3.2206e+02   1.0284e+03
   7.0288e+02  -3.0811e+02   1.0185e+03
   6.9246e+02  -2.9173e+02   1.0037e+03
   6.8781e+02  -2.7423e+02   9.8413e+02
   6.8902e+02  -2.5699e+02   9.5979e+02
   6.9589e+02  -2.4134e+02   9.3084e+02
   7.0788e+02  -2.2855e+02   8.9741e+02
   7.2419e+02  -2.1975e+02   8.5965e+02
   7.4379e+02  -2.1582e+02   8.1776e+02
   7.6548e+02  -2.1740e+02   7.7193e+02
   7.8793e+02  -2.2486e+02   7.2239e+02
   8.0977e+02  -2.3821e+02   6.6936e+02
   8.2966e+02  -2.5719e+02   6.1312e+02
   8.4635e+02  -2.8121e+02   5.5392e+02
   8.5877e+02  -3.0944e+02   4.9206e+02
   8.6606e+02  -3.4080e+02   4.2783e+02
   8.6762e+02  -3.7405e+02   3.6154e+02
   8.6318e+02  -4.0786e+02   2.9351e+02
   8.5274e+02  -4.4086e+02   2.2406e+02
   8.3664e+02  -4.7172e+02   1.5354e+02
   8.1551e+02  -4.9921e+02   8.2278e+01
   7.9023e+02  -5.2229e+02   1.0619e+01
   7.6191e+02  -5.4016e+02  -6.1090e+01
   7.3181e+02  -5.5226e+02  -1.3251e+02
   7.0127e+02  -5.5837e+02  -2.0328e+02
   6.7168e+02  -5.5855e+02  -2.7308e+02
   6.4433e+02  -5.5320e+02  -3.4157e+02
   6.2043e+02  -5.4298e+02  -4.0841e+02
   6.0097e+02  -5.2883e+02  -4.7328e+02
   5.8673e+02  -5.1189e+02  -5.3588e+02
   5.7820e+02  -4.9343e+02  -5.9590e+02
   5.7555e+02  -4.7481e+02  -6.5304e+02
   5.7865e+02  -4.5740e+02  -7.0705e+02
   5.8706e+02  -4.4248e+02  -7.5765e+02
   6.0006e+02  -4.3122e+02  -8.0461e+02
   6.1667e+02  -4.2459e+02  -8.4769e+02
   6.3573e+02  -4.2331e+02  -8.8669e+02
   6.5595e+02  -4.2780e+02  -9.2142e+02
   6.7595e+02  -4.3819e+02  -9.5172e+02
   6.9439e+02  -4.5429e+02  -9.7744e+02
   7.0997e+02  -4.7560e+02  -9.9845e+02
   7.2159e+02  -5.0136e+02  -1.0147e+03
   7.2830e+02  -5.3054e+02  -1.0260e+03
   7.2944e+02  -5.6196e+02  -1.0324e+03
   7.2464e+02  -5.9430e+02  -1.0338e+03
   7.1381e+02  -6.2618e+02  -1.0302e+03
   6.9723e+02  -6.5627e+02  -1.0217e+03
   6.7542e+02  -6.8329e+02  -1.0082e+03
   6.4920e+02  -7.0616e+02  -9.8996e+02
   6.1964e+02  -7.2399e+02  -9.6690e+02
   5.8794e+02  -7.3616e+02  -9.3919e+02
   5.5545e+02  -7.4235e+02  -9.0695e+02
   5.2353e+02  -7.4254e+02  -8.7036e+02
   4.9352e+02  -7.3704e+02  -8.2957e+02
   4.6665e+02  -7.2644e+02  -7.8479e+02
   4.4399e+02  -7.1161e+02  -7.3623e+02
   4.2637e+02  -6.9362e+02  -6.8412e+02
   4.1437e+02  -6.7373e+02  -6.2873e+02
   4.0825e+02  -6.5328e+02  -5.7030e+02
   4.0796e+02  -6.3363e+02  -5.0913e+02
   4.1317e+02  -6.1611e+02  -4.4552e+02
   4.2320e+02  -6.0193e+02  -3.7975e+02
   4.3717e+02  -5.9211e+02  -3.1216e+02
   4.5394e+02  -5.8743e+02  -2.4307e+02
   4.7226e+02  -5.8843e+02  -1.7280e+02
   4.9077e+02  -5.9530e+02  -1.0170e+02
   5.0811e+02  -6.0795e+02  -3.0118e+01
   5.2296e+02  -6.2597e+02   4.1613e+01
   5.3416e+02  -6.4865e+02   1.1314e+02
   5.4072e+02  -6.7505e+02   1.8413e+02
   5.4188e+02  -7.0402e+02   2.5423e+02
   5.3719e+02  -7.3426e+02   3.2311e+02
   5.2650e+02  -7.6442e+02   3.9043e+02
   5.0995e+02  -7.9314e+02   4.5587e+02
   4.8803e+02  -8.1912e+02   5.1912e+02
   4.6147e+02  -8.4122e+02   5.7987e+02
   4.3126e+02  -8.5848e+02   6.3783e+02
   3.9859e+02  -8.7022e+02   6.9272e+02
   3.6476e+02  -8.7601e+02   7.4427e+02
   3.3115e+02  -8.7577e+02   7.9224e+02
   2.9910e+02  -8.6971e+02   8.3640e+02
   2.6988e+02  -8.5833e+02   8.7653e+02
   2.4461e+02  -8.4245e+02   9.1244e+02
   2.2420e+02  -8.2307e+02   9.4396e+02
   2.0930e+02  -8.0142e+02   9.7094e+02
   2.0026e+02  -7.7880e+02   9.9324e+02
   1.9712e+02  -7.5660e+02   1.0108e+03
   1.9962e+02  -7.3616e+02   1.0234e+03
   2.0719e+02  -7.1871e+02   1.0311e+03
   2.1898e+02  -7.0534e+02   1.0339e+03
   2.3395e+02  -6.9692e+02   1.0317e+03
   2.5084e+02  -6.9404e+02   1.0245e+03
   2.6834e+02  -6.9700e+02   1.0124e+03
   2.8506e+02  -7.0578e+02   9.9543e+02
   2.9968e+02  -7.2007e+02   9.7366e+02
   3.1098e+02  -7.3923e+02   9.4720e+02
   3.1792e+02  -7.6238e+02   9.1618e+02
   3.1967e+02  -7.8844e+02   8.8075e+02
   3.1569e+02  -8.1613e+02   8.4108e+02
   3.0575e+02  -8.4411e+02   7.9736e+02
   2.8990e+02  -8.7101e+02   7.4980e+02
   2.6854e+02  -8.9552e+02   6.9863e+02
   2.4233e+02  -9.1644e+02   6.4410e+02
   2.1220e+02  -9.3277e+02   5.8647e+02
   1.7929e+02  -9.4372e+02   5.2602e+02
   1.4486e+02  -9.4881e+02   4.6304e+02
   1.1029e+02  -9.4786e+02   3.9782e+02
   7.6937e+01  -9.4097e+02   3.3069e+02
   4.6097e+01  -9.2860e+02   2.6197e+02
   1.8939e+01  -9.1146e+02   1.9199e+02
  -3.5669e+00  -8.9052e+02   1.2108e+02
  -2.0695e+01  -8.6694e+02   4.9591e+01
  -3.2005e+01  -8.4201e+02  -2.2138e+01
  -3.7364e+01  -8.1711e+02  -9.3759e+01
  -3.6955e+01  -7.9358e+02  -1.6493e+02
  -3.1266e+01  -7.7272e+02  -2.3531e+02
  -2.1062e+01  -7.5564e+02  -3.0455e+02
  -7.3487e+00  -7.4329e+02  -3.7233e+02
   8.6822e+00  -7.3633e+02  -4.3831e+02
   2.5718e+01  -7.3516e+02  -5.0219e+02
   4.2391e+01  -7.3984e+02  -5.6365e+02
   5.7354e+01  -7.5014e+02  -6.2240e+02
   6.9350e+01  -7.6552e+02  -6.7814e+02
   7.7277e+01  -7.8516e+02  -7.3063e+02
   8.0251e+01  -8.0802e+02  -7.7960e+02
   7.7646e+01  -8.3288e+02  -8.2481e+02
   6.9134e+01  -8.5841e+02  -8.6606e+02
   5.4698e+01  -8.8324e+02  -9.0314e+02
   3.4632e+01  -9.0603e+02  -9.3587e+02
   9.5318e+00  -9.2555e+02  -9.6409e+02
  -1.9744e+01  -9.4074e+02  -9.8768e+02
  -5.2114e+01  -9.5074e+02  -1.0065e+03
  -8.6334e+01  -9.5499e+02  -1.0205e+03
  -1.2106e+02  -9.5320e+02  -1.0296e+03
  -1.5493e+02  -9.4543e+02  -1.0337e+03
  -1.8660e+02  -9.3202e+02  -1.0328e+03
  -2.1488e+02  -9.1361e+02  -1.0270e+03
  -2.3873e+02  -8.9110e+02  -1.0162e+03
  -2.5734e+02  -8.6561e+02  -1.0006e+03
  -2.7021e+02  -8.3841e+02  -9.8007e+02
  -2.7711e+02  -8.1085e+02  -9.5487e+02
  -2.7813e+02  -7.8429e+02  -9.2507e+02
  -2.7367e+02  -7.6004e+02  -8.9083e+02
  -2.6444e+02  -7.3929e+02  -8.5229e+02
  -2.5137e+02  -7.2303e+02  -8.0965e+02
  -2.3560e+02  -7.1200e+02  -7.6311e+02
  -2.1843e+02  -7.0669e+02  -7.1290e+02
  -2.0121e+02  -7.0724e+02  -6.5926e+02
  -1.8530e+02  -7.1351e+02  -6.0244e+02
  -1.7200e+02  -7.2505e+02  -5.4273e+02
  -1.6245e+02  -7.4110e+02  -4.8040e+02
  -1.5760e+02  -7.6069e+02  -4.1576e+02
  -1.5816e+02  -7.8263e+02  -3.4911e+02
  -1.6454e+02  -8.0564e+02  -2.8079e+02
  -1.7684e+02  -8.2833e+02  -2.1112e+02
  -1.9486e+02  -8.4936e+02  -1.4043e+02
  -2.1809e+02  -8.6745e+02  -6.9058e+01
  -2.4572e+02  -8.8149e+02   2.6420e+00
  -2.7675e+02  -8.9056e+02   7.4329e+01
  -3.0997e+02  -8.9402e+02   1.4566e+02
  -3.4405e+02  -8.9150e+02   2.1629e+02
  -3.7762e+02  -8.8296e+02   2.8588e+02
  -4.0935e+02  -8.6865e+02   3.5409e+02
  -4.3797e+02  -8.4914e+02   4.2059e+02
  -4.6240e+02  -8.2527e+02   4.8508e+02
  -4.8178e+02  -7.9810e+02   5.4723e+02
  -4.9550e+02  -7.6885e+02   6.0674e+02
  -5.0325e+02  -7.3887e+02   6.6333e+02
  -5.0505e+02  -7.0952e+02   7.1673e+02
  -5.0120e+02  -6.8214e+02   7.6668e+02
  -4.9232e+02  -6.5794e+02   8.1294e+02
  -4.7930e+02  -6.3799e+02   8.5529e+02
  -4.6322e+02  -6.2310e+02   8.9352e+02
  -4.4534e+02  -6.1383e+02   9.2745e+02
  -4.2700e+02  -6.1042e+02   9.5691e+02
  -4.0958e+02  -6.1282e+02   9.8177e+02
  -3.9438e+02  -6.2065e+02   1.0019e+03
  -3.8261e+02  -6.3324e+02   1.0172e+03
  -3.7527e+02  -6.4968e+02   1.0276e+03
  -3.7315e+02  -6.6883e+02   1.0331e+03
  -3.7674e+02  -6.8942e+02   1.0336e+03
  -3.8623e+02  -7.1010e+02   1.0291e+03
  -4.0151e+02  -7.2950e+02   1.0197e+03
  -4.2214e+02  -7.4632e+02   1.0053e+03
  -4.4741e+02  -7.5940e+02   9.8614e+02
  -4.7635e+02  -7.6776e+02   9.6221e+02
  -5.0781e+02  -7.7067e+02   9.3365e+02
  -5.4048e+02  -7.6768e+02   9.0059e+02
  -5.7301e+02  -7.5866e+02   8.6320e+02
  -6.0404e+02  -7.4379e+02   8.2165e+02
  -6.3229e+02  -7.2355e+02   7.7615e+02
  -6.5661e+02  -6.9871e+02   7.2692e+02
  -6.7606e+02  -6.7025e+02   6.7418e+02
  -6.8998e+02  -6.3938e+02   6.1820e+02
  -6.9797e+02  -6.0741e+02   5.5924e+02
  -6.9994e+02  -5.7571e+02   4.9759e+02
  -6.9613e+02  -5.4562e+02   4.3355e+02
  -6.8707e+02  -5.1840e+02   3.6741e+02
  -6.7358e+02  -4.9517e+02   2.9951e+02
  -6.5668e+02  -4.7682e+02   2.3017e+02
  -6.3759e+02  -4.6397e+02   1.5972e+02
  -6.1765e+02  -4.5696e+02   8.8501e+01
  -5.9822e+02  -4.5583e+02   1.6856e+01
  -5.8063e+02  -4.6027e+02  -5.4871e+01
  -5.6613e+02  -4.6972e+02  -1.2633e+02
  -5.5579e+02  -4.8330e+02  -1.9719e+02
  -5.5045e+02  -4.9995e+02  -2.6709e+02
  -5.5069e+02  -5.1843e+02  -3.3571e+02
  -5.5679e+02  -5.3739e+02  -4.0272e+02
  -5.6872e+02  -5.5548e+02  -4.6778e+02
  -5.8613e+02  -5.7136e+02  -5.3059e+02
  -6.0840e+02  -5.8382e+02  -5.9085e+02
  -6.3461e+02  -5.9183e+02  -6.4827e+02
  -6.6366e+02  -5.9458e+02  -7.0256e+02
  -6.9428e+02  -5.9156e+02  -7.5348e+02
  -7.2512e+02  -5.8254e+02  -8.0076e+02
  -7.5483e+02  -5.6759e+02  -8.4420e+02
  -7.8207e+02  -5.4714e+02  -8.8356e+02
  -8.0567e+02  -5.2185e+02  -9.1868e+02
  -8.2464e+02  -4.9268e+02  -9.4937e+02
  -8.3821e+02  -4.6077e+02  -9.7550e+02
  -8.4591e+02  -4.2739e+02  -9.9692e+02
  -8.4758e+02  -3.9392e+02  -1.0136e+03
  -8.4334e+02  -3.6172e+02  -1.0253e+03
  -8.3367e+02  -3.3207e+02  -1.0321e+03
  -8.1929e+02  -3.0613e+02  -1.0340e+03
  -8.0118e+02  -2.8487e+02  -1.0308e+03
  -7.8051e+02  -2.6898e+02  -1.0227e+03
  -7.5860e+02  -2.5890e+02  -1.0097e+03
  -7.3679e+02  -2.5473e+02  -9.9185e+02
  -7.1645e+02  -2.5628e+02  -9.6920e+02
  -6.9885e+02  -2.6304e+02  -9.4188e+02
  -6.8511e+02  -2.7422e+02  -9.1003e+02
  -6.7615e+02  -2.8882e+02  -8.7380e+02
  -6.7263e+02  -3.0562e+02  -8.3336e+02
  -6.7490e+02  -3.2332e+02  -7.8892e+02
  -6.8303e+02  -3.4054e+02  -7.4067e+02
  -6.9676e+02  -3.5594e+02  -6.8886e+02
  -7.1553e+02  -3.6827e+02  -6.3373e+02
  -7.3851e+02  -3.7644e+02  -5.7555e+02
  -7.6465e+02  -3.7958e+02  -5.1460e+02
  -7.9271e+02  -3.7708e+02  -4.5118e+02
  -8.2137e+02  -3.6863e+02  -3.8558e+02
  -8.4925e+02  -3.5424e+02  -3.1812e+02
  -8.7503e+02  -3.3421e+02  -2.4914e+02
  -8.9746e+02  -3.0916e+02  -1.7895e+02
  -9.1551e+02  -2.7995e+02  -1.0791e+02
  -9.2834e+02  -2.4770e+02  -3.6340e+01
  -9.3538e+02  -2.1363e+02   3.5401e+01
  -9.3640e+02  -1.7911e+02   1.0697e+02
  -9.3144e+02  -1.4550e+02   1.7803e+02
  -9.2087e+02  -1.1412e+02   2.4823e+02
  -9.0535e+02  -8.6173e+01   3.1723e+02
  -8.8580e+02  -6.2676e+01   3.8471e+02
  -8.6335e+02  -4.4412e+01   4.5034e+02
  -8.3925e+02  -3.1888e+01   5.1379e+02
  -8.1488e+02  -2.5303e+01   5.7478e+02
  -7.9159e+02  -2.4547e+01   6.3300e+02
  -7.7068e+02  -2.9196e+01   6.8817e+02
  -7.5334e+02  -3.8543e+01   7.4003e+02
  -7.4053e+02  -5.1631e+01   7.8832e+02
  -7.3299e+02  -6.7306e+01   8.3282e+02
  -7.3117e+02  -8.4275e+01   8.7332e+02
  -7.3523e+02  -1.0118e+02   9.0961e+02
  -7.4498e+02  -1.1665e+02   9.4152e+02
  -7.5994e+02  -1.2942e+02   9.6890e+02
  -7.7937e+02  -1.3835e+02   9.9161e+02
  -8.0227e+02  -1.4248e+02   1.0096e+03
  -8.2745e+02  -1.4115e+02   1.0226e+03
  -8.5360e+02  -1.3395e+02   1.0308e+03
  -8.7935e+02  -1.2079e+02   1.0340e+03
  -9.0335e+02  -1.0191e+02   1.0322e+03
  -9.2434e+02  -7.7833e+01   1.0255e+03
  -9.4121e+02  -4.9364e+01   1.0138e+03
  -9.5306e+02  -1.7540e+01   9.9722e+02
  -9.5927e+02   1.6426e+01   9.7585e+02
  -9.5947e+02   5.1207e+01   9.4979e+02
  -9.5365e+02   8.5433e+01   9.1916e+02
  -9.4209e+02   1.1776e+02   8.8410e+02
  -9.2536e+02   1.4695e+02   8.4479e+02
  -9.0432e+02   1.7193e+02   8.0140e+02
  -8.8004e+02   1.9184e+02   7.5417e+02
  -8.5376e+02   2.0610e+02   7.0330e+02
  -8.2680e+02   2.1442e+02   6.4905e+02
  -8.0056e+02   2.1682e+02   5.9167e+02
  -7.7634e+02   2.1364e+02   5.3144e+02
  -7.5537e+02   2.0551e+02   4.6866e+02
  -7.3869e+02   1.9333e+02   4.0362e+02
  -7.2710e+02   1.7819e+02   3.3663e+02
  -7.2114e+02   1.6135e+02   2.6803e+02
  -7.2103e+02   1.4418e+02   1.9814e+02
  -7.2670e+02   1.2803e+02   1.2729e+02
  -7.3776e+02   1.1421e+02   5.5827e+01
  -7.5352e+02   1.0391e+02  -1.5902e+01
  -7.7305e+02   9.8131e+01  -8.7555e+01
  -7.9521e+02   9.7633e+01  -1.5879e+02
  -8.1871e+02   1.0289e+02  -2.2925e+02
  -8.4221e+02   1.1409e+02  -2.9862e+02
  -8.6433e+02   1.3108e+02  -3.6655e+02
  -8.8379e+02   1.5342e+02  -4.3271e+02
  -8.9942e+02   1.8038e+02  -4.9679e+02
  -9.1027e+02   2.1097e+02  -5.5848e+02
  -9.1562e+02   2.4404e+02  -6.1748e+02
  -9.1505e+02   2.7827e+02  -6.7350e+02
  -9.0843e+02   3.1231e+02  -7.2629e+02
  -8.9596e+02   3.4479e+02  -7.7558e+02
  -8.7814e+02   3.7444e+02  -8.2114e+02
  -8.5575e+02   4.0013e+02  -8.6274e+02
  -8.2981e+02   4.2095e+02  -9.0019e+02
  -8.0151e+02   4.3622e+02  -9.3331e+02
  -7.7217e+02   4.4558e+02  -9.6194e+02
  -7.4315e+02   4.4895e+02  -9.8593e+02
  -7.1582e+02   4.4660e+02  -1.0052e+03
  -6.9141e+02   4.3906e+02  -1.0196e+03
  -6.7102e+02   4.2717e+02  -1.0291e+03
  -6.5554e+02   4.1197e+02  -1.0336e+03
  -6.4557e+02   3.9469e+02  -1.0332e+03
  -6.4144e+02   3.7666e+02  -1.0278e+03
  -6.4314e+02   3.5925e+02  -1.0175e+03
  -6.5038e+02   3.4379e+02  -1.0022e+03
  -6.6255e+02   3.3150e+02  -9.8215e+02
  -6.7878e+02   3.2346e+02  -9.5736e+02
  -6.9799e+02   3.2048e+02  -9.2795e+02
  -7.1892e+02   3.2314e+02  -8.9408e+02
  -7.4024e+02   3.3169e+02  -8.5590e+02
  -7.6057e+02   3.4608e+02  -8.1360e+02
  -7.7860e+02   3.6595e+02  -7.6739e+02
  -7.9313e+02   3.9064e+02  -7.1748e+02
  -8.0313e+02   4.1924e+02  -6.6412e+02
  -8.0781e+02   4.5064e+02  -6.0756e+02
  -8.0667e+02   4.8355e+02  -5.4808e+02
  -7.9949e+02   5.1662e+02  -4.8596e+02
  -7.8640e+02   5.4850e+02  -4.2150e+02
  -7.6780e+02   5.7787e+02  -3.5501e+02
  -7.4440e+02   6.0355e+02  -2.8681e+02
  -7.1715e+02   6.2457e+02  -2.1723e+02
  -6.8720e+02   6.4017e+02  -1.4661e+02
  -6.5585e+02   6.4992e+02  -7.5277e+01
  -6.2446e+02   6.5364e+02  -3.5836e+00
  -5.9439e+02   6.5151e+02   6.8127e+01
  -5.6692e+02   6.4400e+02   1.3951e+02
  -5.4320e+02   6.3185e+02   2.1022e+02
  -5.2417e+02   6.1607e+02   2.7992e+02
  -5.1054e+02   5.9782e+02   3.4827e+02
  -5.0269e+02   5.7841e+02   4.1495e+02
  -5.0072e+02   5.5923e+02   4.7963e+02
  -5.0443e+02   5.4160e+02   5.4199e+02
  -5.1327e+02   5.2680e+02   6.0176e+02
  -5.2646e+02   5.1595e+02   6.5862e+02
  -5.4297e+02   5.0993e+02   7.1231e+02
  -5.6158e+02   5.0940e+02   7.6258e+02
  -5.8097e+02   5.1469e+02   8.0917e+02
  -5.9978e+02   5.2586e+02   8.5187e+02
  -6.1667e+02   5.4261e+02   8.9047e+02
  -6.3038e+02   5.6438e+02   9.2478e+02

