   2.5132e+02   2.2712e+01   5.2064e+02
   2.6928e+02  -3.4186e+01   4.8520e+02
   2.7379e+02  -9.3886e+01   4.4741e+02
   2.6455e+02  -1.5324e+02   4.0748e+02
   2.4202e+02  -2.0912e+02   3.6558e+02
   2.0733e+02  -2.5859e+02   3.2192e+02
   1.6226e+02  -2.9903e+02   2.7671e+02
   1.0915e+02  -3.2832e+02   2.3017e+02
   5.0751e+01  -3.4492e+02   1.8253e+02
  -9.8971e+00  -3.4795e+02   1.3400e+02
  -6.9642e+01  -3.3725e+02   8.4827e+01
  -1.2538e+02  -3.1341e+02   3.5247e+01
  -1.7421e+02  -2.7767e+02  -1.4503e+01
  -2.1360e+02  -2.3193e+02  -6.4183e+01
  -2.4153e+02  -1.7861e+02  -1.1355e+02
  -2.5656e+02  -1.2052e+02  -1.6238e+02
  -2.5796e+02  -6.0737e+01  -2.1042e+02
  -2.4569e+02  -2.4162e+00  -2.5745e+02
  -2.2046e+02   5.1363e+01  -3.0324e+02
  -1.8364e+02   9.7759e+01  -3.4758e+02
  -1.3723e+02   1.3432e+02  -3.9023e+02
  -8.3731e+01   1.5913e+02  -4.3101e+02
  -2.6012e+01   1.7086e+02  -4.6972e+02
   3.2828e+01   1.6891e+02  -5.0616e+02
   8.9631e+01   1.5338e+02  -5.4017e+02
   1.4135e+02   1.2509e+02  -5.7158e+02
   1.8520e+02   8.5536e+01  -6.0024e+02
   2.1883e+02   3.6822e+01  -6.2601e+02
   2.4040e+02  -1.8481e+01  -6.4876e+02
   2.4873e+02  -7.7445e+01  -6.6839e+02
   2.4333e+02  -1.3695e+02  -6.8481e+02
   2.2444e+02  -1.9385e+02  -6.9793e+02
   1.9300e+02  -2.4513e+02  -7.0768e+02
   1.5063e+02  -2.8807e+02  -7.1404e+02
   9.9519e+01  -3.2041e+02  -7.1695e+02
   4.2317e+01  -3.4041e+02  -7.1641e+02
  -1.8002e+01  -3.4703e+02  -7.1243e+02
  -7.8301e+01  -3.3989e+02  -7.0501e+02
  -1.3544e+02  -3.1937e+02  -6.9420e+02
  -1.8646e+02  -2.8653e+02  -6.8005e+02
  -2.2870e+02  -2.4311e+02  -6.6263e+02
  -2.5998e+02  -1.9138e+02  -6.4202e+02
  -2.7870e+02  -1.3407e+02  -6.1831e+02
  -2.8392e+02  -7.4181e+01  -5.9163e+02
  -2.7541e+02  -1.4874e+01  -5.6210e+02
  -2.5366e+02   4.0737e+01  -5.2987e+02
  -2.1987e+02   8.9727e+01  -4.9508e+02
  -1.7587e+02   1.2952e+02  -4.5791e+02
  -1.2403e+02   1.5804e+02  -4.1854e+02
  -6.7143e+01   1.7379e+02  -3.7715e+02
  -8.2479e+00   1.7595e+02  -3.3395e+02
   4.9495e+01   1.6443e+02  -2.8914e+02
   1.0299e+02   1.3984e+02  -2.4294e+02
   1.4936e+02   1.0352e+02  -1.9557e+02
   1.8613e+02   5.7385e+01  -1.4726e+02
   2.1129e+02   3.9015e+00  -9.8234e+01
   2.2348e+02  -5.4091e+01  -4.8740e+01
   2.2200e+02  -1.1351e+02   9.8855e-01
   2.0690e+02  -1.7120e+02   5.0712e+01
   1.7891e+02  -2.2408e+02   1.0019e+02
   1.3949e+02  -2.6936e+02   1.4919e+02
   9.0662e+01  -3.0461e+02   1.9747e+02
   3.4965e+01  -3.2796e+02   2.4480e+02
  -2.4704e+01  -3.3814e+02   2.9095e+02
  -8.5236e+01  -3.3460e+02   3.3570e+02
  -1.4348e+02  -3.1750e+02   3.7883e+02
  -1.9639e+02  -2.8772e+02   4.2014e+02
  -2.4124e+02  -2.4682e+02   4.5943e+02
  -2.7568e+02  -1.9692e+02   4.9651e+02
  -2.9794e+02  -1.4063e+02   5.3120e+02
  -3.0689e+02  -8.0917e+01   5.6333e+02
  -3.0210e+02  -2.0892e+01   5.9275e+02
  -2.8385e+02   3.6295e+01   6.1931e+02
  -2.5317e+02   8.7652e+01   6.4290e+02
  -2.1170e+02   1.3049e+02   6.6339e+02
  -1.6168e+02   1.6258e+02   6.8069e+02
  -1.0579e+02   1.8225e+02   6.9471e+02
  -4.7024e+01   1.8849e+02   7.0538e+02
   1.1479e+01   1.8100e+02   7.1266e+02
   6.6588e+01   1.6020e+02   7.1651e+02
   1.1535e+02   1.2723e+02   7.1691e+02
   1.5516e+02   8.3845e+01   7.1386e+02
   1.8387e+02   3.2378e+01   7.0738e+02
   1.9992e+02  -2.4426e+01   6.9749e+02
   2.0244e+02  -8.3536e+01   6.8424e+02
   1.9125e+02  -1.4180e+02   6.6770e+02
   1.6690e+02  -1.9610e+02   6.4794e+02
   1.3065e+02  -2.4355e+02   6.2507e+02
   8.4370e+01  -2.8161e+02   5.9918e+02
   3.0471e+01  -3.0823e+02   5.7042e+02
  -2.8238e+01  -3.2197e+02   5.3890e+02
  -8.8690e+01  -3.2207e+02   5.0479e+02
  -1.4773e+02  -3.0850e+02   4.6826e+02
  -2.0227e+02  -2.8194e+02   4.2946e+02
  -2.4946e+02  -2.4375e+02   3.8861e+02
  -2.8686e+02  -1.9592e+02   3.4588e+02
  -3.1251e+02  -1.4093e+02   3.0148e+02
  -3.2509e+02  -8.1666e+01   2.5563e+02
  -3.2398e+02  -2.1208e+01   2.0856e+02
  -3.0926e+02   3.7284e+01   1.6048e+02
  -2.8174e+02   9.0757e+01   1.1162e+02
  -2.4292e+02   1.3642e+02   6.2230e+01
  -1.9486e+02   1.7191e+02   1.2540e+01
  -1.4015e+02   1.9538e+02  -3.7211e+01
  -8.1690e+01   2.0563e+02  -8.6783e+01
  -2.2610e+01   2.0216e+02  -1.3594e+02
   3.3942e+01   1.8520e+02  -1.8444e+02
   8.4952e+01   1.5566e+02  -2.3205e+02
   1.2770e+02   1.1517e+02  -2.7854e+02
   1.5989e+02   6.5885e+01  -3.2370e+02
   1.7980e+02   1.0459e+01  -3.6729e+02
   1.8635e+02  -4.8144e+01  -4.0912e+02
   1.7917e+02  -1.0679e+02  -4.4898e+02
   1.5862e+02  -1.6233e+02  -4.8668e+02
   1.2574e+02  -2.1181e+02  -5.2204e+02
   8.2248e+01  -2.5255e+02  -5.5488e+02
   3.0420e+01  -2.8238e+02  -5.8505e+02
  -2.7034e+01  -2.9967e+02  -6.1241e+02
  -8.7106e+01  -3.0347e+02  -6.3682e+02
  -1.4665e+02  -2.9353e+02  -6.5816e+02
  -2.0253e+02  -2.7034e+02  -6.7633e+02
  -2.5184e+02  -2.3508e+02  -6.9125e+02
  -2.9199e+02  -1.8957e+02  -7.0284e+02
  -3.2087e+02  -1.3617e+02  -7.1105e+02
  -3.3699e+02  -7.7646e+01  -7.1584e+02
  -3.3952e+02  -1.7058e+01  -7.1718e+02
  -3.2835e+02   4.2442e+01  -7.1506e+02
  -3.0408e+02   9.7756e+01  -7.0951e+02
  -2.6801e+02   1.4601e+02  -7.0054e+02
  -2.2208e+02   1.8469e+02  -6.8819e+02
  -1.6872e+02   2.1182e+02  -6.7254e+02
  -1.1078e+02   2.2599e+02  -6.5364e+02
  -5.1328e+01   2.2650e+02  -6.3160e+02
   6.4745e+00   2.1338e+02  -6.0652e+02
   5.9557e+01   1.8736e+02  -5.7852e+02
   1.0510e+02   1.4986e+02  -5.4774e+02
   1.4068e+02   1.0292e+02  -5.1432e+02
   1.6441e+02   4.9042e+01  -4.7842e+02
   1.7501e+02  -8.8654e+00  -4.4022e+02
   1.7191e+02  -6.7702e+01  -3.9990e+02
   1.5527e+02  -1.2431e+02  -3.5766e+02
   1.2593e+02  -1.7566e+02  -3.1370e+02
   8.5453e+01  -2.1899e+02  -2.6822e+02
   3.5948e+01  -2.5197e+02  -2.2145e+02
  -1.9978e+01  -2.7280e+02  -1.7362e+02
  -7.9383e+01  -2.8033e+02  -1.2496e+02
  -1.3914e+02  -2.7413e+02  -7.5687e+01
  -1.9611e+02  -2.5447e+02  -2.6055e+01
  -2.4729e+02  -2.2235e+02   2.3704e+01
  -2.8998e+02  -1.7940e+02   7.3349e+01
  -3.2195e+02  -1.2786e+02   1.2264e+02
  -3.4151e+02  -7.0398e+01   1.7134e+02
  -3.4764e+02  -9.9960e+00   2.1922e+02
  -3.4002e+02   5.0201e+01   2.6604e+02
  -3.1906e+02   1.0706e+02   3.1158e+02
  -2.8588e+02   1.5763e+02   3.5563e+02
  -2.4223e+02   1.9929e+02   3.9796e+02
  -1.9043e+02   2.2988e+02   4.3837e+02
  -1.3321e+02   2.4784e+02   4.7668e+02
  -7.3612e+01   2.5227e+02   5.1269e+02
  -1.4778e+01   2.4298e+02   5.4623e+02
   4.0179e+01   2.2051e+02   5.7714e+02
   8.8353e+01   1.8611e+02   6.0528e+02
   1.2720e+02   1.4162e+02   6.3050e+02
   1.5466e+02   8.9459e+01   6.5268e+02
   1.6928e+02   3.2421e+01   6.7173e+02
   1.7030e+02  -2.6430e+01   6.8754e+02
   1.5765e+02  -8.3937e+01   7.0004e+02
   1.3200e+02  -1.3701e+02   7.0917e+02
   9.4713e+01  -1.8281e+02   7.1489e+02
   4.7754e+01  -2.1886e+02   7.1717e+02
  -6.3947e+00  -2.4320e+02   7.1599e+02
  -6.4872e+01  -2.5451e+02   7.1137e+02
  -1.2459e+02  -2.5214e+02   7.0333e+02
  -1.8238e+02  -2.3616e+02   6.9190e+02
  -2.3521e+02  -2.0737e+02   6.7714e+02
  -2.8026e+02  -1.6724e+02   6.5911e+02
  -3.1517e+02  -1.1785e+02   6.3792e+02
  -3.3807e+02  -6.1742e+01   6.1366e+02
  -3.4776e+02  -1.8445e+00   5.8644e+02
  -3.4371e+02   5.8731e+01   5.5639e+02
  -3.2614e+02   1.1683e+02   5.2367e+02
  -2.9597e+02   1.6944e+02   4.8843e+02
  -2.5478e+02   2.1383e+02   4.5084e+02
  -2.0474e+02   2.4770e+02   4.1108e+02
  -1.4848e+02   2.6931e+02   3.6934e+02
  -8.8973e+01   2.7756e+02   3.2582e+02
  -2.9344e+01   2.7208e+02   2.8073e+02
   2.7266e+01   2.5319e+02   2.3429e+02
   7.7876e+01   2.2194e+02   1.8672e+02
   1.1983e+02   1.8003e+02   1.3826e+02
   1.5091e+02   1.2973e+02   8.9125e+01
   1.6950e+02   7.3724e+01   3.9564e+01
   1.7462e+02   1.5032e+01  -1.0187e+01
   1.6602e+02  -4.3203e+01  -5.9889e+01
   1.4417e+02  -9.7859e+01  -1.0930e+02
   1.1023e+02  -1.4600e+02  -1.5819e+02
   6.6013e+01  -1.8504e+02  -2.0632e+02
   1.3864e+01  -2.1288e+02  -2.5345e+02
  -4.3445e+01  -2.2798e+02  -2.9936e+02
  -1.0287e+02  -2.2952e+02  -3.4383e+02
  -1.6126e+02  -2.1736e+02  -3.8665e+02
  -2.1551e+02  -1.9209e+02  -4.2761e+02
  -2.6274e+02  -1.5502e+02  -4.6650e+02
  -3.0044e+02  -1.0804e+02  -5.0316e+02
  -3.2660e+02  -5.3603e+01  -5.3739e+02
  -3.3982e+02   5.4699e+00  -5.6903e+02
  -3.3938e+02   6.6102e+01  -5.9794e+02
  -3.2529e+02   1.2514e+02  -6.2396e+02
  -2.9827e+02   1.7950e+02  -6.4699e+02
  -2.5972e+02   2.2636e+02  -6.6690e+02
  -2.1166e+02   2.6330e+02  -6.8359e+02
  -1.5662e+02   2.8840e+02  -6.9700e+02
  -9.7462e+01   3.0038e+02  -7.0705e+02
  -3.7303e+01   2.9865e+02  -7.1370e+02
   2.0706e+01   2.8335e+02  -7.1692e+02
   7.3526e+01   2.5533e+02  -7.1668e+02
   1.1839e+02   2.1612e+02  -7.1299e+02
   1.5295e+02   1.6781e+02  -7.0587e+02
   1.7541e+02   1.1302e+02  -6.9535e+02
   1.8461e+02   5.4665e+01  -6.8149e+02
   1.8008e+02  -4.1198e+00  -6.6434e+02
   1.6209e+02  -6.0191e+01  -6.4400e+02
   1.3163e+02  -1.1055e+02  -6.2056e+02
   9.0313e+01  -1.5248e+02  -5.9413e+02
   4.0361e+01  -1.8375e+02  -5.6484e+02
  -1.5562e+01  -2.0266e+02  -5.3283e+02
  -7.4475e+01  -2.0816e+02  -4.9825e+02
  -1.3324e+02  -1.9993e+02  -4.6128e+02
  -1.8872e+02  -1.7836e+02  -4.2209e+02
  -2.3796e+02  -1.4456e+02  -3.8087e+02
  -2.7833e+02  -1.0027e+02  -3.3781e+02
  -3.0766e+02  -4.7784e+01  -2.9313e+02
  -3.2438e+02   1.0154e+01  -2.4703e+02
  -3.2757e+02   7.0526e+01  -1.9975e+02
  -3.1704e+02   1.3018e+02  -1.5150e+02
  -2.9330e+02   1.8600e+02  -1.0253e+02
  -2.5759e+02   2.3509e+02  -5.3061e+01
  -2.1174e+02   2.7487e+02  -3.3375e+00
  -1.5816e+02   3.0329e+02   4.6403e+01
  -9.9634e+01   3.1888e+02   9.5920e+01
  -3.9226e+01   3.2086e+02   1.4497e+02
   1.9910e+01   3.0915e+02   1.9333e+02
   7.4685e+01   2.8441e+02   2.4076e+02
   1.2224e+02   2.4798e+02   2.8703e+02
   1.6010e+02   2.0182e+02   3.3191e+02
   1.8630e+02   1.4839e+02   3.7520e+02
   1.9949e+02   9.0559e+01   4.1669e+02
   1.9901e+02   3.1409e+01   4.5616e+02
   1.8493e+02  -2.5904e+01   4.9344e+02
   1.5802e+02  -7.8319e+01   5.2835e+02
   1.1974e+02  -1.2304e+02   5.6071e+02
   7.2147e+01  -1.5767e+02   5.9038e+02
   1.7800e+01  -1.8035e+02   6.1720e+02
  -4.0397e+01  -1.8985e+02   6.4105e+02
  -9.9331e+01  -1.8564e+02   6.6182e+02
  -1.5585e+02  -1.6791e+02   6.7940e+02
  -2.0694e+02  -1.3757e+02   6.9371e+02
  -2.4984e+02  -9.6198e+01   7.0468e+02
  -2.8227e+02  -4.5942e+01   7.1226e+02
  -3.0247e+02   1.0570e+01   7.1641e+02
  -3.0932e+02   7.0379e+01   7.1711e+02
  -3.0244e+02   1.3036e+02   7.1436e+02
  -2.8213e+02   1.8736e+02   7.0817e+02
  -2.4944e+02   2.3840e+02   6.9857e+02
  -2.0604e+02   2.8082e+02   6.8561e+02
  -1.5420e+02   3.1239e+02   6.6935e+02
  -9.6592e+01   3.3148e+02   6.4986e+02
  -3.6233e+01   3.3711e+02   6.2725e+02
   2.3736e+01   3.2899e+02   6.0162e+02
   8.0191e+01   3.0758e+02   5.7309e+02
   1.3019e+02   2.7404e+02   5.4181e+02
   1.7114e+02   2.3016e+02   5.0791e+02
   2.0092e+02   1.7828e+02   4.7157e+02
   2.1800e+02   1.2116e+02   4.3296e+02
   2.2153e+02   6.1842e+01   3.9227e+02
   2.1135e+02   3.4801e+00   3.4969e+02
   1.8805e+02  -5.0824e+01   3.0542e+02
   1.5292e+02  -9.8183e+01   2.5969e+02
   1.0783e+02  -1.3608e+02   2.1270e+02
   5.5235e+01  -1.6248e+02   1.6470e+02
  -2.0573e+00  -1.7598e+02   1.1589e+02
  -6.0973e+01  -1.7586e+02   6.6534e+01
  -1.1835e+02  -1.6209e+02   1.6854e+01
  -1.7113e+02  -1.3538e+02  -3.2907e+01
  -2.1645e+02  -9.7138e+01  -8.2509e+01
  -2.5190e+02  -4.9359e+01  -1.3171e+02
  -2.7554e+02   5.4483e+00  -1.8028e+02
  -2.8609e+02   6.4405e+01  -2.2799e+02
  -2.8294e+02   1.2441e+02  -2.7459e+02
  -2.6621e+02   1.8232e+02  -3.1988e+02
  -2.3674e+02   2.3507e+02  -3.6362e+02
  -1.9603e+02   2.7991e+02  -4.0562e+02
  -1.4619e+02   3.1447e+02  -4.4566e+02
  -8.9813e+01   3.3694e+02  -4.8356e+02
  -2.9818e+01   3.4615e+02  -5.1913e+02
   3.0671e+01   3.4162e+02  -5.5220e+02
   8.8506e+01   3.2360e+02  -5.8261e+02
   1.4068e+02   2.9306e+02  -6.1022e+02
   1.8449e+02   2.5162e+02  -6.3489e+02
   2.1766e+02   2.0147e+02  -6.5650e+02
   2.3850e+02   1.4528e+02  -6.7496e+02
   2.4595e+02   8.6016e+01  -6.9016e+02
   2.3966e+02   2.6821e+01  -7.0205e+02
   2.2001e+02  -2.9171e+01  -7.1055e+02
   1.8810e+02  -7.8998e+01  -7.1564e+02
   1.4565e+02  -1.2002e+02  -7.1727e+02
   9.4962e+01  -1.5007e+02  -7.1546e+02
   3.8751e+01  -1.6754e+02  -7.1020e+02
  -1.9961e+01  -1.7152e+02  -7.0153e+02
  -7.8026e+01  -1.6179e+02  -6.8947e+02
  -1.3233e+02  -1.3885e+02  -6.7410e+02
  -1.7995e+02  -1.0393e+02  -6.5548e+02
  -2.1833e+02  -5.8845e+01  -6.3371e+02
  -2.4539e+02  -5.9908e+00  -6.0889e+02
  -2.5965e+02   5.1848e+01  -5.8114e+02
  -2.6031e+02   1.1162e+02  -5.5059e+02
  -2.4729e+02   1.7016e+02  -5.1738e+02
  -2.2123e+02   2.2439e+02  -4.8169e+02
  -1.8345e+02   2.7144e+02  -4.4368e+02
  -1.3590e+02   3.0882e+02  -4.0354e+02
  -8.1043e+01   3.3456e+02  -3.6145e+02
  -2.1727e+01   3.4730e+02  -3.1762e+02
   3.8965e+01   3.4636e+02  -2.7226e+02
   9.7874e+01   3.3180e+02  -2.2559e+02
   1.5194e+02   3.0436e+02  -1.7784e+02
   1.9835e+02   2.6551e+02  -1.2923e+02
   2.3472e+02   2.1729e+02  -7.9996e+01
   2.5915e+02   1.6224e+02  -3.0378e+01
   2.7042e+02   1.0326e+02   1.9386e+01
   2.6797e+02   4.3466e+01   6.9057e+01
   2.5199e+02  -1.3994e+01   1.1840e+02
   2.2337e+02  -6.6092e+01   1.6716e+02
   1.8366e+02  -1.1008e+02   2.1513e+02
   1.3501e+02  -1.4365e+02   2.6206e+02
   8.0041e+01  -1.6504e+02   3.0772e+02
   2.1703e+01  -1.7311e+02   3.5191e+02
  -3.6876e+01  -1.6746e+02   3.9440e+02
  -9.2554e+01  -1.4839e+02   4.3500e+02
  -1.4234e+02  -1.1693e+02   4.7349e+02
  -1.8357e+02  -7.4735e+01   5.0972e+02
  -2.1400e+02  -2.4055e+01   5.4348e+02
  -2.3199e+02   3.2424e+01   5.7463e+02
  -2.3653e+02   9.1706e+01   6.0302e+02
  -2.2734e+02   1.5065e+02   6.2850e+02
  -2.0487e+02   2.0613e+02   6.5096e+02
  -1.7024e+02   2.5519e+02   6.7029e+02
  -1.2524e+02   2.9525e+02   6.8638e+02
  -7.2202e+01   3.2415e+02   6.9918e+02
  -1.3879e+01   3.4038e+02   7.0861e+02
   4.6694e+01   3.4304e+02   7.1462e+02
   1.0636e+02   3.3198e+02   7.1720e+02
   1.6203e+02   3.0778e+02   7.1632e+02
   2.1079e+02   2.7169e+02   7.1200e+02
   2.5012e+02   2.2560e+02   7.0425e+02
   2.7798e+02   1.7193e+02   6.9311e+02
   2.9296e+02   1.1349e+02   6.7863e+02
   2.9430e+02   5.3356e+01   6.6088e+02
   2.8198e+02  -5.3241e+00   6.3996e+02
   2.5670e+02  -5.9468e+01   6.1595e+02
   2.1982e+02  -1.0624e+02   5.8898e+02
   1.7336e+02  -1.4318e+02   5.5917e+02
   1.1979e+02  -1.6837e+02   5.2667e+02
   6.2002e+01  -1.8049e+02   4.9164e+02
   3.0851e+00  -1.7894e+02   4.5424e+02
  -5.3806e+01  -1.6380e+02   4.1465e+02
  -1.0562e+02  -1.3592e+02   3.7307e+02
  -1.4959e+02  -9.6774e+01   3.2969e+02
  -1.8333e+02  -4.8463e+01   2.8473e+02
  -2.0504e+02   6.4383e+00   2.3839e+02
  -2.1351e+02   6.5005e+01   1.9091e+02
  -2.0826e+02   1.2412e+02   1.4250e+02
  -1.8953e+02   1.8063e+02   9.3417e+01
  -1.5827e+02   2.3154e+02   4.3880e+01
  -1.1608e+02   2.7411e+02  -5.8684e+00
  -6.5146e+01   3.0609e+02  -5.5588e+01
  -8.1279e+00   3.2574e+02  -1.0504e+02
   5.2007e+01   3.3201e+02  -1.5399e+02
   1.1212e+02   3.2454e+02  -2.0219e+02
   1.6908e+02   3.0369e+02  -2.4943e+02
   2.1992e+02   2.7054e+02  -2.9546e+02
   2.6199e+02   2.2680e+02  -3.4007e+02
   2.9310e+02   1.7476e+02  -3.8305e+02
   3.1166e+02   1.1713e+02  -4.2418e+02
   3.1672e+02   5.6932e+01  -4.6327e+02
   3.0804e+02  -2.6929e+00  -5.0012e+02
   2.8614e+02  -5.8625e+01  -5.3458e+02
   2.5219e+02  -1.0794e+02  -5.6645e+02
   2.0803e+02  -1.4807e+02  -5.9561e+02
   1.5603e+02  -1.7693e+02  -6.2189e+02
   9.8976e+01  -1.9302e+02  -6.4518e+02
   3.9907e+01  -1.9553e+02  -6.6537e+02
  -1.8019e+01  -1.8436e+02  -6.8235e+02
  -7.1705e+01  -1.6013e+02  -6.9605e+02
  -1.1828e+02  -1.2417e+02  -7.0639e+02
  -1.5526e+02  -7.8391e+01  -7.1334e+02
  -1.8065e+02  -2.5261e+01  -7.1685e+02
  -1.9307e+02   3.2381e+01  -7.1692e+02
  -1.9184e+02   9.1457e+01  -7.1353e+02
  -1.7699e+02   1.4881e+02  -7.0671e+02
  -1.4928e+02   2.0137e+02  -6.9648e+02
  -1.1012e+02   2.4633e+02  -6.8291e+02
  -6.1572e+01   2.8128e+02  -6.6604e+02
  -6.1515e+00   3.0433e+02  -6.4597e+02
   5.3239e+01   3.1422e+02  -6.2279e+02
   1.1349e+02   3.1040e+02  -5.9661e+02
   1.7146e+02   2.9304e+02  -5.6756e+02
   2.2411e+02   2.6300e+02  -5.3578e+02
   2.6868e+02   2.2183e+02  -5.0142e+02
   3.0286e+02   1.7168e+02  -4.6465e+02
   3.2487e+02   1.1514e+02  -4.2563e+02
   3.3356e+02   5.5172e+01  -3.8457e+02
   3.2852e+02  -5.1073e+00  -3.4166e+02
   3.1003e+02  -6.2552e+01  -2.9711e+02
   2.7910e+02  -1.1417e+02  -2.5112e+02
   2.3738e+02  -1.5727e+02  -2.0392e+02
   1.8711e+02  -1.8963e+02  -1.5575e+02
   1.3097e+02  -2.0958e+02  -1.0682e+02
   7.1937e+01  -2.1609e+02  -5.7377e+01
   1.3166e+01  -2.0888e+02  -7.6597e+00
  -4.2220e+01  -1.8837e+02   4.2095e+01
  -9.1271e+01  -1.5568e+02   9.1646e+01
  -1.3137e+02  -1.1257e+02   1.4076e+02
  -1.6039e+02  -6.1385e+01   1.8919e+02
  -1.7676e+02  -4.8533e+00   2.3671e+02
  -1.7960e+02   5.3991e+01   2.8310e+02
  -1.6874e+02   1.1200e+02   3.2812e+02
  -1.4474e+02   1.6605e+02   3.7156e+02
  -1.0883e+02   2.1326e+02   4.1321e+02
  -6.2902e+01   2.5109e+02   4.5287e+02
  -9.3555e+00   2.7749e+02   4.9036e+02
   4.9000e+01   2.9103e+02   5.2548e+02
   1.0910e+02   2.9093e+02   5.5808e+02
   1.6779e+02   2.7718e+02   5.8799e+02
   2.2199e+02   2.5043e+02   6.1506e+02
   2.6885e+02   2.1207e+02   6.3918e+02
   3.0591e+02   1.6407e+02   6.6022e+02
   3.3123e+02   1.0892e+02   6.7808e+02
   3.4350e+02   4.9491e+01   6.9268e+02
   3.4207e+02  -1.1132e+01   7.0395e+02
   3.2704e+02  -6.9792e+01   7.1182e+02
   2.9922e+02  -1.2344e+02   7.1627e+02
   2.6008e+02  -1.6928e+02   7.1727e+02
   2.1172e+02  -2.0494e+02   7.1482e+02
   1.5669e+02  -2.2860e+02   7.0892e+02
   9.7911e+01  -2.3904e+02   6.9962e+02
   3.8507e+01  -2.3576e+02   6.8694e+02
  -1.8379e+01  -2.1899e+02   6.7096e+02
  -6.9730e+01  -1.8965e+02   6.5175e+02
  -1.1283e+02  -1.4934e+02   6.2941e+02
  -1.4538e+02  -1.0025e+02   6.0403e+02
  -1.6566e+02  -4.5003e+01   5.7574e+02
  -1.7259e+02   1.3425e+01   5.4469e+02
  -1.6580e+02   7.1902e+01   5.1101e+02
  -1.4564e+02   1.2729e+02   4.7487e+02
  -1.1315e+02   1.7662e+02   4.3645e+02
  -7.0067e+01   2.1724e+02   3.9592e+02
  -1.8642e+01   2.4694e+02   3.5349e+02
   3.8410e+01   2.6412e+02   3.0936e+02
   9.8081e+01   2.6782e+02   2.6374e+02
   1.5722e+02   2.5780e+02   2.1685e+02
   2.1272e+02   2.3453e+02   1.6892e+02
   2.6164e+02   1.9919e+02   1.2017e+02
   3.0141e+02   1.5361e+02   7.0848e+01
   3.2992e+02   1.0014e+02   2.1181e+01
   3.4568e+02   4.1563e+01  -2.8588e+01
   3.4784e+02  -1.9086e+01  -7.8219e+01
   3.3631e+02  -7.8649e+01  -1.2747e+02
   3.1169e+02  -1.3403e+02  -1.7612e+02
   2.7528e+02  -1.8235e+02  -2.2391e+02
   2.2900e+02  -2.2111e+02  -2.7063e+02
   1.7529e+02  -2.4830e+02  -3.1604e+02
   1.1700e+02  -2.6255e+02  -3.5993e+02
   5.7190e+01  -2.6315e+02  -4.0209e+02
  -9.7365e-01  -2.5011e+02  -4.4232e+02
  -5.4425e+01  -2.2418e+02  -4.8041e+02
  -1.0035e+02  -1.8676e+02  -5.1620e+02
  -1.3631e+02  -1.3989e+02  -5.4949e+02
  -1.6043e+02  -8.6095e+01  -5.8015e+02
  -1.7143e+02  -2.8257e+01  -6.0801e+02
  -1.6874e+02   3.0519e+01  -6.3294e+02
  -1.5251e+02   8.7079e+01  -6.5483e+02
  -1.2360e+02   1.3839e+02  -6.7356e+02
  -8.3535e+01   1.8169e+02  -6.8906e+02
  -3.4452e+01   2.1464e+02  -7.0123e+02
   2.1053e+01   2.3547e+02  -7.1003e+02
   8.0040e+01   2.4301e+02  -7.1542e+02
   1.3939e+02   2.3683e+02  -7.1736e+02
   1.9594e+02   2.1719e+02  -7.1584e+02
   2.4672e+02   1.8510e+02  -7.1089e+02
   2.8902e+02   1.4220e+02  -7.0250e+02
   3.2060e+02   9.0698e+01  -6.9074e+02
   3.3978e+02   3.3280e+01  -6.7565e+02
   3.4554e+02  -2.7075e+01  -6.5731e+02
   3.3755e+02  -8.7226e+01  -6.3581e+02
   3.1623e+02  -1.4404e+02  -6.1124e+02
   2.8269e+02  -1.9457e+02  -5.8373e+02
   2.3869e+02  -2.3619e+02  -5.5342e+02
   1.8654e+02  -2.6675e+02  -5.2043e+02
   1.2897e+02  -2.8468e+02  -4.8495e+02
   6.9006e+01  -2.8908e+02  -4.4712e+02
   9.8085e+00  -2.7976e+02  -4.0715e+02
  -4.5518e+01  -2.5727e+02  -3.6522e+02
  -9.4067e+01  -2.2283e+02  -3.2152e+02
  -1.3329e+02  -1.7832e+02  -2.7628e+02
  -1.6114e+02  -1.2612e+02  -2.2971e+02
  -1.7616e+02  -6.9040e+01  -1.8204e+02
  -1.7758e+02  -1.0140e+01  -1.3349e+02
  -1.6533e+02   4.7425e+01  -8.4294e+01
  -1.4010e+02   1.0057e+02  -3.4694e+01
  -1.0322e+02   1.4645e+02   1.5073e+01
  -5.6675e+01   1.8259e+02   6.4767e+01
  -2.9357e+00   2.0703e+02   1.1415e+02
   5.5135e+01   2.1846e+02   1.6298e+02
   1.1445e+02   2.1621e+02   2.1103e+02
   1.7185e+02   2.0036e+02   2.5806e+02
   2.2428e+02   1.7172e+02   3.0385e+02
   2.6896e+02   1.3174e+02   3.4818e+02
   3.0349e+02   8.2496e+01   3.9083e+02
   3.2603e+02   2.6548e+01   4.3161e+02
   3.3537e+02  -3.3192e+01   4.7030e+02
   3.3098e+02  -9.3610e+01   5.0673e+02
   3.1308e+02  -1.5156e+02   5.4072e+02
   2.8257e+02  -2.0402e+02   5.7211e+02
   2.4106e+02  -2.4826e+02   6.0074e+02
   1.9069e+02  -2.8198e+02   6.2649e+02
   1.3411e+02  -3.0345e+02   6.4921e+02
   7.4277e+01  -3.1157e+02   6.6881e+02
   1.4318e+01  -3.0596e+02   6.8520e+02
  -4.2625e+01  -2.8694e+02   6.9828e+02
  -9.3575e+01  -2.5556e+02   7.0800e+02
  -1.3587e+02  -2.1353e+02   7.1432e+02
  -1.6731e+02  -1.6308e+02   7.1719e+02
  -1.8626e+02  -1.0694e+02   7.1661e+02
  -1.9174e+02  -4.8105e+01   7.1259e+02
  -1.8352e+02   1.0285e+01   7.0513e+02
  -1.6204e+02   6.5107e+01   6.9428e+02
  -1.2847e+02   1.1343e+02   6.8009e+02
  -8.4627e+01   1.5266e+02   6.6262e+02
  -3.2850e+01   1.8069e+02   6.4197e+02
   2.4092e+01   1.9601e+02   6.1822e+02
   8.3157e+01   1.9777e+02   5.9150e+02
   1.4119e+02   1.8584e+02   5.6193e+02
   1.9510e+02   1.6082e+02   5.2966e+02
   2.4200e+02   1.2399e+02   4.9484e+02
   2.7938e+02   7.7266e+01   4.5763e+02
   3.0522e+02   2.3083e+01   4.1822e+02
   3.1813e+02  -3.5734e+01   3.7680e+02
   3.1740e+02  -9.6110e+01   3.3357e+02
   3.0302e+02  -1.5489e+02   2.8873e+02
   2.7571e+02  -2.0900e+02   2.4250e+02
   2.3689e+02  -2.5562e+02   1.9510e+02
   1.8856e+02  -2.9231e+02   1.4676e+02
   1.3324e+02  -3.1717e+02   9.7717e+01
   7.3816e+01  -3.2892e+02   4.8203e+01
   1.3385e+01  -3.2697e+02  -1.5439e+00
  -4.4899e+01  -3.1144e+02  -5.1283e+01
  -9.7997e+01  -2.8320e+02  -1.0078e+02
  -1.4314e+02  -2.4375e+02  -1.4978e+02
  -1.7799e+02  -1.9522e+02  -1.9807e+02
  -2.0075e+02  -1.4019e+02  -2.4540e+02
  -2.1024e+02  -8.1603e+01  -2.9155e+02
  -2.0601e+02  -2.2574e+01  -3.3630e+02
  -1.8833e+02   3.3751e+01  -3.7943e+02
  -1.5817e+02   8.4369e+01  -4.2074e+02
  -1.1715e+02   1.2658e+02  -4.6001e+02
  -6.7503e+01   1.5813e+02  -4.9708e+02
  -1.1877e+01   1.7733e+02  -5.3175e+02
   4.6746e+01   1.8314e+02  -5.6386e+02
   1.0523e+02   1.7522e+02  -5.9326e+02
   1.6043e+02   1.5397e+02  -6.1980e+02
   2.0941e+02   1.2050e+02  -6.4336e+02
   2.4952e+02   7.6537e+01  -6.6382e+02
   2.7861e+02   2.4388e+01  -6.8109e+02
   2.9510e+02  -3.3215e+01  -6.9508e+02
   2.9807e+02  -9.3253e+01  -7.0572e+02
   2.8733e+02  -1.5258e+02  -7.1297e+02
   2.6338e+02  -2.0807e+02  -7.1678e+02
   2.2747e+02  -2.5683e+02  -7.1714e+02
   1.8143e+02  -2.9630e+02  -7.1405e+02
   1.2766e+02  -3.2441e+02  -7.0752e+02
   6.8942e+01  -3.3969e+02  -6.9759e+02
   8.3427e+00  -3.4137e+02  -6.8430e+02
  -5.0986e+01  -3.2936e+02  -6.6772e+02
  -1.0596e+02  -3.0432e+02  -6.4792e+02
  -1.5371e+02  -2.6759e+02  -6.2500e+02
  -1.9177e+02  -2.2113e+02  -5.9907e+02
  -2.1818e+02  -1.6740e+02  -5.7026e+02
  -2.3158e+02  -1.0927e+02  -5.3871e+02
  -2.3132e+02  -4.9806e+01  -5.0456e+02
  -2.1745e+02   7.8253e+00  -4.6798e+02
  -1.9075e+02   6.0569e+01  -4.2915e+02
  -1.5269e+02   1.0562e+02  -3.8825e+02
  -1.0531e+02   1.4060e+02  -3.4549e+02
  -5.1175e+01   1.6364e+02  -3.0106e+02
   6.8204e+00   1.7350e+02  -2.5518e+02
   6.5562e+01   1.6967e+02  -2.0808e+02
   1.2190e+02   1.5232e+02  -1.5997e+02
   1.7281e+02   1.2237e+02  -1.1110e+02
   2.1556e+02   8.1382e+01  -6.1684e+01
   2.4783e+02   3.1518e+01  -1.1976e+01
   2.6789e+02  -2.4600e+01   3.7789e+01
   2.7462e+02  -8.4018e+01   8.7373e+01
   2.6761e+02  -1.4361e+02   1.3654e+02
   2.4720e+02  -2.0022e+02   1.8504e+02
   2.1440e+02  -2.5089e+02   2.3266e+02
   1.7091e+02  -2.9293e+02   2.7915e+02
   1.1897e+02  -3.2414e+02   3.2430e+02
   6.1279e+01  -3.4287e+02   3.6790e+02
   8.3158e-01  -3.4814e+02   4.0972e+02
  -5.9227e+01  -3.3968e+02   4.4957e+02
  -1.1577e+02  -3.1793e+02   4.8725e+02
  -1.6587e+02  -2.8404e+02   5.2259e+02
  -2.0692e+02  -2.3983e+02   5.5541e+02
  -2.3680e+02  -1.8761e+02   5.8556e+02
  -2.5399e+02  -1.3014e+02   6.1290e+02
  -2.5762e+02  -7.0481e+01   6.3728e+02
  -2.4756e+02  -1.1765e+01   6.5859e+02
  -2.2438e+02   4.2900e+01   6.7673e+02
  -1.8935e+02   9.0627e+01   6.9162e+02
  -1.4438e+02   1.2890e+02   7.0318e+02
  -9.1890e+01   1.5569e+02   7.1135e+02
  -3.4699e+01   1.6959e+02   7.1610e+02
   2.4124e+01   1.6986e+02   7.1740e+02
   8.1421e+01   1.5650e+02   7.1524e+02
   1.3412e+02   1.3022e+02   7.0965e+02
   1.7939e+02   9.2392e+01   7.0064e+02
   2.1478e+02   4.5033e+01   6.8825e+02
   2.3839e+02  -9.3542e+00   6.7256e+02
   2.4891e+02  -6.7893e+01   6.5362e+02
   2.4575e+02  -1.2749e+02   6.3154e+02
   2.2901e+02  -1.8498e+02   6.0642e+02
   1.9954e+02  -2.3733e+02   5.7838e+02
   1.5885e+02  -2.8177e+02   5.4756e+02
   1.0903e+02  -3.1594e+02   5.1410e+02
   5.2665e+01  -3.3803e+02   4.7817e+02
  -7.3110e+00  -3.4687e+02   4.3993e+02
  -6.7781e+01  -3.4197e+02   3.9958e+02
  -1.2560e+02  -3.2359e+02   3.5730e+02
  -1.7776e+02  -2.9269e+02   3.1330e+02
  -2.2156e+02  -2.5089e+02   2.6780e+02
  -2.5472e+02  -2.0039e+02   2.2100e+02
  -2.7555e+02  -1.4384e+02   1.7314e+02
  -2.8300e+02  -8.4212e+01   1.2445e+02
  -2.7671e+02  -2.4653e+01   7.5159e+01
  -2.5707e+02   3.1710e+01   2.5506e+01
  -2.2516e+02   8.1913e+01  -2.4270e+01
  -1.8271e+02   1.2332e+02  -7.3930e+01
  -1.3201e+02   1.5375e+02  -1.2323e+02
  -7.5786e+01   1.7163e+02  -1.7194e+02
  -1.7055e+01   1.7601e+02  -2.1983e+02
   4.1038e+01   1.6669e+02  -2.6665e+02
   9.5377e+01   1.4416e+02  -3.1219e+02
   1.4305e+02   1.0965e+02  -3.5623e+02
   1.8149e+02   6.4988e+01  -3.9855e+02
   2.0862e+02   1.2549e+01  -4.3896e+02
   2.2296e+02  -4.4876e+01  -4.7725e+02
   2.2372e+02  -1.0424e+02  -5.1325e+02
   2.1080e+02  -1.6238e+02  -5.4677e+02
   1.8485e+02  -2.1621e+02  -5.7766e+02
   1.4719e+02  -2.6287e+02  -6.0578e+02
   9.9764e+01  -2.9987e+02  -6.3098e+02
   4.5033e+01  -3.2524e+02  -6.5314e+02
  -1.4155e+01  -3.3762e+02  -6.7215e+02
  -7.4719e+01  -3.3633e+02  -6.8793e+02
  -1.3350e+02  -3.2141e+02  -7.0040e+02
  -1.8744e+02  -2.9364e+02  -7.0950e+02
  -2.3374e+02  -2.5445e+02  -7.1518e+02
  -2.6998e+02  -2.0589e+02  -7.1741e+02
  -2.9431e+02  -1.5050e+02  -7.1620e+02
  -3.0547e+02  -9.1189e+01  -7.1154e+02
  -3.0292e+02  -3.1052e+01  -7.0345e+02
  -2.8683e+02   2.6754e+01  -6.9197e+02
  -2.5810e+02   7.9204e+01  -6.7717e+02
  -2.1829e+02   1.2355e+02  -6.5911e+02
  -1.6953e+02   1.5749e+02  -6.3787e+02
  -1.1445e+02   1.7924e+02  -6.1356e+02
  -5.5987e+01   1.8769e+02  -5.8630e+02
   2.7228e+00   1.8242e+02  -5.5621e+02
   5.8541e+01   1.6374e+02  -5.2345e+02
   1.0848e+02   1.3266e+02  -4.8817e+02
   1.4987e+02   9.0850e+01  -4.5054e+02
   1.8047e+02   4.0554e+01  -4.1074e+02
   1.9865e+02  -1.5544e+01  -3.6897e+02
   2.0339e+02  -7.4452e+01  -3.2541e+02
   1.9441e+02  -1.3303e+02  -2.8030e+02
   1.7214e+02  -1.8814e+02  -2.3383e+02
   1.3774e+02  -2.3686e+02  -1.8624e+02
   9.2964e+01  -2.7657e+02  -1.3775e+02
   4.0157e+01  -3.0515e+02  -8.8595e+01
  -1.7934e+01  -3.2105e+02  -3.9017e+01
  -7.8275e+01  -3.2339e+02   1.0750e+01
  -1.3772e+02  -3.1203e+02   6.0465e+01
  -1.9315e+02  -2.8753e+02   1.0989e+02
  -2.4169e+02  -2.5115e+02   1.5879e+02
  -2.8080e+02  -2.0477e+02   2.0692e+02
  -3.0845e+02  -1.5081e+02   2.5405e+02
  -3.2322e+02  -9.2086e+01   2.9997e+02
  -3.2435e+02  -3.1660e+01   3.4444e+02
  -3.1183e+02   2.7311e+01   3.8725e+02
  -2.8634e+02   8.1749e+01   4.2819e+02
  -2.4926e+02   1.2882e+02   4.6708e+02
  -2.0259e+02   1.6606e+02   5.0372e+02
  -1.4882e+02   1.9156e+02   5.3793e+02
  -9.0815e+01   2.0400e+02   5.6955e+02
  -3.1678e+01   2.0277e+02   5.9844e+02
   2.5442e+01   1.8796e+02   6.2444e+02
   7.7498e+01   1.6039e+02   6.4743e+02
   1.2171e+02   1.2157e+02   6.6731e+02
   1.5572e+02   7.3586e+01   6.8398e+02
   1.7769e+02   1.9003e+01   6.9736e+02
   1.8645e+02  -3.9250e+01   7.0737e+02
   1.8149e+02  -9.8058e+01   7.1399e+02
   1.6306e+02  -1.5427e+02   7.1716e+02
   1.3210e+02  -2.0489e+02   7.1689e+02
   9.0219e+01  -2.4719e+02   7.1316e+02
   3.9604e+01  -2.7889e+02   7.0600e+02
  -1.7097e+01  -2.9829e+02   6.9544e+02
  -7.6916e+01  -3.0432e+02   6.8154e+02
  -1.3672e+02  -2.9661e+02   6.6435e+02
  -1.9337e+02  -2.7553e+02   6.4397e+02
  -2.4390e+02  -2.4216e+02   6.2049e+02
  -2.8566e+02  -1.9820e+02   5.9401e+02
  -3.1648e+02  -1.4594e+02   5.6468e+02
  -3.3474e+02  -8.8102e+01   5.3263e+02
  -3.3951e+02  -2.7688e+01   4.9802e+02
  -3.3056e+02   3.2153e+01   4.6101e+02
  -3.0837e+02   8.8303e+01   4.2178e+02
  -2.7414e+02   1.3784e+02   3.8052e+02
  -2.2970e+02   1.7820e+02   3.3743e+02
  -1.7741e+02   2.0728e+02   2.9271e+02
  -1.2007e+02   2.2361e+02   2.4659e+02
  -6.0700e+01   2.2636e+02   1.9928e+02
  -2.4716e+00   2.1542e+02   1.5101e+02
   5.1527e+01   1.9144e+02   1.0201e+02
   9.8426e+01   1.5571e+02   5.2518e+01
   1.3573e+02   1.1017e+02   2.7759e+00
   1.6146e+02   5.7275e+01  -4.6979e+01
   1.7423e+02  -1.4097e-01  -9.6509e+01
   1.7336e+02  -5.8997e+01  -1.4557e+02
   1.5888e+02  -1.1614e+02  -1.9394e+02
   1.3153e+02  -1.6850e+02  -2.4137e+02
   9.2757e+01  -2.1327e+02  -2.8764e+02
   4.4584e+01  -2.4804e+02  -3.3252e+02
  -1.0455e+01  -2.7092e+02  -3.7580e+02
  -6.9465e+01  -2.8066e+02  -4.1728e+02
  -1.2934e+02  -2.7669e+02  -4.5675e+02
  -1.8693e+02  -2.5919e+02  -4.9401e+02
  -2.3921e+02  -2.2902e+02  -5.2890e+02
  -2.8343e+02  -1.8773e+02  -5.6125e+02
  -3.1725e+02  -1.3746e+02  -5.9089e+02
  -3.3891e+02  -8.0805e+01  -6.1769e+02
  -3.4726e+02  -2.0719e+01  -6.4151e+02
  -3.4188e+02   3.9677e+01  -6.6225e+02
  -3.2306e+02   9.7241e+01  -6.7980e+02
  -2.9180e+02   1.4898e+02  -6.9408e+02
  -2.4975e+02   1.9221e+02  -7.0501e+02
  -1.9915e+02   2.2470e+02  -7.1255e+02
  -1.4267e+02   2.4478e+02  -7.1667e+02
  -8.3305e+01   2.5144e+02  -7.1733e+02
  -2.4189e+01   2.4437e+02  -7.1454e+02
   3.1550e+01   2.2400e+02  -7.0830e+02
   8.0963e+01   1.9145e+02  -6.9866e+02
   1.2144e+02   1.4849e+02  -6.8566e+02
   1.5083e+02   9.7438e+01  -6.6936e+02
   1.6759e+02   4.1037e+01  -6.4983e+02
   1.7084e+02  -1.7685e+01  -6.2718e+02
   1.6038e+02  -7.5576e+01  -6.0150e+02
   1.3679e+02  -1.2953e+02  -5.7294e+02
   1.0130e+02  -1.7665e+02  -5.4161e+02
   5.5782e+01  -2.1440e+02  -5.0768e+02
   2.6512e+00  -2.4074e+02  -4.7130e+02
  -5.5289e+01  -2.5422e+02  -4.3265e+02
  -1.1498e+02  -2.5408e+02  -3.9193e+02
  -1.7326e+02  -2.4029e+02  -3.4931e+02
  -2.2706e+02  -2.1352e+02  -3.0502e+02
  -2.7352e+02  -1.7514e+02  -2.5925e+02
  -3.1019e+02  -1.2713e+02  -2.1224e+02
  -3.3514e+02  -7.1970e+01  -1.6421e+02
  -3.4703e+02  -1.2528e+01  -1.1538e+02
  -3.4523e+02   4.8105e+01  -6.6003e+01
  -3.2984e+02   1.0677e+02  -1.6305e+01
  -3.0166e+02   1.6043e+02   3.3472e+01
  -2.6217e+02   2.0629e+02   8.3088e+01
  -2.1345e+02   2.4198e+02   1.3230e+02
  -1.5806e+02   2.6565e+02   1.8088e+02
  -9.8928e+01   2.7612e+02   2.2859e+02
  -3.9161e+01   2.7287e+02   2.7520e+02
   1.8093e+01   2.5613e+02   3.2048e+02
   6.9820e+01   2.2682e+02   3.6422e+02
   1.1330e+02   1.8654e+02   4.0621e+02
   1.4624e+02   1.3747e+02   4.4624e+02
   1.6692e+02   8.2245e+01   4.8413e+02
   1.7426e+02   2.3830e+01   5.1968e+02
   1.6787e+02  -3.4642e+01   5.5273e+02
   1.4812e+02  -9.0038e+01   5.8313e+02
   1.1606e+02  -1.3938e+02   6.1071e+02
   7.3395e+01  -1.8003e+02   6.3536e+02
   2.2390e+01  -2.0977e+02   6.5694e+02
  -3.4244e+01  -2.2700e+02   6.7537e+02
  -9.3500e+01  -2.3077e+02   6.9054e+02
  -1.5223e+02  -2.2081e+02   7.0239e+02
  -2.0733e+02  -1.9762e+02   7.1086e+02
  -2.5585e+02  -1.6238e+02   7.1591e+02
  -2.9523e+02  -1.1689e+02   7.1751e+02
  -3.2336e+02  -6.3522e+01   7.1566e+02
  -3.3875e+02  -5.0402e+00   7.1036e+02
  -3.4056e+02   5.5509e+01   7.0165e+02
  -3.2867e+02   1.1497e+02   6.8955e+02
  -3.0369e+02   1.7026e+02   6.7414e+02
  -2.6693e+02   2.1848e+02   6.5548e+02
  -2.2031e+02   2.5715e+02   6.3366e+02
  -1.6626e+02   2.8426e+02   6.0880e+02
  -1.0762e+02   2.9843e+02   5.8100e+02
  -4.7459e+01   2.9894e+02   5.5041e+02
   1.1059e+01   2.8583e+02   5.1717e+02
   6.4870e+01   2.5981e+02   4.8143e+02
   1.1116e+02   2.2232e+02   4.4339e+02
   1.4749e+02   1.7537e+02   4.0320e+02
   1.7199e+02   1.2148e+02   3.6108e+02
   1.8338e+02   6.3549e+01   3.1722e+02
   1.8108e+02   4.6708e+00   2.7183e+02
   1.6524e+02  -5.2002e+01   2.2513e+02
   1.3672e+02  -1.0343e+02   1.7735e+02
   9.7054e+01  -1.4687e+02   1.2871e+02
   4.8366e+01  -1.7997e+02   7.9457e+01
  -6.7465e+00  -2.0095e+02   2.9820e+01
  -6.5346e+01  -2.0866e+02  -1.9960e+01
  -1.2431e+02  -2.0265e+02  -6.9644e+01
  -1.8049e+02  -1.8321e+02  -1.1899e+02
  -2.3090e+02  -1.5131e+02  -1.6777e+02
  -2.7285e+02  -1.0861e+02  -2.1574e+02
  -3.0408e+02  -5.7315e+01  -2.6267e+02
  -3.2292e+02  -1.0283e-01  -3.0833e+02
  -3.2834e+02   6.0045e+01  -3.5251e+02
  -3.2004e+02   1.1999e+02  -3.9500e+02
  -2.9840e+02   1.7660e+02  -4.3558e+02
  -2.6456e+02   2.2693e+02  -4.7407e+02
  -2.2025e+02   2.6836e+02  -5.1028e+02
  -1.6780e+02   2.9872e+02  -5.4403e+02
  -1.0993e+02   3.1647e+02  -5.7516e+02
  -4.9666e+01   3.2068e+02  -6.0352e+02
   9.8368e+00   3.1119e+02  -6.2898e+02
   6.5472e+01   2.8852e+02  -6.5141e+02
   1.1434e+02   2.5391e+02  -6.7070e+02
   1.5388e+02   2.0922e+02  -6.8677e+02
   1.8206e+02   1.5684e+02  -6.9952e+02
   1.9741e+02   9.9571e+01  -7.0892e+02
   1.9917e+02   4.0477e+01  -7.1490e+02
   1.8726e+02  -1.7292e+01  -7.1743e+02
   1.6237e+02  -7.0651e+01  -7.1652e+02
   1.2584e+02  -1.1675e+02  -7.1215e+02
   7.9638e+01  -1.5313e+02  -7.0436e+02
   2.6240e+01  -1.7782e+02  -6.9318e+02
  -3.1496e+01  -1.8950e+02  -6.7866e+02
  -9.0481e+01  -1.8752e+02  -6.6087e+02
  -1.4756e+02  -1.7196e+02  -6.3991e+02
  -1.9969e+02  -1.4360e+02  -6.1586e+02
  -2.4406e+02  -1.0391e+02  -5.8885e+02
  -2.7831e+02  -5.4961e+01  -5.5900e+02
  -3.0057e+02   6.8923e-01  -5.2647e+02
  -3.0964e+02   6.0131e+01  -4.9139e+02
  -3.0499e+02   1.2025e+02  -4.5396e+02
  -2.8683e+02   1.7791e+02  -4.1434e+02
  -2.5609e+02   2.3008e+02  -3.7272e+02
  -2.1433e+02   2.7403e+02  -3.2931e+02
  -1.6373e+02   3.0748e+02  -2.8431e+02
  -1.0691e+02   3.2867e+02  -2.3795e+02
  -4.6843e+01   3.3652e+02  -1.9044e+02
   1.3351e+01   3.3064e+02  -1.4201e+02
   7.0533e+01   3.1135e+02  -9.2898e+01
   1.2172e+02   2.7971e+02  -4.3340e+01
   1.6427e+02   2.3741e+02   6.4269e+00
   1.9595e+02   1.8670e+02   5.6163e+01
   2.1516e+02   1.3029e+02   1.0563e+02
   2.2090e+02   7.1177e+01   1.5459e+02
   2.1294e+02   1.2503e+01   2.0280e+02
   1.9172e+02  -4.2611e+01   2.5004e+02
   1.5842e+02  -9.1233e+01   2.9607e+02
   1.1483e+02  -1.3077e+02   3.4068e+02
   6.3315e+01  -1.5913e+02   3.8365e+02
   6.6262e+00  -1.7478e+02   4.2477e+02
  -5.2193e+01  -1.7687e+02   4.6384e+02
  -1.0999e+02  -1.6529e+02   5.0069e+02
  -1.6367e+02  -1.4063e+02   5.3512e+02
  -2.1035e+02  -1.0416e+02   5.6698e+02
  -2.4752e+02  -5.7801e+01   5.9611e+02
  -2.7317e+02  -3.9834e+00   6.2237e+02
  -2.8590e+02   5.4468e+01   6.4564e+02
  -2.8499e+02   1.1448e+02   6.6580e+02
  -2.7044e+02   1.7290e+02   6.8275e+02
  -2.4298e+02   2.2666e+02   6.9642e+02
  -2.0400e+02   2.7293e+02   7.0673e+02
  -1.5553e+02   3.0927e+02   7.1364e+02
  -1.0006e+02   3.3380e+02   7.1712e+02
  -4.0494e+01   3.4522e+02   7.1714e+02
   2.0082e+01   3.4293e+02   7.1371e+02
   7.8512e+01   3.2708e+02   7.0685e+02
   1.3176e+02   2.9852e+02   6.9658e+02
   1.7706e+02   2.5875e+02   6.8296e+02
   2.1207e+02   2.0989e+02   6.6605e+02
   2.3498e+02   1.5454e+02   6.4594e+02
   2.4464e+02   9.5620e+01   6.2271e+02
   2.4058e+02   3.6254e+01   5.9649e+02
   2.2306e+02  -2.0415e+01   5.6740e+02
   1.9307e+02  -7.1385e+01   5.3558e+02
   1.5222e+02  -1.1396e+02   5.0118e+02
   1.0273e+02  -1.4588e+02   4.6436e+02
   4.7265e+01  -1.6546e+02   4.2531e+02
  -1.1208e+01  -1.7165e+02   3.8422e+02
  -6.9547e+01  -1.6413e+02   3.4127e+02
  -1.2462e+02  -1.4329e+02   2.9668e+02
  -1.7348e+02  -1.1022e+02   2.5067e+02
  -2.1348e+02  -6.6663e+01   2.0344e+02
  -2.4248e+02  -1.4924e+01   1.5524e+02
  -2.5888e+02   4.2270e+01   1.0629e+02
  -2.6178e+02   1.0190e+02   5.6832e+01
  -2.5097e+02   1.6082e+02   7.0977e+00
  -2.2697e+02   2.1592e+02  -4.2670e+01
  -1.9100e+02   2.6429e+02  -9.2233e+01
  -1.4492e+02   3.0337e+02  -1.4135e+02
  -9.1110e+01   3.3110e+02  -1.8979e+02
  -3.2358e+01   3.4601e+02  -2.3732e+02
   2.8278e+01   3.4732e+02  -2.8370e+02
   8.7644e+01   3.3496e+02  -3.2872e+02
   1.4265e+02   3.0956e+02  -3.7216e+02
   1.9045e+02   2.7248e+02  -4.1380e+02
   2.2856e+02   2.2567e+02  -4.5345e+02
   2.5502e+02   1.7159e+02  -4.9092e+02
   2.6848e+02   1.1310e+02  -5.2603e+02
   2.6827e+02   5.3282e+01  -5.5861e+02
   2.5446e+02  -4.7138e+00  -5.8849e+02
   2.2783e+02  -5.7828e+01  -6.1555e+02
   1.8982e+02  -1.0326e+02  -6.3964e+02
   1.4250e+02  -1.3863e+02  -6.6065e+02
   8.8413e+01  -1.6206e+02  -6.7848e+02
   3.0463e+01  -1.7232e+02  -6.9304e+02
  -2.8242e+01  -1.6890e+02  -7.0427e+02
  -8.4552e+01  -1.5197e+02  -7.1211e+02
  -1.3545e+02  -1.2244e+02  -7.1653e+02
  -1.7819e+02  -8.1873e+01  -7.1749e+02
  -2.1047e+02  -3.2432e+01  -7.1500e+02
  -2.3055e+02   2.3265e+01  -7.0906e+02
  -2.3731e+02   8.2264e+01  -6.9972e+02
  -2.3035e+02   1.4144e+02  -6.8700e+02
  -2.0998e+02   1.9765e+02  -6.7098e+02
  -1.7725e+02   2.4791e+02  -6.5173e+02
  -1.3382e+02   2.8956e+02  -6.2935e+02
  -8.1949e+01   3.2039e+02  -6.0393e+02
  -2.4328e+01   3.3874e+02  -5.7560e+02
   3.6047e+01   3.4364e+02  -5.4451e+02
   9.6033e+01   3.3481e+02  -5.1079e+02
   1.5251e+02   3.1270e+02  -4.7462e+02
   2.0254e+02   2.7847e+02  -4.3615e+02
   2.4352e+02   2.3389e+02  -3.9559e+02
   2.7335e+02   1.8132e+02  -3.5313e+02
   2.9048e+02   1.2351e+02  -3.0897e+02
   2.9406e+02   6.3488e+01  -2.6331e+02
   2.8394e+02   4.4128e+00  -2.1639e+02
   2.6071e+02  -5.0617e+01  -1.6843e+02
   2.2563e+02  -9.8716e+01  -1.1966e+02
   1.8060e+02  -1.3736e+02  -7.0315e+01
   1.2805e+02  -1.6454e+02  -2.0628e+01
   7.0794e+01  -1.7883e+02   2.9157e+01
   1.1898e+01  -1.7950e+02   7.8802e+01
  -4.5483e+01  -1.6654e+02   1.2807e+02
  -9.8274e+01  -1.4065e+02   1.7672e+02
  -1.4365e+02  -1.0323e+02   2.2452e+02
  -1.7916e+02  -5.6278e+01   2.7123e+02
  -2.0289e+02  -2.2932e+00   3.1665e+02
  -2.1355e+02   5.5847e+01   3.6053e+02
  -2.1054e+02   1.1505e+02   4.0269e+02
  -1.9396e+02   1.7215e+02   4.4290e+02
  -1.6466e+02   2.2413e+02   4.8099e+02
  -1.2414e+02   2.6819e+02   5.1675e+02
  -7.4491e+01   3.0200e+02   5.5004e+02
  -1.8307e+01   3.2374e+02   5.8067e+02
   4.1490e+01   3.3223e+02   6.0851e+02
   1.0178e+02   3.2700e+02   6.3342e+02
   1.5942e+02   3.0830e+02   6.5528e+02
   2.1141e+02   2.7708e+02   6.7398e+02
   2.5504e+02   2.3496e+02   6.8944e+02
   2.8804e+02   1.8414e+02   7.0159e+02
   3.0871e+02   1.2727e+02   7.1035e+02
   3.1600e+02   6.7332e+01   7.1570e+02
   3.0956e+02   7.4520e+00   7.1760e+02
   2.8977e+02  -4.9236e+01   7.1604e+02
   2.5770e+02  -9.9769e+01   7.1104e+02
   2.1510e+02  -1.4151e+02   7.0262e+02
   1.6424e+02  -1.7229e+02   6.9081e+02
   1.0786e+02  -1.9051e+02   6.7568e+02
   4.8954e+01  -1.9525e+02   6.5730e+02
  -9.3182e+00  -1.8628e+02   6.3575e+02
  -6.3847e+01  -1.6412e+02   6.1114e+02
  -1.1172e+02  -1.2997e+02   5.8359e+02
  -1.5037e+02  -8.5665e+01   5.5323e+02
  -1.7772e+02  -3.3583e+01   5.2021e+02
  -1.9230e+02   2.3489e+01   4.8468e+02
  -1.9331e+02   8.2504e+01   4.4682e+02
  -1.8064e+02   1.4031e+02   4.0681e+02
  -1.5495e+02   1.9381e+02   3.6485e+02
  -1.1756e+02   2.4015e+02   3.2112e+02

