   2.5132e+02   2.2712e+01   5.2064e+02
   4.2321e+02   1.8208e+02   5.4020e+02
   4.7858e+02   7.4212e+01   5.1676e+02
   5.0780e+02  -4.3713e+01   4.9084e+02
   5.0925e+02  -1.6545e+02   4.6255e+02
   4.8280e+02  -2.8457e+02   4.3204e+02
   4.2978e+02  -3.9476e+02   3.9945e+02
   3.5292e+02  -4.9019e+02   3.6494e+02
   2.5622e+02  -5.6582e+02   3.2867e+02
   1.4473e+02  -6.1762e+02   2.9081e+02
   2.4262e+01  -6.4287e+02   2.5156e+02
  -9.8873e+01  -6.4019e+02   2.1110e+02
  -2.1824e+02  -6.0974e+02   1.6962e+02
  -3.2760e+02  -5.5308e+02   1.2732e+02
  -4.2123e+02  -4.7321e+02   8.4416e+01
  -4.9426e+02  -3.7433e+02   4.1101e+01
  -5.4289e+02  -2.6163e+02  -2.4113e+00
  -5.6461e+02  -1.4105e+02  -4.5912e+01
  -5.5834e+02  -1.8951e+01  -8.9192e+01
  -5.2448e+02   9.8251e+01  -1.3204e+02
  -4.6487e+02   2.0438e+02  -1.7426e+02
  -3.8271e+02   2.9386e+02  -2.1563e+02
  -2.8242e+02   3.6197e+02  -2.5597e+02
  -1.6935e+02   4.0516e+02  -2.9508e+02
  -4.9535e+01   4.2114e+02  -3.3276e+02
   7.0642e+01   4.0912e+02  -3.6884e+02
   1.8477e+02   3.6974e+02  -4.0315e+02
   2.8677e+02   3.0511e+02  -4.3552e+02
   3.7118e+02   2.1867e+02  -4.6579e+02
   4.3349e+02   1.1500e+02  -4.9381e+02
   4.7036e+02  -3.7995e-01  -5.1946e+02
   4.7976e+02  -1.2136e+02  -5.4261e+02
   4.6116e+02  -2.4152e+02  -5.6315e+02
   4.1548e+02  -3.5449e+02  -5.8098e+02
   3.4506e+02  -4.5427e+02  -5.9601e+02
   2.5357e+02  -5.3556e+02  -6.0817e+02
   1.4578e+02  -5.9405e+02  -6.1740e+02
   2.7339e+01  -6.2660e+02  -6.2367e+02
  -9.5567e+01  -6.3147e+02  -6.2693e+02
  -2.1650e+02  -6.0837e+02  -6.2717e+02
  -3.2913e+02  -5.5849e+02  -6.2439e+02
  -4.2756e+02  -4.8443e+02  -6.1861e+02
  -5.0665e+02  -3.9007e+02  -6.0985e+02
  -5.6227e+02  -2.8035e+02  -5.9816e+02
  -5.9156e+02  -1.6104e+02  -5.8358e+02
  -5.9300e+02  -3.8405e+01  -5.6620e+02
  -5.6659e+02   8.1119e+01  -5.4609e+02
  -5.1376e+02   1.9125e+02  -5.2335e+02
  -4.3737e+02   2.8622e+02  -4.9809e+02
  -3.4150e+02   3.6104e+02  -4.7044e+02
  -2.3126e+02   4.1179e+02  -4.4052e+02
  -1.1253e+02   4.3585e+02  -4.0848e+02
   8.3670e+00   4.3197e+02  -3.7447e+02
   1.2500e+02   4.0040e+02  -3.3866e+02
   2.3115e+02   3.4285e+02  -3.0123e+02
   3.2116e+02   2.6240e+02  -2.6234e+02
   3.9024e+02   1.6334e+02  -2.2218e+02
   4.3468e+02   5.0943e+01  -1.8096e+02
   4.5209e+02  -6.8815e+01  -1.3887e+02
   4.4150e+02  -1.8956e+02  -9.6105e+01
   4.0341e+02  -3.0488e+02  -5.2881e+01
   3.3981e+02  -4.0864e+02  -9.4016e+00
   2.5399e+02  -4.9531e+02   3.4122e+01
   1.5044e+02  -5.6027e+02   7.7481e+01
   3.4584e+01  -6.0004e+02   1.2047e+02
  -8.7502e+01  -6.1248e+02   1.6287e+02
  -2.0942e+02  -5.9688e+02   2.0449e+02
  -3.2477e+02  -5.5402e+02   2.4513e+02
  -4.2751e+02  -4.8613e+02   2.8459e+02
  -5.1225e+02  -3.9672e+02   3.2267e+02
  -5.7457e+02  -2.9049e+02   3.5921e+02
  -6.1121e+02  -1.7299e+02   3.9401e+02
  -6.2029e+02  -5.0377e+01   4.2692e+02
  -6.0136e+02   7.0922e+01   4.5777e+02
  -5.5546e+02   1.8455e+02   4.8642e+02
  -4.8507e+02   2.8456e+02   5.1273e+02
  -3.9393e+02   3.6571e+02   5.3657e+02
  -2.8691e+02   4.2378e+02   5.5783e+02
  -1.6968e+02   4.5575e+02   5.7640e+02
  -4.8495e+01   4.5997e+02   5.9220e+02
   7.0224e+01   4.3629e+02   6.0514e+02
   1.8016e+02   3.8600e+02   6.1518e+02
   2.7548e+02   3.1182e+02   6.2225e+02
   3.5111e+02   2.1771e+02   6.2632e+02
   4.0301e+02   1.0870e+02   6.2738e+02
   4.2841e+02  -9.4008e+00   6.2543e+02
   4.2594e+02  -1.3030e+02   6.2046e+02
   3.9570e+02  -2.4755e+02   6.1250e+02
   3.3923e+02  -3.5491e+02   6.0159e+02
   2.5950e+02  -4.4666e+02   5.8779e+02
   1.6069e+02  -5.1788e+02   5.7116e+02
   4.7971e+01  -5.6478e+02   5.5178e+02
  -7.2724e+01  -5.8480e+02   5.2975e+02
  -1.9505e+02  -5.7683e+02   5.0516e+02
  -3.1259e+02  -5.4125e+02   4.7815e+02
  -4.1914e+02  -4.7987e+02   4.4883e+02
  -5.0913e+02  -3.9587e+02   4.1735e+02
  -5.7782e+02  -2.9363e+02   3.8386e+02
  -6.2161e+02  -1.7850e+02   3.4853e+02
  -6.3822e+02  -5.6495e+01   3.1151e+02
  -6.2679e+02   6.6002e+01   2.7300e+02
  -5.8797e+02   1.8258e+02   2.3317e+02
  -5.2381e+02   2.8714e+02   1.9223e+02
  -4.3773e+02   3.7422e+02   1.5035e+02
  -3.3431e+02   4.3928e+02   1.0775e+02
  -2.1904e+02   4.7895e+02   6.4637e+01
  -9.8006e+01   4.9119e+02   2.1209e+01
   2.2359e+01   4.7542e+02  -2.2321e+01
   1.3568e+02   4.3253e+02  -6.5743e+01
   2.3595e+02   3.6485e+02  -1.0885e+02
   3.1786e+02   2.7601e+02  -1.5143e+02
   3.7706e+02   1.7076e+02  -1.9328e+02
   4.1041e+02   5.4739e+01  -2.3421e+02
   4.1612e+02  -6.5878e+01  -2.7400e+02
   3.9387e+02  -1.8465e+02  -3.1247e+02
   3.4483e+02  -2.9525e+02  -3.4944e+02
   2.7158e+02  -3.9177e+02  -3.8473e+02
   1.7795e+02  -4.6905e+02  -4.1817e+02
   6.8885e+01  -5.2295e+02  -4.4959e+02
  -4.9870e+01  -5.5055e+02  -4.7885e+02
  -1.7206e+02  -5.5033e+02  -5.0580e+02
  -2.9124e+02  -5.2225e+02  -5.3032e+02
  -4.0113e+02  -4.6772e+02  -5.5229e+02
  -4.9594e+02  -3.8955e+02  -5.7160e+02
  -5.7067e+02  -2.9182e+02  -5.8816e+02
  -6.2139e+02  -1.7962e+02  -6.0188e+02
  -6.4542e+02  -5.8816e+01  -6.1271e+02
  -6.4151e+02   6.4284e+01  -6.2059e+02
  -6.0987e+02   1.8324e+02  -6.2548e+02
  -5.5218e+02   2.9183e+02  -6.2737e+02
  -4.7149e+02   3.8438e+02  -6.2623e+02
  -3.7207e+02   4.5608e+02  -6.2207e+02
  -2.5918e+02   5.0320e+02  -6.1493e+02
  -1.3878e+02   5.2332e+02  -6.0482e+02
  -1.7241e+01   5.1543e+02  -5.9180e+02
   9.9020e+01   4.8002e+02  -5.7593e+02
   2.0386e+02   4.1903e+02  -5.5729e+02
   2.9174e+02   3.3574e+02  -5.3597e+02
   3.5801e+02   2.3461e+02  -5.1207e+02
   3.9918e+02   1.2106e+02  -4.8570e+02
   4.1307e+02   1.1328e+00  -4.5699e+02
   3.9895e+02  -1.1876e+02  -4.2609e+02
   3.5756e+02  -2.3223e+02  -3.9313e+02
   2.9110e+02  -3.3321e+02  -3.5828e+02
   2.0307e+02  -4.1631e+02  -3.2171e+02
   9.8134e+01  -4.7707e+02  -2.8358e+02
  -1.8171e+01  -5.1222e+02  -2.4409e+02
  -1.3969e+02  -5.1985e+02  -2.0343e+02
  -2.6001e+02  -4.9947e+02  -1.6179e+02
  -3.7277e+02  -4.5211e+02  -1.1937e+02
  -4.7199e+02  -3.8020e+02  -7.6372e+01
  -5.5244e+02  -2.8747e+02  -3.3010e+01
  -6.0986e+02  -1.7876e+02   1.0512e+01
  -6.4121e+02  -5.9741e+01   5.3982e+01
  -6.4482e+02   6.3360e+01   9.7192e+01
  -6.2049e+02   1.8411e+02   1.3993e+02
  -5.6949e+02   2.9619e+02   1.8200e+02
  -4.9451e+02   3.9375e+02   2.2320e+02
  -3.9950e+02   4.7169e+02   2.6331e+02
  -2.8946e+02   5.2598e+02   3.0217e+02
  -1.7019e+02   5.5379e+02   3.3956e+02
  -4.7973e+01   5.5373e+02   3.7532e+02
   7.0751e+01   5.2587e+02   4.0928e+02
   1.7973e+02   4.7173e+02   4.4126e+02
   2.7321e+02   3.9424e+02   4.7112e+02
   3.4629e+02   2.9756e+02   4.9872e+02
   3.9511e+02   1.8685e+02   5.2391e+02
   4.1713e+02   6.8020e+01   5.4658e+02
   4.1119e+02  -5.2587e+01   5.6662e+02
   3.7762e+02  -1.6854e+02   5.8393e+02
   3.1823e+02  -2.7366e+02   5.9843e+02
   2.3616e+02  -3.6233e+02   6.1004e+02
   1.3578e+02  -4.2980e+02   6.1873e+02
   2.2401e+01  -4.7245e+02   6.2443e+02
  -9.7959e+01  -4.8797e+02   6.2713e+02
  -2.1892e+02  -4.7548e+02   6.2681e+02
  -3.3408e+02  -4.3558e+02   6.2347e+02
  -4.3732e+02  -3.7031e+02   6.1713e+02
  -5.2316e+02  -2.8306e+02   6.0782e+02
  -5.8706e+02  -1.7838e+02   5.9559e+02
  -6.2560e+02  -6.1743e+01   5.8049e+02
  -6.3673e+02   6.0754e+01   5.6259e+02
  -6.1982e+02   1.8270e+02   5.4199e+02
  -5.7576e+02   2.9771e+02   5.1877e+02
  -5.0682e+02   3.9977e+02   4.9306e+02
  -4.1663e+02   4.8355e+02   4.6498e+02
  -3.0992e+02   5.4468e+02   4.3466e+02
  -1.9229e+02   5.7999e+02   4.0224e+02
  -6.9929e+01   5.8767e+02   3.6789e+02
   5.0738e+01   5.6738e+02   3.3177e+02
   1.6337e+02   5.2023e+02   2.9405e+02
   2.6205e+02   4.4878e+02   2.5492e+02
   3.4160e+02   3.5685e+02   2.1456e+02
   3.9785e+02   2.4936e+02   1.7317e+02
   4.2787e+02   1.3204e+02   1.3094e+02
   4.3010e+02   1.1137e+01   8.8081e+01
   4.0447e+02  -1.0691e+02   4.4800e+01
   3.5236e+02  -2.1581e+02   1.3025e+00
   2.7657e+02  -3.0976e+02  -4.2201e+01
   1.8113e+02  -3.8375e+02  -8.5501e+01
   7.1117e+01  -4.3381e+02  -1.2839e+02
  -4.7613e+01  -4.5725e+02  -1.7066e+02
  -1.6875e+02  -4.5277e+02  -2.1211e+02
  -2.8586e+02  -4.2058e+02  -2.5253e+02
  -3.9272e+02  -3.6230e+02  -2.9175e+02
  -4.8364e+02  -2.8098e+02  -3.2955e+02
  -5.5378e+02  -1.8085e+02  -3.6577e+02
  -5.9939e+02  -6.7163e+01  -4.0023e+02
  -6.1803e+02   5.4139e+01  -4.3276e+02
  -6.0866e+02   1.7669e+02  -4.6322e+02
  -5.7174e+02   2.9407e+02  -4.9144e+02
  -5.0917e+02   4.0013e+02  -5.1729e+02
  -4.2422e+02   4.8931e+02  -5.4066e+02
  -3.2132e+02   5.5695e+02  -5.6142e+02
  -2.0586e+02   5.9952e+02  -5.7948e+02
  -8.3907e+01   6.1482e+02  -5.9475e+02
   3.8157e+01   6.0209e+02  -6.0716e+02
   1.5393e+02   5.6205e+02  -6.1664e+02
   2.5734e+02   4.9685e+02  -6.2316e+02
   3.4298e+02   4.0998e+02  -6.2667e+02
   4.0638e+02   3.0608e+02  -6.2717e+02
   4.4422e+02   1.9067e+02  -6.2466e+02
   4.5457e+02   6.9891e+01  -6.1913e+02
   4.3692e+02  -4.9835e+01  -6.1062e+02
   3.9226e+02  -1.6214e+02  -5.9918e+02
   3.2300e+02  -2.6106e+02  -5.8485e+02
   2.3284e+02  -3.4133e+02  -5.6770e+02
   1.2660e+02  -3.9866e+02  -5.4783e+02
   9.9385e+00  -4.2999e+02  -5.2531e+02
  -1.1093e+02  -4.3363e+02  -5.0027e+02
  -2.2956e+02  -4.0935e+02  -4.7281e+02
  -3.3965e+02  -3.5838e+02  -4.4309e+02
  -4.3533e+02  -2.8339e+02  -4.1122e+02
  -5.1148e+02  -1.8831e+02  -3.7738e+02
  -5.6404e+02  -7.8102e+01  -3.4173e+02
  -5.9017e+02   4.1431e+01  -3.0442e+02
  -5.8844e+02   1.6402e+02  -2.6566e+02
  -5.5888e+02   2.8321e+02  -2.2561e+02
  -5.0300e+02   3.9276e+02  -1.8448e+02
  -4.2370e+02   4.8690e+02  -1.4246e+02
  -3.2511e+02   5.6071e+02  -9.9755e+01
  -2.1238e+02   6.1030e+02  -5.6569e+01
  -9.1404e+01   6.3310e+02  -1.3112e+01
   3.1483e+01   6.2793e+02   3.0409e+01
   1.4985e+02   5.9510e+02   7.3783e+01
   2.5750e+02   5.3636e+02   1.1680e+02
   3.4881e+02   4.5485e+02   1.5926e+02
   4.1901e+02   3.5491e+02   2.0095e+02
   4.6446e+02   2.4183e+02   2.4167e+02
   4.8281e+02   1.2163e+02   2.8123e+02
   4.7315e+02   6.6176e-01   3.1943e+02
   4.3606e+02  -1.1465e+02   3.5610e+02
   3.7354e+02  -2.1818e+02   3.9106e+02
   2.8897e+02  -3.0445e+02   4.2413e+02
   1.8687e+02  -3.6887e+02   4.5516e+02
   7.2695e+01  -4.0803e+02   4.8399e+02
  -4.7471e+01  -4.1982e+02   5.1050e+02
  -1.6722e+02  -4.0360e+02   5.3455e+02
  -2.8015e+02  -3.6021e+02   5.5603e+02
  -3.8026e+02  -2.9193e+02   5.7483e+02
  -4.6219e+02  -2.0232e+02   5.9086e+02
  -5.2155e+02  -9.6120e+01   6.0405e+02
  -5.5514e+02   2.1096e+01   6.1433e+02
  -5.6113e+02   1.4315e+02   6.2166e+02
  -5.3914e+02   2.6362e+02   6.2599e+02
  -4.9027e+02   3.7615e+02   6.2731e+02
  -4.1703e+02   4.7482e+02   6.2561e+02
  -3.2324e+02   5.5443e+02   6.2089e+02
  -2.1378e+02   6.1080e+02   6.1319e+02
  -9.4368e+01   6.4095e+02   6.0254e+02
   2.8748e+01   6.4332e+02   5.8899e+02
   1.4913e+02   6.1779e+02   5.7260e+02
   2.6049e+02   5.6572e+02   5.5346e+02
   3.5700e+02   4.8988e+02   5.3165e+02
   4.3364e+02   3.9427e+02   5.0728e+02
   4.8641e+02   2.8396e+02   4.8047e+02
   5.1260e+02   1.6478e+02   4.5135e+02
   5.1089e+02   4.3048e+01   4.2006e+02
   4.8143e+02  -7.4813e+01   3.8674e+02
   4.2584e+02  -1.8257e+02   3.5156e+02
   3.4712e+02  -2.7451e+02   3.1469e+02
   2.4950e+02  -3.4579e+02   2.7630e+02
   1.3819e+02  -3.9263e+02   2.3659e+02
   1.9143e+01  -4.1256e+02   1.9573e+02
  -1.0130e+02  -4.0451e+02   1.5394e+02
  -2.1670e+02  -3.6890e+02   1.1140e+02
  -3.2091e+02  -3.0763e+02   6.8322e+01
  -4.0836e+02  -2.2391e+02   2.4919e+01
  -4.7436e+02  -1.2217e+02  -1.8605e+01
  -5.1536e+02  -7.7799e+00  -6.2039e+01
  -5.2914e+02   1.1322e+02  -1.0517e+02
  -5.1489e+02   2.3443e+02  -1.4780e+02
  -4.7331e+02   3.4945e+02  -1.8972e+02
  -4.0653e+02   4.5221e+02  -2.3072e+02
  -3.1802e+02   5.3728e+02  -2.7061e+02
  -2.1237e+02   6.0017e+02  -3.0920e+02
  -9.5109e+01   6.3753e+02  -3.4630e+02
   2.7637e+01   6.4741e+02  -3.8174e+02
   1.4945e+02   6.2927e+02  -4.1533e+02
   2.6396e+02   5.8406e+02  -4.4693e+02
   3.6519e+02   5.1417e+02  -4.7638e+02
   4.4785e+02   4.2327e+02  -5.0353e+02
   5.0764e+02   3.1617e+02  -5.2826e+02
   5.4146e+02   1.9851e+02  -5.5044e+02
   5.4761e+02   7.6494e+01  -5.6998e+02
   5.2581e+02  -4.3444e+01  -5.8677e+02
   4.7728e+02  -1.5498e+02  -6.0074e+02
   4.0465e+02  -2.5223e+02  -6.1182e+02
   3.1181e+02  -3.3008e+02  -6.1995e+02
   2.0374e+02  -3.8442e+02  -6.2509e+02
   8.6208e+01  -4.1240e+02  -6.2723e+02
  -3.4522e+01  -4.1255e+02  -6.2635e+02
  -1.5201e+02  -3.8488e+02  -6.2245e+02
  -2.5998e+02  -3.3087e+02  -6.1556e+02
  -3.5267e+02  -2.5339e+02  -6.0570e+02
  -4.2513e+02  -1.5654e+02  -5.9293e+02
  -4.7347e+02  -4.5457e+01  -5.7730e+02
  -4.9506e+02   7.3974e+01  -5.5890e+02
  -4.8871e+02   1.9543e+02  -5.3780e+02
  -4.5469e+02   3.1247e+02  -5.1412e+02
  -3.9474e+02   4.1891e+02  -4.8796e+02
  -3.1196e+02   5.0908e+02  -4.5945e+02
  -2.1066e+02   5.7823e+02  -4.2873e+02
  -9.6127e+01   6.2266e+02  -3.9595e+02
   2.5644e+01   6.4001e+02  -3.6126e+02
   1.4829e+02   6.2934e+02  -3.2483e+02
   2.6538e+02   5.9120e+02  -2.8684e+02
   3.7081e+02   5.2757e+02  -2.4747e+02
   4.5906e+02   4.4178e+02  -2.0690e+02
   5.2552e+02   3.3835e+02  -1.6534e+02
   5.6676e+02   2.2270e+02  -1.2299e+02
   5.8065e+02   1.0093e+02  -8.0043e+01
   5.6651e+02  -2.0567e+01  -3.6710e+01
   5.2516e+02  -1.3540e+02   6.7985e+00
   4.5883e+02  -2.3754e+02   5.0275e+01
   3.7108e+02  -3.2161e+02   9.3509e+01
   2.6661e+02  -3.8321e+02   1.3629e+02
   1.5099e+02  -4.1910e+02   1.7842e+02
   3.0389e+01  -4.2744e+02   2.1969e+02
  -8.8775e+01  -4.0781e+02   2.5990e+02
  -2.0015e+02  -3.6127e+02   2.9886e+02
  -2.9779e+02  -2.9032e+02   3.3638e+02
  -3.7650e+02  -1.9874e+02   3.7228e+02
  -4.3205e+02  -9.1399e+01   4.0639e+02
  -4.6146e+02   2.5998e+01   4.3854e+02
  -4.6312e+02   1.4722e+02   4.6859e+02
  -4.3689e+02   2.6582e+02   4.9637e+02
  -3.8410e+02   3.7550e+02   5.2177e+02
  -3.0749e+02   4.7044e+02   5.4465e+02
  -2.1105e+02   5.4559e+02   5.6492e+02
  -9.9812e+01   5.9693e+02   5.8246e+02
   2.0390e+01   6.2171e+02   5.9720e+02
   1.4326e+02   6.1860e+02   6.0907e+02
   2.6237e+02   5.8771e+02   6.1800e+02
   3.7147e+02   5.3063e+02   6.2396e+02
   4.6485e+02   4.5035e+02   6.2692e+02
   5.3763e+02   3.5105e+02   6.2686e+02
   5.8602e+02   2.3794e+02   6.2378e+02
   6.0751e+02   1.1696e+02   6.1770e+02
   6.0101e+02  -5.5510e+00   6.0864e+02
   5.6692e+02  -1.2317e+02   5.9666e+02
   5.0708e+02  -2.2972e+02   5.8180e+02
   4.2470e+02  -3.1962e+02   5.6414e+02
   3.2418e+02  -3.8817e+02   5.4377e+02
   2.1088e+02  -4.3179e+02   5.2078e+02
   9.0824e+01  -4.4823e+02   4.9528e+02
  -2.9603e+01  -4.3666e+02   4.6740e+02
  -1.4399e+02  -3.9774e+02   4.3727e+02
  -2.4626e+02  -3.3358e+02   4.0503e+02
  -3.3096e+02  -2.4760e+02   3.7084e+02
  -3.9358e+02  -1.4440e+02   3.3487e+02
  -4.3076e+02  -2.9474e+01   2.9729e+02
  -4.4050e+02   9.1055e+01   2.5827e+02
  -4.2224e+02   2.1077e+02   2.1801e+02
  -3.7691e+02   3.2331e+02   1.7670e+02
  -3.0686e+02   4.2267e+02   1.3455e+02
  -2.1575e+02   5.0356e+02   9.1739e+01
  -1.0834e+02   5.6165e+02   4.8492e+01
   9.7205e+00   5.9382e+02   5.0111e+00
   1.3224e+02   5.9833e+02  -3.8493e+01
   2.5279e+02   5.7488e+02  -8.1812e+01
   3.6504e+02   5.2466e+02  -1.2474e+02
   4.6310e+02   4.5026e+02  -1.6706e+02
   5.4183e+02   3.5557e+02  -2.0858e+02
   5.9710e+02   2.4553e+02  -2.4910e+02
   6.2602e+02   1.2590e+02  -2.8841e+02
   6.2712e+02   2.9384e+00  -3.2634e+02
   6.0036e+02  -1.1691e+02  -3.6270e+02
   5.4720e+02  -2.2737e+02  -3.9731e+02
   4.7047e+02  -3.2267e+02  -4.3001e+02
   3.7425e+02  -3.9783e+02  -4.6064e+02
   2.6367e+02  -4.4893e+02  -4.8905e+02
   1.4459e+02  -4.7334e+02  -5.1511e+02
   2.3332e+01  -4.6981e+02  -5.3869e+02
  -9.3666e+01  -4.3861e+02  -5.5967e+02
  -2.0020e+02  -3.8142e+02  -5.7796e+02
  -2.9061e+02  -3.0133e+02  -5.9347e+02
  -3.6009e+02  -2.0263e+02  -6.0612e+02
  -4.0495e+02  -9.0588e+01  -6.1585e+02
  -4.2279e+02   2.8821e+01  -6.2262e+02
  -4.1264e+02   1.4923e+02  -6.2639e+02
  -3.7502e+02   2.6422e+02  -6.2715e+02
  -3.1187e+02   3.6766e+02  -6.2489e+02
  -2.2653e+02   4.5403e+02  -6.1962e+02
  -1.2345e+02   5.1870e+02  -6.1136e+02
  -8.0790e+00   5.5820e+02  -6.0017e+02
   1.1353e+02   5.7038e+02  -5.8608e+02
   2.3497e+02   5.5455e+02  -5.6918e+02
   3.4985e+02   5.1146e+02  -5.4953e+02
   4.5212e+02   4.4334e+02  -5.2724e+02
   5.3641e+02   3.5373e+02  -5.0241e+02
   5.9828e+02   2.4729e+02  -4.7516e+02
   6.3448e+02   1.2959e+02  -4.4563e+02
   6.4312e+02   6.7754e+00  -4.1395e+02
   6.2376e+02  -1.1473e+02  -3.8028e+02
   5.7745e+02  -2.2856e+02  -3.4478e+02
   5.0663e+02  -3.2878e+02  -3.0761e+02
   4.1508e+02  -4.1015e+02  -2.6897e+02
   3.0763e+02  -4.6844e+02  -2.2903e+02
   1.8998e+02  -5.0063e+02  -1.8799e+02
   6.8363e+01  -5.0509e+02  -1.4605e+02
  -5.0795e+01  -4.8164e+02  -1.0340e+02
  -1.6118e+02  -4.3159e+02  -6.0255e+01
  -2.5696e+02  -3.5765e+02  -1.6820e+01
  -3.3306e+02  -2.6377e+02   2.6697e+01
  -3.8545e+02  -1.5499e+02   7.0085e+01
  -4.1136e+02  -3.7119e+01   1.1314e+02
  -4.0940e+02   8.3563e+01   1.5564e+02
  -3.7967e+02   2.0061e+02   1.9740e+02
  -3.2373e+02   3.0779e+02   2.3820e+02
  -2.4454e+02   3.9936e+02   2.7786e+02
  -1.4626e+02   4.7043e+02   3.1618e+02
  -3.4082e+01   5.1718e+02   3.5298e+02
   8.6072e+01   5.3707e+02   3.8808e+02
   2.0786e+02   5.2899e+02   4.2131e+02
   3.2486e+02   4.9331e+02   4.5252e+02
   4.3090e+02   4.3184e+02   4.8154e+02
   5.2037e+02   3.4776e+02   5.0825e+02
   5.8855e+02   2.4545e+02   5.3251e+02
   6.3184e+02   1.3026e+02   5.5421e+02
   6.4796e+02   8.1873e+00   5.7324e+02
   6.3605e+02  -1.1437e+02   5.8951e+02
   5.9675e+02  -2.3101e+02   6.0295e+02
   5.3212e+02  -3.3564e+02   6.1348e+02
   4.4558e+02  -4.2279e+02   6.2105e+02
   3.4169e+02  -4.8793e+02   6.2564e+02
   2.2595e+02  -5.2768e+02   6.2722e+02
   1.0445e+02  -5.4001e+02   6.2578e+02
  -1.6391e+01  -5.2433e+02   6.2132e+02
  -1.3020e+02  -4.8153e+02   6.1388e+02
  -2.3096e+02  -4.1394e+02   6.0348e+02
  -3.1338e+02  -3.2519e+02   5.9017e+02
  -3.7309e+02  -2.2003e+02   5.7402e+02
  -4.0696e+02  -1.0409e+02   5.5511e+02
  -4.1320e+02   1.6453e+01   5.3353e+02
  -3.9150e+02   1.3517e+02   5.0938e+02
  -3.4302e+02   2.4572e+02   4.8278e+02
  -2.7032e+02   3.4220e+02   4.5385e+02
  -1.7725e+02   4.1946e+02   4.2274e+02
  -6.8749e+01   4.7336e+02   3.8959e+02
   4.9447e+01   5.0097e+02   3.5457e+02
   1.7108e+02   5.0078e+02   3.1784e+02
   2.8971e+02   4.7274e+02   2.7958e+02
   3.9906e+02   4.1826e+02   2.3998e+02
   4.9334e+02   3.4017e+02   1.9922e+02
   5.6755e+02   2.4251e+02   1.5750e+02
   6.1776e+02   1.3039e+02   1.1503e+02
   6.4129e+02   9.6607e+00   7.1996e+01
   6.3689e+02  -1.1336e+02   2.8620e+01
   6.0477e+02  -2.3223e+02  -1.4893e+01
   5.4660e+02  -3.4074e+02  -5.8335e+01
   4.6544e+02  -4.3323e+02  -1.0150e+02
   3.6556e+02  -5.0485e+02  -1.4417e+02
   2.5220e+02  -5.5191e+02  -1.8615e+02
   1.3133e+02  -5.7197e+02  -2.2723e+02
   9.3189e+00  -5.6402e+02  -2.6722e+02
  -1.0742e+02  -5.2857e+02  -3.0592e+02
  -2.1275e+02  -4.6752e+02  -3.4315e+02
  -3.0112e+02  -3.8418e+02  -3.7873e+02
  -3.6790e+02  -2.8299e+02  -4.1248e+02
  -4.0958e+02  -1.6937e+02  -4.4425e+02
  -4.2400e+02  -4.9375e+01  -4.7388e+02
  -4.1041e+02   7.0602e+01  -5.0123e+02
  -3.6956e+02   1.8416e+02  -5.2616e+02
  -3.0364e+02   2.8525e+02  -5.4857e+02
  -2.1615e+02   3.6848e+02  -5.6833e+02
  -1.1176e+02   4.2938e+02  -5.8535e+02
   4.0067e+00   4.6469e+02  -5.9956e+02
   1.2499e+02   4.7248e+02  -6.1088e+02
   2.4478e+02   4.5229e+02  -6.1927e+02
   3.5702e+02   4.0512e+02  -6.2467e+02
   4.5574e+02   3.3342e+02  -6.2706e+02
   5.3569e+02   2.4091e+02  -6.2644e+02
   5.9263e+02   1.3242e+02  -6.2280e+02
   6.2350e+02   1.3630e+01  -6.1616e+02
   6.2665e+02  -1.0924e+02  -6.0656e+02
   6.0187e+02  -2.2977e+02  -5.9403e+02
   5.5044e+02  -3.4162e+02  -5.7865e+02
   4.7503e+02  -4.3896e+02  -5.6048e+02
   3.7959e+02  -5.1670e+02  -5.3962e+02
   2.6913e+02  -5.7077e+02  -5.1615e+02
   1.4943e+02  -5.9839e+02  -4.9021e+02
   2.6786e+01  -5.9813e+02  -4.6190e+02
  -9.2368e+01  -5.7007e+02  -4.3137e+02
  -2.0178e+02  -5.1575e+02  -3.9876e+02
  -2.9571e+02  -4.3807e+02  -3.6423e+02
  -3.6924e+02  -3.4119e+02  -3.2795e+02
  -4.1852e+02  -2.3028e+02  -2.9010e+02
  -4.4101e+02  -1.1125e+02  -2.5084e+02
  -4.3554e+02   9.5696e+00  -2.1038e+02
  -4.0246e+02   1.2575e+02  -1.6890e+02
  -3.4355e+02   2.3111e+02  -1.2661e+02
  -2.6197e+02   3.2003e+02  -8.3714e+01
  -1.6207e+02   3.8777e+02  -4.0413e+01
  -4.9171e+01   4.3070e+02   3.0832e+00
   7.0714e+01   4.4652e+02   4.6564e+01
   1.9121e+02   4.3434e+02   8.9821e+01
   3.0591e+02   3.9476e+02   1.3265e+02
   4.0870e+02   3.2982e+02   1.7483e+02
   4.9412e+02   2.4292e+02   2.1617e+02
   5.5759e+02   1.3859e+02   2.5648e+02
   5.9573e+02   2.2304e+01   2.9554e+02
   6.0646e+02  -9.9839e+01   3.3319e+02
   5.8918e+02  -2.2143e+02   3.6923e+02
   5.4474e+02  -3.3609e+02   4.0349e+02
   4.7544e+02  -4.3781e+02   4.3581e+02
   3.8489e+02  -5.2125e+02   4.6604e+02
   2.7783e+02  -5.8204e+02   4.9402e+02
   1.5985e+02  -6.1702e+02   5.1962e+02
   3.7143e+01  -6.2438e+02   5.4272e+02
  -8.3873e+01  -6.0376e+02   5.6321e+02
  -1.9686e+02  -5.5630e+02   5.8099e+02
  -2.9589e+02  -4.8453e+02   5.9597e+02
  -3.7581e+02  -3.9229e+02   6.0808e+02
  -4.3243e+02  -2.8448e+02   6.1727e+02
  -4.6282e+02  -1.6684e+02   6.2348e+02
  -4.6544e+02  -4.5600e+01   6.2669e+02
  -4.4019e+02   7.2787e+01   6.2689e+02
  -3.8847e+02   1.8204e+02   6.2407e+02
  -3.1307e+02   2.7635e+02   6.1824e+02
  -2.1801e+02   3.5072e+02   6.0944e+02
  -1.0839e+02   4.0117e+02   5.9770e+02
   9.9585e+00   4.2501e+02   5.8309e+02
   1.3073e+02   4.2096e+02   5.6567e+02
   2.4747e+02   3.8919e+02   5.4552e+02
   3.5398e+02   3.3135e+02   5.2275e+02
   4.4457e+02   2.5048e+02   4.9747e+02
   5.1439e+02   1.5080e+02   4.6979e+02
   5.5970e+02   3.7566e+01   4.3985e+02
   5.7804e+02  -8.3280e+01   4.0779e+02
   5.6839e+02  -2.0538e+02   3.7377e+02
   5.3121e+02  -3.2231e+02   3.3794e+02
   4.6838e+02  -4.2792e+02   3.0050e+02
   3.8318e+02  -5.1666e+02   2.6160e+02
   2.8005e+02  -5.8387e+02   2.2145e+02
   1.6436e+02  -6.2602e+02   1.8023e+02
   4.2165e+01  -6.4090e+02   1.3815e+02
  -8.0136e+01  -6.2776e+02   9.5394e+01
  -1.9615e+02  -5.8731e+02   5.2184e+01
  -2.9980e+02  -5.2171e+02   8.7221e+00
  -3.8569e+02  -4.3444e+02  -3.4781e+01
  -4.4934e+02  -3.3013e+02  -7.8117e+01
  -4.8744e+02  -2.1431e+02  -1.2108e+02
  -4.9805e+02  -9.3122e+01  -1.6345e+02
  -4.8068e+02   2.7026e+01  -2.0504e+02
  -4.3629e+02   1.3977e+02  -2.4565e+02
  -3.6730e+02   2.3913e+02  -2.8507e+02
  -2.7741e+02   3.1985e+02  -3.2312e+02
  -1.7144e+02   3.7765e+02  -3.5961e+02
  -5.5036e+01   4.0947e+02  -3.9437e+02
   6.5580e+01   4.1360e+02  -4.2723e+02
   1.8398e+02   3.8982e+02  -4.5804e+02
   2.9384e+02   3.3937e+02  -4.8664e+02
   3.8930e+02   2.6490e+02  -5.1290e+02
   4.6526e+02   1.7034e+02  -5.3669e+02
   5.1763e+02   6.0666e+01  -5.5789e+02
   5.4360e+02  -5.8338e+01  -5.7641e+02
   5.4171e+02  -1.8040e+02  -5.9216e+02
   5.1202e+02  -2.9907e+02  -6.0505e+02
   4.5602e+02  -4.0810e+02  -6.1504e+02
   3.7660e+02  -5.0174e+02  -6.2206e+02
   2.7790e+02  -5.7504e+02  -6.2609e+02
   1.6507e+02  -6.2415e+02  -6.2710e+02
   4.3990e+01  -6.4647e+02  -6.2510e+02
  -7.8997e+01  -6.4083e+02  -6.2009e+02
  -1.9746e+02  -6.0753e+02  -6.1209e+02
  -3.0522e+02  -5.4833e+02  -6.0114e+02
  -3.9664e+02  -4.6637e+02  -5.8731e+02
  -4.6695e+02  -3.6596e+02  -5.7064e+02
  -5.1252e+02  -2.5243e+02  -5.5123e+02
  -5.3099e+02  -1.3176e+02  -5.2917e+02
  -5.2146e+02  -1.0330e+01  -5.0455e+02
  -4.8450e+02   1.0545e+02  -4.7751e+02
  -4.2212e+02   2.0947e+02  -4.4817e+02
  -3.3768e+02   2.9624e+02  -4.1668e+02
  -2.3571e+02   3.6117e+02  -3.8317e+02
  -1.2165e+02   4.0084e+02  -3.4782e+02
  -1.5995e+00   4.1316e+02  -3.1080e+02
   1.1804e+02   3.9749e+02  -2.7228e+02
   2.3089e+02   3.5465e+02  -2.3246e+02
   3.3092e+02   2.8691e+02  -1.9151e+02
   4.1279e+02   1.9787e+02  -1.4964e+02
   4.7210e+02   9.2223e+01  -1.0705e+02
   5.0567e+02  -2.4434e+01  -6.3940e+01
   5.1165e+02  -1.4593e+02  -2.0526e+01
   4.8966e+02  -2.6585e+02   2.2986e+01
   4.4080e+02  -3.7784e+02   6.6387e+01
   3.6759e+02  -4.7597e+02   1.0947e+02
   2.7383e+02  -5.5506e+02   1.5202e+02
   1.6441e+02  -6.1091e+02   1.9384e+02
   4.5039e+01  -6.4057e+02   2.3473e+02
  -7.8034e+01  -6.4244e+02   2.7449e+02
  -1.9837e+02  -6.1642e+02   3.1293e+02
  -3.0969e+02  -5.6387e+02   3.4986e+02
  -4.0617e+02  -4.8755e+02   3.8511e+02
  -4.8277e+02  -3.9147e+02   4.1850e+02
  -5.3552e+02  -2.8068e+02   4.4988e+02
  -5.6168e+02  -1.6104e+02   4.7909e+02
  -5.5995e+02  -3.8822e+01   5.0600e+02
  -5.3047e+02   7.9522e+01   5.3047e+02
  -4.7486e+02   1.8777e+02   5.5238e+02
  -3.9613e+02   2.8021e+02   5.7164e+02
  -2.9849e+02   3.5200e+02   5.8815e+02
  -1.8715e+02   3.9936e+02   6.0183e+02
  -6.8066e+01   4.1981e+02   6.1260e+02
   5.2418e+01   4.1229e+02   6.2043e+02
   1.6788e+02   3.7723e+02   6.2528e+02
   2.7216e+02   3.1650e+02   6.2711e+02
   3.5969e+02   2.3333e+02   6.2592e+02
   4.2579e+02   1.3215e+02   6.2172e+02
   4.6690e+02   1.8310e+01   6.1453e+02
   4.8081e+02  -1.0214e+02   6.0438e+02
   4.6671e+02  -2.2281e+02   5.9132e+02
   4.2529e+02  -3.3731e+02   5.7541e+02
   3.5868e+02  -4.3955e+02   5.5674e+02
   2.7033e+02  -5.2411e+02   5.3538e+02
   1.6487e+02  -5.8649e+02   5.1145e+02
   4.7800e+01  -6.2338e+02   4.8506e+02
  -7.4756e+01  -6.3278e+02   4.5633e+02
  -1.9638e+02  -6.1418e+02   4.2540e+02
  -3.1070e+02  -5.6851e+02   3.9243e+02
  -4.1175e+02  -4.9818e+02   3.5757e+02
  -4.9423e+02  -4.0684e+02   3.2098e+02
  -5.5385e+02  -2.9930e+02   2.8285e+02
  -5.8751e+02  -1.8120e+02   2.4336e+02
  -5.9349e+02  -5.8742e+01   2.0270e+02
  -5.7153e+02   6.1642e+01   1.6106e+02
  -5.2285e+02   1.7363e+02   1.1865e+02
  -4.5006e+02   2.7134e+02   7.5669e+01
  -3.5707e+02   3.4965e+02   3.2321e+01
  -2.4884e+02   4.0447e+02  -1.1183e+01
  -1.3113e+02   4.3293e+02  -5.4632e+01
  -1.0225e+01   4.3358e+02  -9.7819e+01
   1.0745e+02   4.0641e+02  -1.4053e+02
   2.1563e+02   3.5290e+02  -1.8257e+02
   3.0854e+02   2.7592e+02  -2.2373e+02
   3.8123e+02   1.7958e+02  -2.6382e+02
   4.2981e+02   6.8997e+01  -3.0263e+02
   4.5167e+02  -4.9938e+01  -3.3998e+02
   4.4559e+02  -1.7090e+02  -3.7570e+02
   4.1187e+02  -2.8747e+02  -4.0961e+02
   3.5221e+02  -3.9343e+02  -4.4155e+02
   2.6974e+02  -4.8315e+02  -4.7136e+02
   1.6876e+02  -5.5185e+02  -4.9890e+02
   5.4555e+01  -5.9585e+02  -5.2405e+02
  -6.6892e+01  -6.1278e+02  -5.4667e+02
  -1.8921e+02  -6.0171e+02  -5.6666e+02
  -3.0598e+02  -5.6317e+02  -5.8392e+02
  -4.1109e+02  -4.9916e+02  -5.9837e+02
  -4.9903e+02  -4.1299e+02  -6.0994e+02
  -5.6519e+02  -3.0919e+02  -6.1857e+02
  -6.0613e+02  -1.9318e+02  -6.2423e+02
  -6.1972e+02  -7.1034e+01  -6.2688e+02
  -6.0529e+02   5.0835e+01  -6.2651e+02
  -5.6365e+02   1.6605e+02  -6.2313e+02
  -4.9704e+02   2.6856e+02  -6.1675e+02
  -4.0901e+02   3.5302e+02  -6.0740e+02
  -3.0425e+02   4.1501e+02  -5.9513e+02
  -1.8834e+02   4.5131e+02  -5.7999e+02
  -6.7438e+01   4.6005e+02  -5.6206e+02
   5.2034e+01   4.4083e+02  -5.4142e+02
   1.6373e+02   3.9471e+02  -5.1818e+02
   2.6171e+02   3.2418e+02  -4.9244e+02
   3.4076e+02   2.3302e+02  -4.6434e+02
   3.9667e+02   1.2609e+02  -4.3399e+02
   4.2646e+02   9.1087e+00  -4.0156e+02
   4.2851e+02  -1.1171e+02  -3.6719e+02
   4.0268e+02  -2.2992e+02  -3.3106e+02
   3.5030e+02  -3.3922e+02  -2.9333e+02
   2.7411e+02  -4.3380e+02  -2.5420e+02
   1.7809e+02  -5.0859e+02  -2.1383e+02
   6.7291e+01  -5.5959e+02  -1.7244e+02
  -5.2478e+01  -5.8405e+02  -1.3022e+02
  -1.7492e+02  -5.8063e+02  -8.7372e+01
  -2.9360e+02  -5.4944e+02  -4.4104e+01
  -4.0227e+02  -4.9207e+02  -6.2415e-01
  -4.9523e+02  -4.1151e+02   4.2859e+01
  -5.6761e+02  -3.1194e+02   8.6136e+01
  -6.1559e+02  -1.9857e+02   1.2900e+02
  -6.3668e+02  -7.7316e+01   1.7124e+02
  -6.2979e+02   4.5464e+01   2.1265e+02
  -5.9531e+02   1.6335e+02   2.5305e+02
  -5.3509e+02   2.7018e+02   2.9222e+02
  -4.5233e+02   3.6036e+02   3.2999e+02
  -3.5142e+02   4.2919e+02   3.6617e+02
  -2.3773e+02   4.7311e+02   4.0059e+02
  -1.1728e+02   4.8984e+02   4.3308e+02
   3.5489e+00   4.7857e+02   4.6348e+02
   1.1835e+02   4.3995e+02   4.9165e+02
   2.2104e+02   3.7609e+02   5.1746e+02
   3.0618e+02   2.9042e+02   5.4077e+02
   3.6925e+02   1.8752e+02   5.6148e+02
   4.0689e+02   7.2889e+01   5.7949e+02
   4.1711e+02  -4.7354e+01   5.9471e+02
   3.9934e+02  -1.6680e+02   6.0707e+02
   3.5450e+02  -2.7907e+02   6.1650e+02
   2.8495e+02  -3.7818e+02   6.2297e+02
   1.9435e+02  -4.5883e+02   6.2643e+02
   8.7455e+01  -5.1670e+02   6.2689e+02
  -3.0093e+01  -5.4867e+02   6.2432e+02
  -1.5210e+02  -5.5299e+02   6.1875e+02
  -2.7215e+02  -5.2936e+02   6.1020e+02
  -3.8389e+02  -4.7898e+02   5.9871e+02
  -4.8146e+02  -4.0443e+02   5.8435e+02
  -5.5970e+02  -3.0959e+02   5.6717e+02
  -6.1449e+02  -1.9941e+02   5.4725e+02
  -6.4295e+02  -7.9647e+01   5.2471e+02
  -6.4358e+02   4.3448e+01   4.9964e+02
  -6.1637e+02   1.6343e+02   4.7216e+02
  -5.6276e+02   2.7404e+02   4.4241e+02
  -4.8558e+02   3.6948e+02   4.1053e+02
  -3.8892e+02   4.4479e+02   3.7668e+02
  -2.7789e+02   4.9605e+02   3.4101e+02
  -1.5836e+02   5.2061e+02   3.0370e+02
  -3.6644e+01   5.1726e+02   2.6493e+02
   8.0819e+01   4.8622e+02   2.2489e+02
   1.8783e+02   4.2920e+02   1.8376e+02
   2.7872e+02   3.4929e+02   1.4174e+02
   3.4870e+02   2.5075e+02   9.9047e+01
   3.9407e+02   1.3887e+02   5.5874e+01
   4.1244e+02   1.9613e+01   1.2432e+01
   4.0282e+02  -1.0065e+02  -3.1070e+01
   3.6573e+02  -2.1552e+02  -7.4422e+01
   3.0314e+02  -3.1884e+02  -1.1742e+02
   2.1834e+02  -4.0511e+02  -1.5984e+02
   1.1582e+02  -4.6969e+02  -2.0150e+02
   1.0033e+00  -5.0912e+02  -2.4219e+02
  -1.2005e+02  -5.2125e+02  -2.8171e+02
  -2.4094e+02  -5.0538e+02  -3.1988e+02
  -3.5528e+02  -4.6226e+02  -3.5650e+02
  -4.5702e+02  -3.9413e+02  -3.9141e+02
  -5.4078e+02  -3.0451e+02  -4.2444e+02
  -6.0213e+02  -1.9807e+02  -4.5542e+02
  -6.3782e+02  -8.0374e+01  -4.8421e+02
  -6.4597e+02   4.2434e+01  -5.1067e+02
  -6.2612e+02   1.6393e+02  -5.3467e+02
  -5.7932e+02   2.7776e+02  -5.5610e+02
  -5.0803e+02   3.7797e+02  -5.7485e+02
  -4.1600e+02   4.5934e+02  -5.9084e+02
  -3.0808e+02   5.1764e+02  -6.0398e+02
  -1.8996e+02   5.4984e+02  -6.1421e+02
  -6.7863e+01   5.5431e+02  -6.2149e+02
   5.1777e+01   5.3089e+02  -6.2577e+02
   1.6266e+02   4.8086e+02  -6.2704e+02
   2.5893e+02   4.0693e+02  -6.2530e+02
   3.3554e+02   3.1308e+02  -6.2054e+02
   3.8845e+02   2.0431e+02  -6.1280e+02
   4.1488e+02   8.6443e+01  -6.0210e+02
   4.1345e+02  -3.4241e+01  -5.8851e+02
   3.8427e+02  -1.5130e+02  -5.7209e+02
   3.2889e+02  -2.5850e+02  -5.5291e+02
   2.5025e+02  -3.5012e+02  -5.3107e+02
   1.5253e+02  -4.2124e+02  -5.0667e+02
   4.0907e+01  -4.6806e+02  -4.7983e+02
  -7.8694e+01  -4.8804e+02  -4.5069e+02
  -1.9994e+02  -4.8007e+02  -4.1937e+02
  -3.1640e+02  -4.4450e+02  -3.8604e+02
  -4.2190e+02  -3.8316e+02  -3.5085e+02
  -5.1085e+02  -2.9922e+02  -3.1397e+02
  -5.7852e+02  -1.9706e+02  -2.7557e+02
  -6.2132e+02  -8.2013e+01  -2.3586e+02
  -6.3695e+02   3.9904e+01  -1.9500e+02
  -6.2457e+02   1.6231e+02  -1.5321e+02
  -5.8480e+02   2.7880e+02  -1.1068e+02
  -5.1971e+02   3.8328e+02  -6.7618e+01
  -4.3271e+02   4.7029e+02  -2.4231e+01
  -3.2838e+02   5.3529e+02   1.9273e+01
  -2.1218e+02   5.7491e+02   6.2684e+01
  -9.0225e+01   5.8711e+02   1.0579e+02
   3.1074e+01   5.7131e+02   1.4839e+02
   1.4534e+02   5.2839e+02   1.9028e+02
   2.4658e+02   4.6068e+02   2.3125e+02
   3.2947e+02   3.7180e+02   2.7111e+02
   3.8967e+02   2.6652e+02   3.0966e+02
   4.2404e+02   1.5044e+02   3.4672e+02
   4.3079e+02   2.9758e+01   3.8211e+02
   4.0960e+02  -8.9110e+01   4.1566e+02
   3.6163e+02  -1.9983e+02   4.4721e+02
   2.8945e+02  -2.9649e+02   4.7661e+02
   1.9691e+02  -3.7395e+02   5.0371e+02
   8.8923e+01  -4.2805e+02   5.2839e+02
  -2.8758e+01  -4.5589e+02   5.5053e+02
  -1.4988e+02  -4.5594e+02   5.7001e+02
  -2.6801e+02  -4.2816e+02   5.8675e+02
  -3.7688e+02  -3.7395e+02   6.0067e+02
  -4.7068e+02  -2.9613e+02   6.1170e+02
  -5.4442e+02  -1.9875e+02   6.1978e+02
  -5.9418e+02  -8.6921e+01   6.2487e+02
  -6.1727e+02   3.3514e+01   6.2696e+02
  -6.1244e+02   1.5624e+02   6.2604e+02
  -5.7991e+02   2.7482e+02   6.2210e+02
  -5.2133e+02   3.8305e+02   6.1516e+02
  -4.3978e+02   4.7525e+02   6.0526e+02
  -3.3950e+02   5.4661e+02   5.9245e+02
  -2.2575e+02   5.9339e+02   5.7679e+02
  -1.0449e+02   6.1319e+02   5.5835e+02
   1.7912e+01   6.0499e+02   5.3723e+02
   1.3505e+02   5.6927e+02   5.1351e+02
   2.4078e+02   5.0798e+02   4.8733e+02
   3.2956e+02   4.2438e+02   4.5880e+02
   3.9676e+02   3.2294e+02   4.2806e+02
   4.3886e+02   2.0906e+02   3.9526e+02
   4.5371e+02   8.8798e+01   3.6056e+02
   4.4055e+02  -3.1455e+01   3.2412e+02
   4.0015e+02  -1.4530e+02   2.8612e+02
   3.3467e+02  -2.4670e+02   2.4675e+02
   2.4763e+02  -3.3024e+02   2.0618e+02
   1.4368e+02  -3.9147e+02   1.6463e+02
   2.8349e+01  -4.2712e+02   1.2228e+02
  -9.2209e+01  -4.3527e+02   7.9343e+01
  -2.1158e+02  -4.1545e+02   3.6024e+01
  -3.2340e+02  -3.6867e+02  -7.4690e+00
  -4.2173e+02  -2.9736e+02  -5.0925e+01
  -5.0130e+02  -2.0524e+02  -9.4136e+01
  -5.5786e+02  -9.7159e+01  -1.3689e+02
  -5.8838e+02   2.1225e+01  -1.7899e+02
  -5.9119e+02   1.4369e+02  -2.2023e+02
  -5.6608e+02   2.6381e+02  -2.6040e+02
  -5.1432e+02   3.7526e+02  -2.9933e+02
  -4.3860e+02   4.7221e+02  -3.3681e+02
  -3.4286e+02   5.4955e+02  -3.7267e+02
  -2.3209e+02   6.0324e+02  -4.0673e+02
  -1.1210e+02   6.3048e+02  -4.3884e+02
   1.0841e+01   6.2985e+02  -4.6884e+02
   1.3029e+02   6.0143e+02  -4.9658e+02
   2.4001e+02   5.4674e+02  -5.2193e+02
   3.3424e+02   4.6869e+02  -5.4476e+02
   4.0809e+02   3.7145e+02  -5.6498e+02
   4.5769e+02   2.6018e+02  -5.8247e+02
   4.8050e+02   1.4077e+02  -5.9716e+02
   4.7536e+02   1.9572e+01  -6.0898e+02
   4.4261e+02  -9.6998e+01  -6.1786e+02
   3.8403e+02  -2.0275e+02  -6.2377e+02
   3.0278e+02  -2.9209e+02  -6.2668e+02
   2.0322e+02  -3.6025e+02  -6.2657e+02
   9.0647e+01  -4.0363e+02  -6.2345e+02
  -2.8917e+01  -4.1990e+02  -6.1732e+02
  -1.4910e+02  -4.0818e+02  -6.0822e+02
  -2.6350e+02  -3.6907e+02  -5.9619e+02
  -3.6601e+02  -3.0462e+02  -5.8130e+02
  -4.5115e+02  -2.1820e+02  -5.6360e+02
  -5.1437e+02  -1.1437e+02  -5.4320e+02
  -5.5226e+02   1.4246e+00  -5.2017e+02
  -5.6277e+02   1.2307e+02  -4.9465e+02
  -5.4527e+02   2.4417e+02  -4.6674e+02
  -5.0063e+02   3.5835e+02  -4.3659e+02
  -4.3114e+02   4.5958e+02  -4.0433e+02
  -3.4041e+02   5.4255e+02  -3.7013e+02
  -2.3318e+02   6.0288e+02  -3.3415e+02
  -1.1503e+02   6.3740e+02  -2.9656e+02
   7.8560e+00   6.4431e+02  -2.5754e+02
   1.2905e+02   6.2325e+02  -2.1728e+02
   2.4221e+02   5.7535e+02  -1.7598e+02
   3.4142e+02   5.0315e+02  -1.3383e+02
   4.2152e+02   4.1048e+02  -9.1031e+01
   4.7833e+02   3.0224e+02  -4.7797e+01
   5.0892e+02   1.8415e+02  -4.3336e+00
   5.1174e+02   6.2474e+01   3.9151e+01
   4.8670e+02  -5.6366e+01   8.2447e+01
   4.3519e+02  -1.6608e+02   1.2535e+02
   3.5999e+02  -2.6087e+02   1.6764e+02
   2.6514e+02  -3.3572e+02   2.0913e+02
   1.5572e+02  -3.8667e+02   2.4961e+02
   3.7558e+01  -4.1102e+02   2.8889e+02
  -8.3027e+01  -4.0749e+02   3.2678e+02
  -1.9961e+02  -3.7625e+02   3.6309e+02
  -3.0596e+02  -3.1895e+02   3.9766e+02
  -3.9641e+02  -2.3862e+02   4.3031e+02
  -4.6610e+02  -1.3950e+02   4.6090e+02
  -5.1130e+02  -2.6810e+01   4.8926e+02
  -5.2955e+02   9.3487e+01   5.1527e+02
  -5.1982e+02   2.1504e+02   5.3879e+02
  -4.8257e+02   3.3143e+02   5.5973e+02
  -4.1969e+02   4.3651e+02   5.7797e+02
  -3.3445e+02   5.2473e+02   5.9343e+02
  -2.3127e+02   5.9142e+02   6.0603e+02
  -1.1555e+02   6.3307e+02   6.1571e+02
   6.6683e+00   6.4746e+02   6.2243e+02
   1.2900e+02   6.3383e+02   6.2616e+02
   2.4504e+02   5.9291e+02   6.2687e+02
   3.4873e+02   5.2683e+02   6.2456e+02
   4.3466e+02   4.3909e+02   6.1925e+02
   4.9835e+02   3.3432e+02   6.1095e+02
   5.3650e+02   2.1803e+02   5.9972e+02
   5.4717e+02   9.6366e+01   5.8560e+02
   5.2985e+02  -2.4260e+01   5.6866e+02
   4.8552e+02  -1.3749e+02   5.4898e+02
   4.1659e+02  -2.3735e+02   5.2666e+02
   3.2677e+02  -3.1858e+02   5.0180e+02
   2.2085e+02  -3.7689e+02   4.7453e+02
   1.0449e+02  -4.0924e+02   4.4497e+02
  -1.6082e+01  -4.1391e+02   4.1328e+02
  -1.3445e+02  -3.9067e+02   3.7959e+02
  -2.4430e+02  -3.4077e+02   3.4407e+02
  -3.3976e+02  -2.6687e+02   3.0690e+02
  -4.1573e+02  -1.7286e+02   2.6825e+02
  -4.6814e+02  -6.3749e+01   2.2831e+02
  -4.9415e+02   5.4698e+01   1.8727e+02
  -4.9233e+02   1.7620e+02   1.4533e+02
  -4.6271e+02   2.9433e+02   1.0269e+02
  -4.0680e+02   4.0282e+02   5.9556e+01
  -3.2748e+02   4.9593e+02   1.6136e+01
  -2.2889e+02   5.6872e+02  -2.7362e+01
  -1.1617e+02   6.1732e+02  -7.0728e+01
   4.7968e+00   6.3914e+02  -1.1375e+02
   1.2767e+02   6.3301e+02  -1.5623e+02
   2.4602e+02   5.9923e+02  -1.9796e+02
   3.5367e+02   5.3957e+02  -2.3873e+02
   4.4498e+02   4.5714e+02  -2.7835e+02
   5.1519e+02   3.5627e+02  -3.1664e+02
   5.6066e+02   2.4228e+02  -3.5339e+02
   5.7904e+02   1.2115e+02  -3.8845e+02
   5.6943e+02  -7.5534e-01  -4.2164e+02
   5.3238e+02  -1.1701e+02  -4.5280e+02
   4.6991e+02  -2.2151e+02  -4.8178e+02
   3.8538e+02  -3.0877e+02  -5.0844e+02
   2.8332e+02  -3.7420e+02  -5.3265e+02
   1.6916e+02  -4.1437e+02  -5.5430e+02
   4.9005e+01  -4.2721e+02  -5.7328e+02
  -7.0754e+01  -4.1206e+02  -5.8950e+02
  -1.8373e+02  -3.6974e+02  -6.0288e+02
  -2.8391e+02  -3.0254e+02  -6.1336e+02
  -3.6593e+02  -2.1403e+02  -6.2089e+02
  -4.2542e+02  -1.0892e+02  -6.2542e+02
  -4.5917e+02   7.2112e+00  -6.2695e+02
  -4.6535e+02   1.2819e+02  -6.2546e+02
  -4.4358e+02   2.4759e+02  -6.2096e+02
  -3.9495e+02   3.5907e+02  -6.1347e+02
  -3.2198e+02   4.5671e+02  -6.0303e+02
  -2.2846e+02   5.3531e+02  -5.8968e+02
  -1.1929e+02   5.9070e+02  -5.7350e+02
  -1.8225e-01   6.1989e+02  -5.5455e+02
   1.2263e+02   6.2132e+02  -5.3294e+02
   2.4272e+02   5.9487e+02  -5.0876e+02
   3.5378e+02   5.4189e+02  -4.8213e+02
   4.5001e+02   4.6515e+02  -4.5318e+02
   5.2637e+02   3.6866e+02  -4.2205e+02
   5.7888e+02   2.5747e+02  -3.8889e+02
   6.0482e+02   1.3741e+02  -3.5386e+02
   6.0286e+02   1.4786e+01  -3.1712e+02
   5.7316e+02  -1.0397e+02  -2.7886e+02
   5.1734e+02  -2.1264e+02  -2.3925e+02
   4.3838e+02  -3.0552e+02  -1.9849e+02
   3.4052e+02  -3.7774e+02  -1.5678e+02
   2.2896e+02  -4.2554e+02  -1.1431e+02
   1.0964e+02  -4.4645e+02  -7.1294e+01
  -1.1090e+01  -4.3939e+02  -2.7933e+01
  -1.2681e+02  -4.0479e+02   1.5563e+01
  -2.3135e+02  -3.4453e+02   5.8984e+01
  -3.1916e+02  -2.6183e+02   1.0212e+02
  -3.8556e+02  -1.6111e+02   1.4477e+02
  -4.2699e+02  -4.7734e+01   1.8671e+02
  -4.4122e+02   7.2260e+01   2.2776e+02
  -4.2746e+02   1.9249e+02   2.6771e+02
  -3.8639e+02   3.0654e+02   3.0638e+02
  -3.2014e+02   4.0836e+02   3.4356e+02
  -2.3217e+02   4.9251e+02   3.7910e+02
  -1.2709e+02   5.5449e+02   4.1281e+02
  -1.0395e+01   5.9099e+02   4.4453e+02
   1.1178e+02   6.0002e+02   4.7411e+02
   2.3302e+02   5.8106e+02   5.0141e+02
   3.4697e+02   5.3505e+02   5.2630e+02
   4.4764e+02   4.6437e+02   5.4865e+02
   5.2976e+02   3.7271e+02   5.6837e+02
   5.8901e+02   2.6484e+02   5.8534e+02
   6.2232e+02   1.4642e+02   5.9950e+02
   6.2796e+02   2.3634e+01   6.1078e+02
   6.0566e+02  -9.7073e+01   6.1911e+02
   5.5664e+02  -2.0939e+02   6.2446e+02
   4.8351e+02  -3.0743e+02   6.2681e+02
   3.9018e+02  -3.8608e+02   6.2614e+02
   2.8161e+02  -4.4125e+02   6.2246e+02
   1.6356e+02  -4.7006e+02   6.1578e+02
   4.2301e+01  -4.7106e+02   6.0613e+02
  -7.5735e+01  -4.4426e+02   5.9357e+02
  -1.8428e+02  -3.9112e+02   5.7815e+02
  -2.7758e+02  -3.1450e+02   5.5995e+02
  -3.5067e+02  -2.1852e+02   5.3905e+02
  -3.9966e+02  -1.0830e+02   5.1556e+02
  -4.2195e+02   1.0278e+01   4.8958e+02
  -4.1631e+02   1.3090e+02   4.6125e+02
  -3.8303e+02   2.4713e+02   4.3070e+02

