   7.8682e+02   2.5048e+02   7.1067e+02
   9.8524e+02   4.2237e+01   4.5999e+02
   1.0305e+03   5.5160e+01   5.1285e+02
   1.0801e+03   5.6742e+01   5.6326e+02
   1.1312e+03   4.6289e+01   6.1094e+02
   1.1810e+03   2.3739e+01   6.5569e+02
   1.2268e+03  -1.0327e+01   6.9728e+02
   1.2662e+03  -5.4719e+01   7.3552e+02
   1.2968e+03  -1.0770e+02   7.7021e+02
   1.3169e+03  -1.6709e+02   8.0120e+02
   1.3254e+03  -2.3034e+02   8.2833e+02
   1.3217e+03  -2.9472e+02   8.5147e+02
   1.3057e+03  -3.5745e+02   8.7051e+02
   1.2783e+03  -4.1579e+02   8.8537e+02
   1.2408e+03  -4.6729e+02   8.9596e+02
   1.1948e+03  -5.0980e+02   9.0224e+02
   1.1427e+03  -5.4169e+02   9.0417e+02
   1.0871e+03  -5.6186e+02   9.0175e+02
   1.0307e+03  -5.6985e+02   8.9500e+02
   9.7637e+02  -5.6581e+02   8.8393e+02
   9.2670e+02  -5.5057e+02   8.6861e+02
   8.8415e+02  -5.2550e+02   8.4911e+02
   8.5077e+02  -4.9251e+02   8.2552e+02
   8.2810e+02  -4.5394e+02   7.9795e+02
   8.1712e+02  -4.1239e+02   7.6655e+02
   8.1820e+02  -3.7064e+02   7.3146e+02
   8.3105e+02  -3.3148e+02   6.9284e+02
   8.5475e+02  -2.9754e+02   6.5089e+02
   8.8781e+02  -2.7119e+02   6.0581e+02
   9.2825e+02  -2.5439e+02   5.5781e+02
   9.7366e+02  -2.4858e+02   5.0712e+02
   1.0214e+03  -2.5465e+02   4.5400e+02
   1.0687e+03  -2.7283e+02   3.9869e+02
   1.1127e+03  -3.0271e+02   3.4146e+02
   1.1509e+03  -3.4328e+02   2.8259e+02
   1.1810e+03  -3.9295e+02   2.2235e+02
   1.2011e+03  -4.4963e+02   1.6105e+02
   1.2098e+03  -5.1089e+02   9.8972e+01
   1.2064e+03  -5.7403e+02   3.6417e+01
   1.1908e+03  -6.3625e+02  -2.6313e+01
   1.1634e+03  -6.9480e+02  -8.8916e+01
   1.1254e+03  -7.4714e+02  -1.5109e+02
   1.0785e+03  -7.9101e+02  -2.1254e+02
   1.0249e+03  -8.2464e+02  -2.7296e+02
   9.6697e+02  -8.4676e+02  -3.3207e+02
   9.0751e+02  -8.5673e+02  -3.8959e+02
   8.4930e+02  -8.5454e+02  -4.4522e+02
   7.9507e+02  -8.4082e+02  -4.9872e+02
   7.4734e+02  -8.1680e+02  -5.4981e+02
   7.0825e+02  -7.8425e+02  -5.9826e+02
   6.7952e+02  -7.4540e+02  -6.4382e+02
   6.6229e+02  -7.0279e+02  -6.8629e+02
   6.5709e+02  -6.5916e+02  -7.2545e+02
   6.6382e+02  -6.1732e+02  -7.6112e+02
   6.8174e+02  -5.7995e+02  -7.9313e+02
   7.0951e+02  -5.4952e+02  -8.2132e+02
   7.4527e+02  -5.2810e+02  -8.4556e+02
   7.8673e+02  -5.1730e+02  -8.6572e+02
   8.3130e+02  -5.1816e+02  -8.8172e+02
   8.7621e+02  -5.3109e+02  -8.9347e+02
   9.1868e+02  -5.5589e+02  -9.0092e+02
   9.5604e+02  -5.9168e+02  -9.0404e+02
   9.8589e+02  -6.3704e+02  -9.0280e+02
   1.0062e+03  -6.9002e+02  -8.9722e+02
   1.0156e+03  -7.4825e+02  -8.8732e+02
   1.0129e+03  -8.0911e+02  -8.7315e+02
   9.9808e+02  -8.6981e+02  -8.5477e+02
   9.7129e+02  -9.2758e+02  -8.3228e+02
   9.3354e+02  -9.7978e+02  -8.0578e+02
   8.8639e+02  -1.0241e+03  -7.7541e+02
   8.3184e+02  -1.0586e+03  -7.4130e+02
   7.7233e+02  -1.0818e+03  -7.0363e+02
   7.1052e+02  -1.0930e+03  -6.6256e+02
   6.4921e+02  -1.0919e+03  -6.1831e+02
   5.9115e+02  -1.0791e+03  -5.7108e+02
   5.3894e+02  -1.0555e+03  -5.2110e+02
   4.9483e+02  -1.0228e+03  -4.6862e+02
   4.6068e+02  -9.8310e+02  -4.1387e+02
   4.3780e+02  -9.3889e+02  -3.5714e+02
   4.2688e+02  -8.9287e+02  -2.9869e+02
   4.2801e+02  -8.4783e+02  -2.3880e+02
   4.4063e+02  -8.0651e+02  -1.7776e+02
   4.6356e+02  -7.7143e+02  -1.1586e+02
   4.9507e+02  -7.4481e+02  -5.3407e+01
   5.3299e+02  -7.2839e+02   9.3039e+00
   5.7478e+02  -7.2338e+02   7.1969e+01
   6.1773e+02  -7.3037e+02   1.3429e+02
   6.5904e+02  -7.4931e+02   1.9596e+02
   6.9600e+02  -7.7954e+02   2.5669e+02
   7.2611e+02  -8.1977e+02   3.1618e+02
   7.4726e+02  -8.6819e+02   3.7415e+02
   7.5778e+02  -9.2254e+02   4.3032e+02
   7.5658e+02  -9.8024e+02   4.8442e+02
   7.4318e+02  -1.0386e+03   5.3619e+02
   7.1773e+02  -1.0947e+03   5.8537e+02
   6.8103e+02  -1.1459e+03   6.3174e+02
   6.3446e+02  -1.1899e+03   6.7507e+02
   5.7992e+02  -1.2245e+03   7.1514e+02
   5.1973e+02  -1.2482e+03   7.5178e+02
   4.5651e+02  -1.2600e+03   7.8479e+02
   3.9302e+02  -1.2595e+03   8.1403e+02
   3.3206e+02  -1.2470e+03   8.3935e+02
   2.7628e+02  -1.2234e+03   8.6063e+02
   2.2804e+02  -1.1901e+03   8.7776e+02
   1.8931e+02  -1.1493e+03   8.9068e+02
   1.6157e+02  -1.1031e+03   8.9930e+02
   1.4570e+02  -1.0544e+03   9.0359e+02
   1.4195e+02  -1.0058e+03   9.0354e+02
   1.4993e+02  -9.6021e+02   8.9913e+02
   1.6865e+02  -9.2015e+02   8.9040e+02
   1.9651e+02  -8.8795e+02   8.7738e+02
   2.3146e+02  -8.6550e+02   8.6014e+02
   2.7106e+02  -8.5416e+02   8.3875e+02
   3.1262e+02  -8.5470e+02   8.1333e+02
   3.5335e+02  -8.6727e+02   7.8400e+02
   3.9049e+02  -8.9136e+02   7.5089e+02
   4.2150e+02  -9.2585e+02   7.1417e+02
   4.4413e+02  -9.6907e+02   6.7400e+02
   4.5657e+02  -1.0189e+03   6.3060e+02
   4.5758e+02  -1.0728e+03   5.8416e+02
   4.4648e+02  -1.1281e+03   5.3491e+02
   4.2327e+02  -1.1819e+03   4.8308e+02
   3.8855e+02  -1.2316e+03   4.2893e+02
   3.4355e+02  -1.2747e+03   3.7271e+02
   2.9003e+02  -1.3089e+03   3.1470e+02
   2.3022e+02  -1.3325e+03   2.5517e+02
   1.6665e+02  -1.3445e+03   1.9442e+02
   1.0207e+02  -1.3442e+03   1.3273e+02
   3.9274e+01  -1.3318e+03   7.0398e+01
  -1.9033e+01  -1.3079e+03   7.7306e+00
  -7.0391e+01  -1.2740e+03  -5.4974e+01
  -1.1270e+02  -1.2318e+03  -1.1741e+02
  -1.4435e+02  -1.1836e+03  -1.7929e+02
  -1.6429e+02  -1.1320e+03  -2.4030e+02
  -1.7207e+02  -1.0798e+03  -3.0016e+02
  -1.6791e+02  -1.0299e+03  -3.5857e+02
  -1.5265e+02  -9.8470e+02  -4.1525e+02
  -1.2771e+02  -9.4679e+02  -4.6994e+02
  -9.5024e+01  -9.1815e+02  -5.2236e+02
  -5.6945e+01  -9.0029e+02  -5.7227e+02
  -1.6101e+01  -8.9415e+02  -6.1942e+02
   2.4732e+01  -9.0006e+02  -6.6359e+02
   6.2777e+01  -9.1769e+02  -7.0457e+02
   9.5405e+01  -9.4609e+02  -7.4216e+02
   1.2027e+02  -9.8373e+02  -7.7617e+02
   1.3545e+02  -1.0286e+03  -8.0644e+02
   1.3952e+02  -1.0783e+03  -8.3284e+02
   1.3164e+02  -1.1301e+03  -8.5522e+02
   1.1162e+02  -1.1813e+03  -8.7349e+02
   7.9894e+01  -1.2291e+03  -8.8756e+02
   3.7521e+01  -1.2709e+03  -8.9735e+02
  -1.3876e+01  -1.3045e+03  -9.0282e+02
  -7.2197e+01  -1.3279e+03  -9.0394e+02
  -1.3498e+02  -1.3399e+03  -9.0072e+02
  -1.9951e+02  -1.3397e+03  -8.9316e+02
  -2.6300e+02  -1.3273e+03  -8.8129e+02
  -3.2271e+02  -1.3032e+03  -8.6519e+02
  -3.7610e+02  -1.2685e+03  -8.4492e+02
  -4.2095e+02  -1.2251e+03  -8.2059e+02
  -4.5550e+02  -1.1750e+03  -7.9230e+02
  -4.7853e+02  -1.1208e+03  -7.6020e+02
  -4.8943e+02  -1.0651e+03  -7.2444e+02
  -4.8824e+02  -1.0109e+03  -6.8520e+02
  -4.7561e+02  -9.6085e+02  -6.4265e+02
  -4.5281e+02  -9.1737e+02  -5.9702e+02
  -4.2165e+02  -8.8265e+02  -5.4851e+02
  -3.8437e+02  -8.5833e+02  -4.9735e+02
  -3.4353e+02  -8.4555e+02  -4.4381e+02
  -3.0188e+02  -8.4479e+02  -3.8813e+02
  -2.6221e+02  -8.5591e+02  -3.3058e+02
  -2.2722e+02  -8.7814e+02  -2.7144e+02
  -1.9933e+02  -9.1009e+02  -2.1099e+02
  -1.8060e+02  -9.4989e+02  -1.4952e+02
  -1.7261e+02  -9.9522e+02  -8.7342e+01
  -1.7635e+02  -1.0435e+03  -2.4738e+01
  -1.9222e+02  -1.0919e+03   3.7984e+01
  -2.1994e+02  -1.1377e+03   1.0052e+02
  -2.5864e+02  -1.1781e+03   1.6258e+02
  -3.0682e+02  -1.2110e+03   2.2385e+02
  -3.6253e+02  -1.2342e+03   2.8404e+02
  -4.2339e+02  -1.2463e+03   3.4287e+02
  -4.8674e+02  -1.2463e+03   4.0005e+02
  -5.4979e+02  -1.2341e+03   4.5530e+02
  -6.0979e+02  -1.2100e+03   5.0836e+02
  -6.6411e+02  -1.1750e+03   5.5897e+02
  -7.1044e+02  -1.1307e+03   6.0689e+02
  -7.4689e+02  -1.0791e+03   6.5189e+02
  -7.7206e+02  -1.0226e+03   6.9375e+02
  -7.8519e+02  -9.6398e+02   7.3228e+02
  -7.8610e+02  -9.0600e+02   7.6727e+02
  -7.7531e+02  -8.5141e+02   7.9858e+02
  -7.5390e+02  -8.0277e+02   8.2604e+02
  -7.2354e+02  -7.6234e+02   8.4952e+02
  -6.8636e+02  -7.3192e+02   8.6892e+02
  -6.4485e+02  -7.1279e+02   8.8413e+02
  -6.0171e+02  -7.0563e+02   8.9508e+02
  -5.5976e+02  -7.1047e+02   9.0173e+02
  -5.2171e+02  -7.2671e+02   9.0403e+02
  -4.9008e+02  -7.5313e+02   9.0199e+02
  -4.6705e+02  -7.8799e+02   8.9560e+02
  -4.5434e+02  -8.2908e+02   8.8490e+02
  -4.5312e+02  -8.7386e+02   8.6994e+02
  -4.6394e+02  -9.1960e+02   8.5080e+02
  -4.8674e+02  -9.6349e+02   8.2756e+02
  -5.2077e+02  -1.0028e+03   8.0033e+02
  -5.6475e+02  -1.0352e+03   7.6925e+02
  -6.1681e+02  -1.0584e+03   7.3447e+02
  -6.7468e+02  -1.0709e+03   6.9616e+02
  -7.3578e+02  -1.0716e+03   6.5449e+02
  -7.9735e+02  -1.0600e+03   6.0968e+02
  -8.5659e+02  -1.0364e+03   5.6192e+02
  -9.1084e+02  -1.0016e+03   5.1147e+02
  -9.5768e+02  -9.5696e+02   4.5855e+02
  -9.9508e+02  -9.0445e+02   4.0342e+02
  -1.0215e+03  -8.4641e+02   3.4635e+02
  -1.0360e+03  -7.8546e+02   2.8762e+02
  -1.0383e+03  -7.2438e+02   2.2750e+02
  -1.0286e+03  -6.6595e+02   1.6629e+02
  -1.0079e+03  -6.1281e+02   1.0427e+02
  -9.7774e+02  -5.6731e+02   4.1755e+01
  -9.4007e+02  -5.3139e+02  -2.0963e+01
  -8.9732e+02  -5.0648e+02  -8.3580e+01
  -8.5215e+02  -4.9343e+02  -1.4579e+02
  -8.0734e+02  -4.9247e+02  -2.0731e+02
  -7.6567e+02  -5.0315e+02  -2.6782e+02
  -7.2972e+02  -5.2445e+02  -3.2705e+02
  -7.0177e+02  -5.5474e+02  -3.8470e+02
  -6.8369e+02  -5.9194e+02  -4.4050e+02
  -6.7680e+02  -6.3360e+02  -4.9417e+02
  -6.8184e+02  -6.7702e+02  -5.4547e+02
  -6.9891e+02  -7.1939e+02  -5.9415e+02
  -7.2747e+02  -7.5799e+02  -6.3996e+02
  -7.6636e+02  -7.9027e+02  -6.8269e+02
  -8.1388e+02  -8.1400e+02  -7.2214e+02
  -8.6787e+02  -8.2742e+02  -7.5811e+02
  -9.2580e+02  -8.2930e+02  -7.9043e+02
  -9.8497e+02  -8.1903e+02  -8.1894e+02
  -1.0426e+03  -7.9661e+02  -8.4352e+02
  -1.0959e+03  -7.6271e+02  -8.6403e+02
  -1.1424e+03  -7.1858e+02  -8.8038e+02
  -1.1800e+03  -6.6601e+02  -8.9250e+02
  -1.2069e+03  -6.0725e+02  -9.0032e+02
  -1.2222e+03  -5.4485e+02  -9.0380e+02
  -1.2251e+03  -4.8156e+02  -9.0294e+02
  -1.2160e+03  -4.2019e+02  -8.9773e+02
  -1.1955e+03  -3.6341e+02  -8.8819e+02
  -1.1651e+03  -3.1368e+02  -8.7439e+02
  -1.1265e+03  -2.7306e+02  -8.5637e+02
  -1.0821e+03  -2.4314e+02  -8.3423e+02
  -1.0345e+03  -2.2493e+02  -8.0807e+02
  -9.8646e+02  -2.1884e+02  -7.7803e+02
  -9.4078e+02  -2.2461e+02  -7.4424e+02
  -9.0010e+02  -2.4137e+02  -7.0686e+02
  -8.6681e+02  -2.6767e+02  -6.6609e+02
  -8.4289e+02  -3.0153e+02  -6.2211e+02
  -8.2984e+02  -3.4060e+02  -5.7513e+02
  -8.2855e+02  -3.8222e+02  -5.2539e+02
  -8.3932e+02  -4.2362e+02  -4.7311e+02
  -8.6177e+02  -4.6203e+02  -4.1856e+02
  -8.9492e+02  -4.9483e+02  -3.6200e+02
  -9.3721e+02  -5.1970e+02  -3.0369e+02
  -9.8660e+02  -5.3474e+02  -2.4392e+02
  -1.0407e+03  -5.3856e+02  -1.8298e+02
  -1.0967e+03  -5.3036e+02  -1.2115e+02
  -1.1519e+03  -5.0998e+02  -5.8745e+01
  -1.2036e+03  -4.7790e+02   3.9446e+00
  -1.2492e+03  -4.3521e+02   6.6615e+01
  -1.2864e+03  -3.8357e+02   1.2897e+02
  -1.3133e+03  -3.2511e+02   1.9069e+02
  -1.3288e+03  -2.6229e+02   2.5151e+02
  -1.3321e+03  -1.9785e+02   3.1111e+02
  -1.3231e+03  -1.3456e+02   3.6921e+02
  -1.3025e+03  -7.5176e+01   4.2553e+02
  -1.2715e+03  -2.2214e+01   4.7981e+02
  -1.2318e+03   2.2138e+01   5.3178e+02
  -1.1856e+03   5.6147e+01   5.8119e+02
  -1.1354e+03   7.8632e+01   6.2780e+02
  -1.0840e+03   8.9018e+01   6.7138e+02
  -1.0342e+03   8.7371e+01   7.1174e+02
  -9.8859e+02   7.4393e+01   7.4867e+02
  -9.4976e+02   5.1387e+01   7.8200e+02
  -9.1980e+02   2.0182e+01   8.1156e+02
  -9.0032e+02  -1.6954e+01   8.3721e+02
  -8.9242e+02  -5.7443e+01   8.5884e+02
  -8.9654e+02  -9.8529e+01   8.7633e+02
  -9.1251e+02  -1.3742e+02   8.8960e+02
  -9.3951e+02  -1.7145e+02   8.9859e+02
  -9.7613e+02  -1.9820e+02   9.0325e+02
  -1.0205e+03  -2.1563e+02   9.0357e+02
  -1.0702e+03  -2.2221e+02   8.9953e+02
  -1.1226e+03  -2.1696e+02   8.9117e+02
  -1.1751e+03  -1.9955e+02   8.7852e+02
  -1.2247e+03  -1.7028e+02   8.6163e+02
  -1.2689e+03  -1.3007e+02   8.4060e+02
  -1.3053e+03  -8.0432e+01   8.1553e+02
  -1.3319e+03  -2.3360e+01   7.8653e+02
  -1.3473e+03   3.8747e+01   7.5374e+02
  -1.3507e+03   1.0323e+02   7.1732e+02
  -1.3419e+03   1.6729e+02   6.7745e+02
  -1.3211e+03   2.2817e+02   6.3432e+02
  -1.2895e+03   2.8328e+02   5.8814e+02
  -1.2487e+03   3.3030e+02   5.3912e+02
  -1.2007e+03   3.6739e+02   4.8751e+02
  -1.1480e+03   3.9318e+02   4.3356e+02
  -1.0933e+03   4.0694e+02   3.7751e+02
  -1.0394e+03   4.0855e+02   3.1965e+02
  -9.8907e+02   3.9854e+02   2.6025e+02
  -9.4478e+02   3.7803e+02   1.9960e+02
  -9.0881e+02   3.4874e+02   1.3799e+02
  -8.8293e+02   3.1281e+02   7.5710e+01
  -8.6838e+02   2.7274e+02   1.3068e+01
  -8.6580e+02   2.3126e+02  -4.9636e+01
  -8.7518e+02   1.9116e+02  -1.1210e+02
  -8.9588e+02   1.5516e+02  -1.7403e+02
  -9.2666e+02   1.2577e+02  -2.3511e+02
  -9.6574e+02   1.0513e+02  -2.9507e+02
  -1.0109e+03   9.4940e+01  -3.5361e+02
  -1.0595e+03   9.6323e+01  -4.1044e+02
  -1.1090e+03   1.0980e+02  -4.6530e+02
  -1.1564e+03   1.3526e+02  -5.1791e+02
  -1.1990e+03   1.7194e+02  -5.6804e+02
  -1.2345e+03   2.1850e+02  -6.1543e+02
  -1.2608e+03   2.7306e+02  -6.5985e+02
  -1.2762e+03   3.3332e+02  -7.0110e+02
  -1.2798e+03   3.9668e+02  -7.3898e+02
  -1.2711e+03   4.6038e+02  -7.7330e+02
  -1.2503e+03   5.2163e+02  -8.0389e+02
  -1.2184e+03   5.7777e+02  -8.3062e+02
  -1.1767e+03   6.2640e+02  -8.5335e+02
  -1.1273e+03   6.6553e+02  -8.7197e+02
  -1.0725e+03   6.9366e+02  -8.8639e+02
  -1.0149e+03   7.0987e+02  -8.9654e+02
  -9.5727e+02   7.1386e+02  -9.0238e+02
  -9.0247e+02   7.0598e+02  -9.0388e+02
  -8.5307e+02   6.8720e+02  -9.0103e+02
  -8.1142e+02   6.5907e+02  -8.9383e+02
  -7.7942e+02   6.2363e+02  -8.8234e+02
  -7.5847e+02   5.8329e+02  -8.6660e+02
  -7.4939e+02   5.4073e+02  -8.4668e+02
  -7.5235e+02   4.9874e+02  -8.2269e+02
  -7.6688e+02   4.6007e+02  -7.9475e+02
  -7.9192e+02   4.2730e+02  -7.6297e+02
  -8.2581e+02   4.0270e+02  -7.2752e+02
  -8.6644e+02   3.8808e+02  -6.8857e+02
  -9.1134e+02   3.8476e+02  -6.4631e+02
  -9.5780e+02   3.9341e+02  -6.0094e+02
  -1.0030e+03   4.1411e+02  -5.5267e+02
  -1.0443e+03   4.4628e+02  -5.0174e+02
  -1.0791e+03   4.8872e+02  -4.4840e+02
  -1.1051e+03   5.3970e+02  -3.9290e+02
  -1.1208e+03   5.9704e+02  -3.3551e+02
  -1.1248e+03   6.5820e+02  -2.7650e+02
  -1.1166e+03   7.2045e+02  -2.1616e+02
  -1.0963e+03   7.8099e+02  -1.5478e+02
  -1.0645e+03   8.3711e+02  -9.2660e+01
  -1.0225e+03   8.8634e+02  -3.0091e+01
  -9.7218e+02   9.2655e+02   3.2623e+01
  -9.1578e+02   9.5609e+02   9.5180e+01
  -8.5588e+02   9.7387e+02   1.5728e+02
  -7.9522e+02   9.7943e+02   2.1862e+02
  -7.3660e+02   9.7292e+02   2.7891e+02
  -6.8270e+02   9.5516e+02   3.3786e+02
  -6.3594e+02   9.2754e+02   3.9518e+02
  -5.9837e+02   8.9195e+02   4.5059e+02
  -5.7153e+02   8.5074e+02   5.0384e+02
  -5.5642e+02   8.0651e+02   5.5467e+02
  -5.5338e+02   7.6203e+02   6.0282e+02
  -5.6214e+02   7.2009e+02   6.4807e+02
  -5.8177e+02   6.8333e+02   6.9020e+02
  -6.1080e+02   6.5410e+02   7.2901e+02
  -6.4723e+02   6.3438e+02   7.6431e+02
  -6.8866e+02   6.2562e+02   7.9593e+02
  -7.3246e+02   6.2868e+02   8.2372e+02
  -7.7583e+02   6.4380e+02   8.4754e+02
  -8.1600e+02   6.7059e+02   8.6729e+02
  -8.5038e+02   7.0802e+02   8.8286e+02
  -8.7667e+02   7.5451e+02   8.9418e+02
  -8.9299e+02   8.0797e+02   9.0119e+02
  -8.9798e+02   8.6597e+02   9.0387e+02
  -8.9089e+02   9.2581e+02   9.0219e+02
  -8.7160e+02   9.8470e+02   8.9617e+02
  -8.4061e+02   1.0399e+03   8.8584e+02
  -7.9906e+02   1.0888e+03   8.7125e+02
  -7.4864e+02   1.1293e+03   8.5246e+02
  -6.9148e+02   1.1594e+03   8.2956e+02
  -6.3010e+02   1.1780e+03   8.0268e+02
  -5.6721e+02   1.1845e+03   7.7193e+02
  -5.0561e+02   1.1787e+03   7.3746e+02
  -4.4802e+02   1.1614e+03   6.9945e+02
  -3.9696e+02   1.1338e+03   6.5806e+02
  -3.5458e+02   1.0976e+03   6.1351e+02
  -3.2259e+02   1.0550e+03   5.6601e+02
  -3.0213e+02   1.0087e+03   5.1578e+02
  -2.9374e+02   9.6128e+02   4.6307e+02
  -2.9732e+02   9.1563e+02   4.0813e+02
  -3.1213e+02   8.7443e+02   3.5123e+02
  -3.3682e+02   8.4012e+02   2.9263e+02
  -3.6955e+02   8.1478e+02   2.3263e+02
  -4.0802e+02   8.0004e+02   1.7150e+02
  -4.4963e+02   7.9691e+02   1.0956e+02
  -4.9164e+02   8.0584e+02   4.7080e+01
  -5.3124e+02   8.2658e+02  -1.5623e+01
  -5.6579e+02   8.5829e+02  -7.8250e+01
  -5.9287e+02   8.9954e+02  -1.4050e+02
  -6.1050e+02   9.4837e+02  -2.0207e+02
  -6.1715e+02   1.0024e+03  -2.6267e+02
  -6.1190e+02   1.0591e+03  -3.2201e+02
  -5.9445e+02   1.1156e+03  -3.7980e+02
  -5.6513e+02   1.1691e+03  -4.3575e+02
  -5.2490e+02   1.2170e+03  -4.8962e+02
  -4.7531e+02   1.2570e+03  -5.4112e+02
  -4.1837e+02   1.2872e+03  -5.9002e+02
  -3.5651e+02   1.3061e+03  -6.3607e+02
  -2.9240e+02   1.3130e+03  -6.7907e+02
  -2.2882e+02   1.3075e+03  -7.1880e+02
  -1.6855e+02   1.2903e+03  -7.5507e+02
  -1.1415e+02   1.2623e+03  -7.8770e+02
  -6.7916e+01   1.2251e+03  -8.1654e+02
  -3.1671e+01   1.1810e+03  -8.4145e+02
  -6.7317e+00   1.1323e+03  -8.6231e+02
   6.1918e+00   1.0818e+03  -8.7902e+02
   7.0230e+00   1.0322e+03  -8.9150e+02
  -3.6741e+00   9.8638e+02  -8.9968e+02
  -2.4725e+01   9.4673e+02  -9.0354e+02
  -5.4408e+01   9.1551e+02  -9.0304e+02
  -9.0544e+01   8.9448e+02  -8.9820e+02
  -1.3061e+02   8.8482e+02  -8.8904e+02
  -1.7188e+02   8.8715e+02  -8.7559e+02
  -2.1156e+02   9.0141e+02  -8.5793e+02
  -2.4694e+02   9.2694e+02  -8.3615e+02
  -2.7553e+02   9.6245e+02  -8.1033e+02
  -2.9521e+02   1.0061e+03  -7.8062e+02
  -3.0431e+02   1.0557e+03  -7.4715e+02
  -3.0176e+02   1.1087e+03  -7.1008e+02
  -2.8704e+02   1.1622e+03  -6.6959e+02
  -2.6034e+02   1.2135e+03  -6.2588e+02
  -2.2244e+02   1.2600e+03  -5.7916e+02
  -1.7472e+02   1.2991e+03  -5.2965e+02
  -1.1908e+02   1.3289e+03  -4.7759e+02
  -5.7841e+01   1.3478e+03  -4.2323e+02
   6.3799e+00   1.3548e+03  -3.6684e+02
   7.0812e+01   1.3494e+03  -3.0868e+02
   1.3267e+02   1.3321e+03  -2.4903e+02
   1.8931e+02   1.3036e+03  -1.8819e+02
   2.3836e+02   1.2655e+03  -1.2643e+02
   2.7785e+02   1.2198e+03  -6.4075e+01
   3.0630e+02   1.1688e+03  -1.4067e+00
   3.2284e+02   1.1152e+03   6.1268e+01
   3.2722e+02   1.0617e+03   1.2365e+02
   3.1980e+02   1.0112e+03   1.8543e+02
   3.0161e+02   9.6626e+02   2.4633e+02
   2.7422e+02   9.2915e+02   3.0603e+02
   2.3970e+02   9.0177e+02   3.6426e+02
   2.0047e+02   8.8550e+02   4.2074e+02
   1.5923e+02   8.8111e+02   4.7520e+02
   1.1877e+02   8.8873e+02   5.2736e+02
   8.1826e+01   9.0787e+02   5.7699e+02
   5.0972e+01   9.3741e+02   6.2384e+02
   2.8444e+01   9.7567e+02   6.6769e+02
   1.6039e+01   1.0205e+03   7.0832e+02
   1.5019e+01   1.0695e+03   7.4555e+02
   2.6044e+01   1.1198e+03   7.7918e+02
   4.9135e+01   1.1687e+03   8.0906e+02
   8.3676e+01   1.2134e+03   8.3505e+02
   1.2844e+02   1.2515e+03   8.5702e+02
   1.8167e+02   1.2808e+03   8.7486e+02
   2.4115e+02   1.2996e+03   8.8850e+02
   3.0433e+02   1.3066e+03   8.9785e+02
   3.6847e+02   1.3014e+03   9.0288e+02
   4.3078e+02   1.2841e+03   9.0357e+02
   4.8855e+02   1.2553e+03   8.9991e+02
   5.3933e+02   1.2165e+03   8.9191e+02
   5.8102e+02   1.1694e+03   8.7962e+02
   6.1199e+02   1.1163e+03   8.6310e+02
   6.3120e+02   1.0599e+03   8.4243e+02
   6.3822e+02   1.0029e+03   8.1769e+02
   6.3324e+02   9.4801e+02   7.8902e+02
   6.1712e+02   8.9800e+02   7.5656e+02
   5.9126e+02   8.5525e+02   7.2045e+02
   5.5761e+02   8.2177e+02   6.8087e+02
   5.1852e+02   7.9907e+02   6.3802e+02
   4.7661e+02   7.8810e+02   5.9210e+02
   4.3466e+02   7.8919e+02   5.4332e+02
   3.9544e+02   8.0201e+02   4.9193e+02
   3.6159e+02   8.2561e+02   4.3817e+02
   3.3544e+02   8.5846e+02   3.8231e+02
   3.1892e+02   8.9856e+02   3.2460e+02
   3.1347e+02   9.4348e+02   2.6533e+02
   3.1990e+02   9.9057e+02   2.0478e+02
   3.3842e+02   1.0370e+03   1.4325e+02
   3.6860e+02   1.0801e+03   8.1028e+01
   4.0938e+02   1.1172e+03   1.8416e+01
   4.5912e+02   1.1461e+03  -4.4284e+01
   5.1574e+02   1.1649e+03  -1.0677e+02
   5.7678e+02   1.1723e+03  -1.6874e+02
   6.3952e+02   1.1675e+03  -2.2990e+02
   7.0117e+02   1.1505e+03  -2.8996e+02
   7.5900e+02   1.1218e+03  -3.4862e+02
   8.1045e+02   1.0826e+03  -4.0559e+02
   8.5333e+02   1.0347e+03  -4.6062e+02
   8.8587e+02   9.8010e+02  -5.1343e+02
   9.0685e+02   9.2141e+02  -5.6377e+02
   9.1566e+02   8.6135e+02  -6.1139e+02
   9.1232e+02   8.0272e+02  -6.5608e+02
   8.9751e+02   7.4822e+02  -6.9760e+02
   8.7248e+02   7.0035e+02  -7.3576e+02
   8.3905e+02   6.6125e+02  -7.7039e+02
   7.9945e+02   6.3258e+02  -8.0130e+02
   7.5624e+02   6.1546e+02  -8.2836e+02
   7.1218e+02   6.1039e+02  -8.5143e+02
   6.7006e+02   6.1722e+02  -8.7040e+02
   6.3256e+02   6.3518e+02  -8.8518e+02
   6.0211e+02   6.6289e+02  -8.9570e+02
   5.8078e+02   6.9848e+02  -9.0191e+02
   5.7013e+02   7.3962e+02  -9.0378e+02
   5.7118e+02   7.8371e+02  -9.0130e+02
   5.8429e+02   8.2798e+02  -8.9447e+02
   6.0922e+02   8.6966e+02  -8.8335e+02
   6.4508e+02   9.0609e+02  -8.6797e+02
   6.9038e+02   9.3489e+02  -8.4841e+02
   7.4317e+02   9.5409e+02  -8.2477e+02
   8.0105e+02   9.6221e+02  -7.9715e+02
   8.6140e+02   9.5835e+02  -7.6571e+02
   9.2141e+02   9.4226e+02  -7.3057e+02
   9.7832e+02   9.1430e+02  -6.9192e+02
   1.0295e+03   8.7547e+02  -6.4994e+02
   1.0727e+03   8.2735e+02  -6.0483e+02
   1.1059e+03   7.7198e+02  -5.5680e+02
   1.1279e+03   7.1180e+02  -5.0610e+02
   1.1378e+03   6.4950e+02  -4.5296e+02
   1.1354e+03   5.8786e+02  -3.9764e+02
   1.1213e+03   5.2965e+02  -3.4041e+02
   1.0965e+03   4.7742e+02  -2.8154e+02
   1.0627e+03   4.3343e+02  -2.2131e+02
   1.0221e+03   3.9948e+02  -1.6002e+02
   9.7711e+02   3.7686e+02  -9.7958e+01
   9.3046e+02   3.6623e+02  -3.5424e+01
   8.8495e+02   3.6764e+02   2.7280e+01
   8.4331e+02   3.8049e+02   8.9853e+01
   8.0805e+02   4.0355e+02   1.5199e+02
   7.8136e+02   4.3509e+02   2.1340e+02
   7.6494e+02   4.7290e+02   2.7378e+02
   7.5997e+02   5.1443e+02   3.3285e+02
   7.6701e+02   5.5696e+02   3.9031e+02
   7.8598e+02   5.9770e+02   4.4589e+02
   8.1616e+02   6.3393e+02   4.9932e+02
   8.5624e+02   6.6319e+02   5.5036e+02
   9.0438e+02   6.8339e+02   5.9874e+02
   9.5830e+02   6.9290e+02   6.4424e+02
   1.0154e+03   6.9065e+02   6.8664e+02
   1.0730e+03   6.7620e+02   7.2573e+02
   1.1282e+03   6.4975e+02   7.6133e+02
   1.1784e+03   6.1212e+02   7.9326e+02
   1.2211e+03   5.6473e+02   8.2138e+02
   1.2544e+03   5.0951e+02   8.4554e+02
   1.2767e+03   4.4879e+02   8.6564e+02
   1.2870e+03   3.8522e+02   8.8156e+02
   1.2851e+03   3.2155e+02   8.9324e+02
   1.2712e+03   2.6058e+02   9.0062e+02
   1.2463e+03   2.0493e+02   9.0367e+02
   1.2119e+03   1.5696e+02   9.0237e+02
   1.1699e+03   1.1861e+02   8.9672e+02
   1.1228e+03   9.1322e+01   8.8676e+02
   1.0733e+03   7.5932e+01   8.7252e+02
   1.0242e+03   7.2663e+01   8.5409e+02
   9.7811e+02   8.1090e+01   8.3155e+02
   9.3774e+02   1.0017e+02   8.0500e+02
   9.0535e+02   1.2829e+02   7.7458e+02
   8.8280e+02   1.6337e+02   7.4043e+02
   8.7141e+02   2.0295e+02   7.0272e+02
   8.7193e+02   2.4434e+02   6.6162e+02
   8.8446e+02   2.8474e+02   6.1734e+02
   9.0844e+02   3.2141e+02   5.7009e+02
   9.4274e+02   3.5181e+02   5.2009e+02
   9.8565e+02   3.7372e+02   4.6759e+02
   1.0350e+03   3.8537e+02   4.1284e+02
   1.0883e+03   3.8554e+02   3.5610e+02
   1.1428e+03   3.7360e+02   2.9765e+02
   1.1957e+03   3.4957e+02   2.3776e+02
   1.2443e+03   3.1411e+02   1.7673e+02
   1.2861e+03   2.6847e+02   1.1485e+02
   1.3190e+03   2.1444e+02   5.2423e+01
   1.3412e+03   1.5427e+02  -1.0262e+01
   1.3517e+03   9.0508e+01  -7.2897e+01
   1.3500e+03   2.5910e+01  -1.3518e+02
   1.3361e+03  -3.6731e+01  -1.9681e+02
   1.3108e+03  -9.4728e+01  -2.5750e+02
   1.2756e+03  -1.4563e+02  -3.1695e+02
   1.2322e+03  -1.8738e+02  -3.7487e+02
   1.1830e+03  -2.1839e+02  -4.3098e+02
   1.1306e+03  -2.3763e+02  -4.8503e+02
   1.0778e+03  -2.4471e+02  -5.3673e+02
   1.0272e+03  -2.3988e+02  -5.8586e+02
   9.8171e+02  -2.2402e+02  -6.3216e+02
   9.4355e+02  -1.9857e+02  -6.7542e+02
   9.1476e+02  -1.6550e+02  -7.1543e+02
   8.9681e+02  -1.2718e+02  -7.5199e+02
   8.9063e+02  -8.6246e+01  -7.8494e+02
   8.9648e+02  -4.5483e+01  -8.1410e+02
   9.1401e+02  -7.6584e+00  -8.3935e+02
   9.4223e+02   2.4613e+01  -8.6056e+02
   9.7959e+02   4.9011e+01  -8.7762e+02
   1.0240e+03   6.3631e+01  -8.9046e+02
   1.0731e+03   6.7086e+01  -8.9901e+02
   1.1242e+03   5.8581e+01  -9.0324e+02
   1.1745e+03   3.7952e+01  -9.0311e+02
   1.2213e+03   5.6760e+00  -8.9864e+02
   1.2619e+03  -3.7153e+01  -8.8985e+02
   1.2941e+03  -8.8882e+01  -8.7677e+02
   1.3161e+03  -1.4739e+02  -8.5947e+02
   1.3267e+03  -2.1019e+02  -8.3803e+02
   1.3250e+03  -2.7457e+02  -8.1256e+02
   1.3111e+03  -3.3774e+02  -7.8318e+02
   1.2856e+03  -3.9697e+02  -7.5002e+02
   1.2497e+03  -4.4972e+02  -7.1326e+02
   1.2051e+03  -4.9381e+02  -6.7306e+02
   1.1539e+03  -5.2752e+02  -6.2963e+02
   1.0989e+03  -5.4965e+02  -5.8316e+02
   1.0425e+03  -5.5964e+02  -5.3389e+02
   9.8779e+02  -5.5755e+02  -4.8204e+02
   9.3732e+02  -5.4407e+02  -4.2788e+02
   8.9359e+02  -5.2052e+02  -3.7165e+02
   8.5873e+02  -4.8872e+02  -3.1364e+02
   8.3436e+02  -4.5094e+02  -2.5412e+02
   8.2156e+02  -4.0975e+02  -1.9337e+02
   8.2079e+02  -3.6792e+02  -1.3170e+02
   8.3187e+02  -3.2822e+02  -6.9386e+01
   8.5399e+02  -2.9333e+02  -6.7416e+00
   8.8574e+02  -2.6567e+02   5.5935e+01
   9.2521e+02  -2.4726e+02   1.1834e+02
   9.7006e+02  -2.3966e+02   1.8018e+02
   1.0177e+03  -2.4382e+02   2.4115e+02
   1.0653e+03  -2.6010e+02   3.0096e+02
   1.1101e+03  -2.8818e+02   3.5932e+02
   1.1495e+03  -3.2715e+02   4.1595e+02
   1.1811e+03  -3.7550e+02   4.7058e+02
   1.2030e+03  -4.3123e+02   5.2294e+02
   1.2137e+03  -4.9194e+02   5.7279e+02
   1.2124e+03  -5.5498e+02   6.1987e+02
   1.1988e+03  -6.1756e+02   6.6398e+02
   1.1733e+03  -6.7691e+02   7.0489e+02
   1.1371e+03  -7.3044e+02   7.4240e+02
   1.0916e+03  -7.7585e+02   7.7634e+02
   1.0390e+03  -8.1126e+02   8.0654e+02
   9.8171e+02  -8.3535e+02   8.3287e+02
   9.2243e+02  -8.4736e+02   8.5518e+02
   8.6395e+02  -8.4717e+02   8.7337e+02
   8.0902e+02  -8.3531e+02   8.8737e+02
   7.6019e+02  -8.1292e+02   8.9709e+02
   7.1968e+02  -7.8169e+02   9.0249e+02
   6.8928e+02  -7.4378e+02   9.0354e+02
   6.7023e+02  -7.0168e+02   9.0025e+02
   6.6316e+02  -6.5812e+02   8.9263e+02
   6.6808e+02  -6.1590e+02   8.8070e+02
   6.8434e+02  -5.7772e+02   8.6454e+02
   7.1069e+02  -5.4610e+02   8.4422e+02
   7.4537e+02  -5.2319e+02   8.1983e+02
   7.8613e+02  -5.1066e+02   7.9150e+02
   8.3043e+02  -5.0967e+02   7.5935e+02
   8.7553e+02  -5.2072e+02   7.2356e+02
   9.1863e+02  -5.4370e+02   6.8427e+02
   9.5703e+02  -5.7786e+02   6.4170e+02
   9.8830e+02  -6.2184e+02   5.9604e+02
   1.0104e+03  -6.7378e+02   5.4750e+02
   1.0216e+03  -7.3139e+02   4.9634e+02
   1.0210e+03  -7.9205e+02   4.4278e+02
   1.0082e+03  -8.5301e+02   3.8709e+02
   9.8337e+02  -9.1147e+02   3.2954e+02
   9.4740e+02  -9.6479e+02   2.7040e+02
   9.0173e+02  -1.0106e+03   2.0996e+02
   8.4832e+02  -1.0468e+03   1.4851e+02
   7.8954e+02  -1.0720e+03   8.6346e+01
   7.2801e+02  -1.0852e+03   2.3765e+01
   6.6653e+02  -1.0862e+03  -3.8930e+01
   6.0786e+02  -1.0753e+03  -1.0144e+02
   5.5464e+02  -1.0534e+03  -1.6346e+02
   5.0917e+02  -1.0222e+03  -2.2469e+02
   4.7339e+02  -9.8357e+02  -2.8484e+02
   4.4870e+02  -9.4003e+02  -3.4362e+02
   4.3589e+02  -8.9423e+02  -4.0074e+02
   4.3516e+02  -8.4896e+02  -4.5594e+02
   4.4604e+02  -8.0696e+02  -5.0894e+02
   4.6745e+02  -7.7083e+02  -5.5949e+02
   4.9775e+02  -7.4282e+02  -6.0735e+02
   5.3483e+02  -7.2476e+02  -6.5229e+02
   5.7621e+02  -7.1794e+02  -6.9408e+02
   6.1919e+02  -7.2306e+02  -7.3253e+02
   6.6098e+02  -7.4019e+02  -7.6746e+02
   6.9884e+02  -7.6875e+02  -7.9869e+02
   7.3024e+02  -8.0754e+02  -8.2608e+02
   7.5299e+02  -8.5484e+02  -8.4949e+02
   7.6536e+02  -9.0846e+02  -8.6881e+02
   7.6615e+02  -9.6587e+02  -8.8395e+02
   7.5478e+02  -1.0243e+03  -8.9484e+02
   7.3129e+02  -1.0811e+03  -9.0141e+02
   6.9639e+02  -1.1334e+03  -9.0365e+02
   6.5137e+02  -1.1787e+03  -9.0154e+02
   5.9803e+02  -1.2150e+03  -8.9508e+02
   5.3866e+02  -1.2406e+03  -8.8432e+02
   4.7582e+02  -1.2545e+03  -8.6931e+02
   4.1226e+02  -1.2560e+03  -8.5010e+02
   3.5078e+02  -1.2455e+03  -8.2681e+02
   2.9406e+02  -1.2237e+03  -7.9953e+02
   2.4452e+02  -1.1921e+03  -7.6841e+02
   2.0420e+02  -1.1524e+03  -7.3359e+02
   1.7466e+02  -1.1071e+03  -6.9524e+02
   1.5688e+02  -1.0587e+03  -6.5354e+02
   1.5122e+02  -1.0100e+03  -6.0869e+02
   1.5739e+02  -9.6388e+02  -5.6091e+02
   1.7449e+02  -9.2288e+02  -5.1044e+02
   2.0101e+02  -8.8939e+02  -4.5751e+02
   2.3498e+02  -8.6537e+02  -4.0237e+02
   2.7401e+02  -8.5228e+02  -3.4530e+02
   3.1544e+02  -8.5098e+02  -2.8657e+02
   3.5650e+02  -8.6172e+02  -2.2645e+02
   3.9441e+02  -8.8410e+02  -1.6525e+02
   4.2657e+02  -9.1710e+02  -1.0325e+02
   4.5069e+02  -9.5912e+02  -4.0757e+01
   4.6489e+02  -1.0081e+03   2.1935e+01
   4.6782e+02  -1.0616e+03   8.4520e+01
   4.5872e+02  -1.1169e+03   1.4670e+02
   4.3747e+02  -1.1713e+03   2.0817e+02
   4.0457e+02  -1.2219e+03   2.6864e+02
   3.6116e+02  -1.2662e+03   3.2782e+02
   3.0893e+02  -1.3021e+03   3.8542e+02
   2.5001e+02  -1.3276e+03   4.4116e+02
   1.8691e+02  -1.3417e+03   4.9478e+02
   1.2235e+02  -1.3435e+03   5.4602e+02
   5.9128e+01  -1.3331e+03   5.9463e+02
  -3.7458e-02  -1.3111e+03   6.4037e+02
  -5.2634e+01  -1.2788e+03   6.8304e+02
  -9.6500e+01  -1.2379e+03   7.2241e+02
  -1.2994e+02  -1.1906e+03   7.5831e+02
  -1.5179e+02  -1.1396e+03   7.9056e+02
  -1.6153e+02  -1.0874e+03   8.1901e+02
  -1.5926e+02  -1.0370e+03   8.4351e+02
  -1.4572e+02  -9.9105e+02   8.6395e+02
  -1.2224e+02  -9.5196e+02   8.8023e+02
  -9.0675e+01  -9.2182e+02   8.9227e+02
  -5.3320e+01  -9.0225e+02   9.0002e+02
  -1.2764e+01  -8.9429e+02   9.0344e+02
   2.8230e+01  -8.9837e+02   9.0251e+02
   6.6880e+01  -9.1425e+02   8.9723e+02
   1.0052e+02  -9.4108e+02   8.8763e+02
   1.2676e+02  -9.7744e+02   8.7377e+02
   1.4360e+02  -1.0214e+03   8.5569e+02
   1.4952e+02  -1.0705e+03   8.3350e+02
   1.4359e+02  -1.1223e+03   8.0729e+02
   1.2551e+02  -1.1739e+03   7.7720e+02
   9.5620e+01  -1.2225e+03   7.4337e+02
   5.4877e+01  -1.2655e+03   7.0596e+02
   4.8178e+00  -1.3006e+03   6.6515e+02
  -5.2529e+01  -1.3258e+03   6.2114e+02
  -1.1475e+02  -1.3398e+03   5.7414e+02
  -1.7917e+02  -1.3417e+03   5.2437e+02
  -2.4301e+02  -1.3314e+03   4.7208e+02
  -3.0349e+02  -1.3092e+03   4.1752e+02
  -3.5805e+02  -1.2763e+03   3.6095e+02
  -4.0440e+02  -1.2342e+03   3.0265e+02
  -4.4072e+02  -1.1852e+03   2.4288e+02
  -4.6568e+02  -1.1316e+03   1.8195e+02
  -4.7857e+02  -1.0761e+03   1.2014e+02
  -4.7933e+02  -1.0216e+03   5.7750e+01
  -4.6851e+02  -9.7083e+02  -4.9160e+00
  -4.4729e+02  -9.2626e+02  -6.7558e+01
  -4.1738e+02  -8.9012e+02  -1.2987e+02
  -3.8097e+02  -8.6415e+02  -1.9157e+02
  -3.4058e+02  -8.4956e+02  -2.5234e+02
  -2.9893e+02  -8.4695e+02  -3.1189e+02
  -2.5882e+02  -8.5629e+02  -3.6994e+02
  -2.2295e+02  -8.7688e+02  -4.2622e+02
  -1.9382e+02  -9.0747e+02  -4.8044e+02
  -1.7354e+02  -9.4622e+02  -5.3234e+02
  -1.6378e+02  -9.9090e+02  -5.8169e+02
  -1.6563e+02  -1.0389e+03  -6.2823e+02
  -1.7957e+02  -1.0876e+03  -6.7175e+02
  -2.0546e+02  -1.1340e+03  -7.1204e+02
  -2.4249e+02  -1.1756e+03  -7.4890e+02
  -2.8928e+02  -1.2099e+03  -7.8215e+02
  -3.4395e+02  -1.2348e+03  -8.1164e+02
  -4.0416e+02  -1.2489e+03  -8.3722e+02
  -4.6730e+02  -1.2510e+03  -8.5878e+02
  -5.3061e+02  -1.2409e+03  -8.7619e+02
  -5.9130e+02  -1.2188e+03  -8.8939e+02
  -6.4672e+02  -1.1855e+03  -8.9831e+02
  -6.9450e+02  -1.1427e+03  -9.0291e+02
  -7.3268e+02  -1.0922e+03  -9.0315e+02
  -7.5978e+02  -1.0365e+03  -8.9905e+02
  -7.7492e+02  -9.7814e+02  -8.9063e+02
  -7.7785e+02  -9.1999e+02  -8.7791e+02
  -7.6894e+02  -8.6478e+02  -8.6097e+02
  -7.4922e+02  -8.1514e+02  -8.3989e+02
  -7.2024e+02  -7.7336e+02  -8.1476e+02
  -6.8408e+02  -7.4133e+02  -7.8571e+02
  -6.4317e+02  -7.2042e+02  -7.5288e+02
  -6.0020e+02  -7.1139e+02  -7.1642e+02
  -5.5795e+02  -7.1440e+02  -6.7652e+02
  -5.1917e+02  -7.2894e+02  -6.3336e+02
  -4.8643e+02  -7.5390e+02  -5.8715e+02
  -4.6196e+02  -7.8760e+02  -5.3811e+02
  -4.4757e+02  -8.2791e+02  -4.8648e+02
  -4.4450e+02  -8.7233e+02  -4.3252e+02
  -4.5344e+02  -9.1816e+02  -3.7647e+02
  -4.7438e+02  -9.6259e+02  -3.1861e+02
  -5.0673e+02  -1.0029e+03  -2.5921e+02
  -5.4925e+02  -1.0366e+03  -1.9857e+02
  -6.0019e+02  -1.0615e+03  -1.3697e+02
  -6.5733e+02  -1.0759e+03  -7.4713e+01
  -7.1814e+02  -1.0786e+03  -1.2096e+01
  -7.7985e+02  -1.0691e+03   5.0580e+01
  -8.3970e+02  -1.0475e+03   1.1301e+02
  -8.9496e+02  -1.0145e+03   1.7490e+02
  -9.4319e+02  -9.7139e+02   2.3594e+02
  -9.8229e+02  -9.2010e+02   2.9585e+02
  -1.0106e+03  -8.6289e+02   3.5434e+02
  -1.0272e+03  -8.0233e+02   4.1112e+02
  -1.0315e+03  -7.4119e+02   4.6592e+02
  -1.0238e+03  -6.8225e+02   5.1848e+02
  -1.0049e+03  -6.2819e+02   5.6854e+02
  -9.7619e+02  -5.8140e+02   6.1587e+02
  -9.3968e+02  -5.4391e+02   6.6023e+02
  -8.9768e+02  -5.1723e+02   7.0141e+02
  -8.5282e+02  -5.0231e+02   7.3922e+02
  -8.0788e+02  -4.9947e+02   7.7346e+02
  -7.6563e+02  -5.0839e+02   8.0399e+02
  -7.2869e+02  -5.2811e+02   8.3064e+02
  -6.9941e+02  -5.5713e+02   8.5330e+02
  -6.7973e+02  -5.9342e+02   8.7185e+02
  -6.7106e+02  -6.3457e+02   8.8620e+02
  -6.7424e+02  -6.7792e+02   8.9628e+02
  -6.8946e+02  -7.2068e+02   9.0205e+02
  -7.1630e+02  -7.6011e+02   9.0348e+02
  -7.5369e+02  -7.9360e+02   9.0056e+02
  -8.0002e+02  -8.1888e+02   8.9330e+02
  -8.5318e+02  -8.3411e+02   8.8175e+02
  -9.1072e+02  -8.3797e+02   8.6595e+02
  -9.6993e+02  -8.2973e+02   8.4598e+02
  -1.0280e+03  -8.0931e+02   8.2194e+02
  -1.0823e+03  -7.7726e+02   7.9394e+02
  -1.1301e+03  -7.3474e+02   7.6212e+02
  -1.1693e+03  -6.8347e+02   7.2663e+02
  -1.1982e+03  -6.2562e+02   6.8765e+02
  -1.2154e+03  -5.6371e+02   6.4535e+02
  -1.2205e+03  -5.0046e+02   5.9995e+02
  -1.2134e+03  -4.3867e+02   5.5166e+02
  -1.1947e+03  -3.8105e+02   5.0071e+02
  -1.1659e+03  -3.3010e+02   4.4736e+02
  -1.1286e+03  -2.8796e+02   3.9185e+02
  -1.0851e+03  -2.5628e+02   3.3445e+02
  -1.0379e+03  -2.3619e+02   2.7545e+02
  -9.8991e+02  -2.2819e+02   2.1512e+02
  -9.4379e+02  -2.3212e+02   1.5375e+02
  -9.0225e+02  -2.4723e+02   9.1643e+01
  -8.6774e+02  -2.7213e+02   2.9095e+01
  -8.4231e+02  -3.0493e+02  -3.3593e+01
  -8.2753e+02  -3.4335e+02  -9.6119e+01
  -8.2441e+02  -3.8475e+02  -1.5818e+02
  -8.3334e+02  -4.2639e+02  -2.1948e+02
  -8.5404e+02  -4.6547e+02  -2.7973e+02
  -8.8564e+02  -4.9935e+02  -3.3863e+02
  -9.2666e+02  -5.2566e+02  -3.9589e+02
  -9.7513e+02  -5.4241e+02  -4.5126e+02
  -1.0287e+03  -5.4813e+02  -5.0445e+02
  -1.0847e+03  -5.4193e+02  -5.5521e+02
  -1.1403e+03  -5.2354e+02  -6.0330e+02
  -1.1928e+03  -4.9333e+02  -6.4848e+02
  -1.2396e+03  -4.5230e+02  -6.9054e+02
  -1.2783e+03  -4.0202e+02  -7.2928e+02
  -1.3071e+03  -3.4455e+02  -7.6451e+02
  -1.3246e+03  -2.8231e+02  -7.9606e+02
  -1.3300e+03  -2.1799e+02  -8.2377e+02
  -1.3231e+03  -1.5438e+02  -8.4753e+02
  -1.3044e+03  -9.4237e+01  -8.6720e+02
  -1.2751e+03  -4.0125e+01  -8.8269e+02
  -1.2368e+03   5.7078e+00  -8.9394e+02
  -1.1916e+03   4.1450e+01  -9.0088e+02
  -1.1420e+03   6.5826e+01  -9.0349e+02
  -1.0907e+03   7.8160e+01  -9.0175e+02
  -1.0406e+03   7.8415e+01  -8.9567e+02
  -9.9428e+02   6.7192e+01  -8.8527e+02
  -9.5434e+02   4.5698e+01  -8.7062e+02
  -9.2294e+02   1.5685e+01  -8.5177e+02
  -9.0180e+02  -2.0646e+01  -8.2883e+02
  -8.9209e+02  -6.0759e+01  -8.0189e+02
  -8.9437e+02  -1.0192e+02  -7.7109e+02
  -9.0856e+02  -1.4133e+02  -7.3659e+02
  -9.3395e+02  -1.7629e+02  -6.9853e+02
  -9.6922e+02  -2.0435e+02  -6.5712e+02
  -1.0125e+03  -2.2339e+02  -6.1254e+02
  -1.0616e+03  -2.3179e+02  -5.6501e+02
  -1.1139e+03  -2.2850e+02  -5.1477e+02
  -1.1666e+03  -2.1305e+02  -4.6204e+02
  -1.2169e+03  -1.8566e+02  -4.0709e+02
  -1.2622e+03  -1.4715e+02  -3.5019e+02
  -1.3001e+03  -9.8922e+01  -2.9159e+02
  -1.3285e+03  -4.2919e+01  -2.3160e+02
  -1.3460e+03   1.8524e+01  -1.7049e+02
  -1.3514e+03   8.2782e+01  -1.0855e+02
  -1.3446e+03   1.4708e+02  -4.6099e+01
  -1.3258e+03   2.0863e+02   1.6577e+01
  -1.2960e+03   2.6482e+02   7.9174e+01
  -1.2567e+03   3.1328e+02   1.4139e+02
  -1.2098e+03   3.5207e+02   2.0292e+02
  -1.1579e+03   3.7975e+02   2.6348e+02
  -1.1035e+03   3.9549e+02   3.2277e+02
  -1.0494e+03   3.9906e+02   3.8051e+02
  -9.9839e+02   3.9089e+02   4.3641e+02
  -9.5310e+02   3.7201e+02   4.9021e+02
  -9.1577e+02   3.4404e+02   5.4166e+02
  -8.8828e+02   3.0906e+02   5.9049e+02
  -8.7195e+02   2.6953e+02   6.3649e+02
  -8.6752e+02   2.2814e+02   6.7942e+02
  -8.7510e+02   1.8768e+02   7.1908e+02
  -8.9413e+02   1.5090e+02   7.5527e+02
  -9.2347e+02   1.2033e+02   7.8784e+02
  -9.6143e+02   9.8200e+01   8.1661e+02
  -1.0058e+03   8.6267e+01   8.4144e+02
  -1.0542e+03   8.5763e+01   8.6223e+02
  -1.1037e+03   9.7309e+01   8.7887e+02
  -1.1517e+03   1.2089e+02   8.9127e+02
  -1.1954e+03   1.5585e+02   8.9939e+02
  -1.2323e+03   2.0094e+02   9.0318e+02
  -1.2602e+03   2.5436e+02   9.0261e+02
  -1.2776e+03   3.1388e+02   8.9771e+02
  -1.2832e+03   3.7693e+02   8.8848e+02
  -1.2766e+03   4.4077e+02   8.7497e+02
  -1.2578e+03   5.0260e+02   8.5726e+02
  -1.2277e+03   5.5975e+02   8.3542e+02
  -1.1876e+03   6.0976e+02   8.0955e+02
  -1.1394e+03   6.5056e+02   7.7979e+02
  -1.0854e+03   6.8057e+02   7.4627e+02
  -1.0282e+03   6.9877e+02   7.0917e+02
  -9.7055e+02   7.0477e+02   6.6865e+02
  -9.1524e+02   6.9881e+02   6.2491e+02
  -8.6492e+02   6.8176e+02   5.7816e+02
  -8.2199e+02   6.5509e+02   5.2863e+02
  -7.8844e+02   6.2074e+02   4.7655e+02
  -7.6574e+02   5.8109e+02   4.2218e+02
  -7.5480e+02   5.3878e+02   3.6578e+02
  -7.5592e+02   4.9659e+02   3.0762e+02
  -7.6873e+02   4.5728e+02   2.4798e+02
  -7.9224e+02   4.2347e+02   1.8714e+02
  -8.2490e+02   3.9748e+02   1.2541e+02
  -8.6467e+02   3.8122e+02   6.3064e+01
  -9.0912e+02   3.7607e+02   4.2051e-01
  -9.5558e+02   3.8283e+02  -6.2225e+01
  -1.0013e+03   4.0166e+02  -1.2457e+02
  -1.0434e+03   4.3208e+02  -1.8632e+02
  -1.0794e+03   4.7301e+02  -2.4717e+02
  -1.1071e+03   5.2278e+02  -3.0683e+02
  -1.1246e+03   5.7929e+02  -3.6501e+02
  -1.1306e+03   6.4005e+02  -4.2143e+02
  -1.1245e+03   7.0234e+02  -4.7583e+02
  -1.1062e+03   7.6338e+02  -5.2794e+02
  -1.0763e+03   8.2043e+02  -5.7750e+02
  -1.0359e+03   8.7096e+02  -6.2429e+02
  -9.8693e+02   9.1280e+02  -6.6807e+02
  -9.3146e+02   9.4420e+02  -7.0863e+02
  -8.7205e+02   9.6399e+02  -7.4578e+02
  -8.1143e+02   9.7160e+02  -7.7934e+02
  -7.5240e+02   9.6708e+02  -8.0915e+02
  -6.9767e+02   9.5114e+02  -8.3507e+02
  -6.4971e+02   9.2508e+02  -8.5697e+02
  -6.1063e+02   8.9073e+02  -8.7474e+02
  -5.8207e+02   8.5035e+02  -8.8830e+02
  -5.6510e+02   8.0652e+02  -8.9758e+02
  -5.6019e+02   7.6200e+02  -9.0254e+02
  -5.6715e+02   7.1956e+02  -9.0316e+02
  -5.8517e+02   6.8190e+02  -8.9943e+02
  -6.1286e+02   6.5141e+02  -8.9138e+02
  -6.4829e+02   6.3013e+02  -8.7903e+02
  -6.8914e+02   6.1961e+02  -8.6245e+02
  -7.3278e+02   6.2081e+02  -8.4171e+02
  -7.7644e+02   6.3407e+02  -8.1693e+02
  -8.1735e+02   6.5910e+02  -7.8821e+02
  -8.5288e+02   6.9497e+02  -7.5570e+02
  -8.8065e+02   7.4018e+02  -7.1956e+02
  -8.9874e+02   7.9273e+02  -6.7995e+02
  -9.0568e+02   8.5023e+02  -6.3706e+02
  -9.0063e+02   9.1001e+02  -5.9111e+02
  -8.8336e+02   9.6929e+02  -5.4231e+02
  -8.5427e+02   1.0253e+03  -4.9091e+02
  -8.1441e+02   1.0755e+03  -4.3714e+02
  -7.6536e+02   1.1175e+03  -3.8127e+02
  -7.0922e+02   1.1495e+03  -3.2356e+02
  -6.4843e+02   1.1701e+03  -2.6429e+02
  -5.8568e+02   1.1786e+03  -2.0375e+02
  -5.2377e+02   1.1749e+03  -1.4223e+02
  -4.6545e+02   1.1595e+03  -8.0029e+01
  -4.1325e+02   1.1335e+03  -1.7441e+01
  -3.6942e+02   1.0986e+03   4.5232e+01
  -3.3573e+02   1.0571e+03   1.0769e+02
  -3.1342e+02   1.0113e+03   1.6962e+02
  -3.0312e+02   9.6399e+02   2.3074e+02
  -3.0485e+02   9.1799e+02   2.9075e+02
  -3.1795e+02   8.7602e+02   3.4936e+02
  -3.4119e+02   8.4056e+02   4.0629e+02
  -3.7279e+02   8.1376e+02   4.6126e+02
  -4.1052e+02   7.9733e+02   5.1401e+02
  -4.5183e+02   7.9238e+02   5.6429e+02
  -4.9398e+02   7.9945e+02   6.1185e+02
  -5.3417e+02   8.1842e+02   6.5647e+02

