   5.4635e+02   2.9764e+01   2.0692e+02
   5.6151e+02  -8.2708e+01   1.8908e+02
   5.5072e+02  -1.9591e+02   1.7033e+02
   5.1451e+02  -3.0390e+02   1.5076e+02
   4.5473e+02  -4.0101e+02   1.3047e+02
   3.7449e+02  -4.8216e+02   1.0955e+02
   2.7797e+02  -5.4308e+02   8.8095e+01
   1.7021e+02  -5.8061e+02   6.6221e+01
   5.6843e+01  -5.9279e+02   4.4027e+01
  -5.6190e+01  -5.7902e+02   2.1622e+01
  -1.6298e+02  -5.4006e+02  -8.8764e-01
  -2.5794e+02  -4.7800e+02  -2.3393e+01
  -3.3612e+02  -3.9616e+02  -4.5785e+01
  -3.9344e+02  -2.9887e+02  -6.7958e+01
  -4.2694e+02  -1.9133e+02  -8.9803e+01
  -4.3490e+02  -7.9232e+01  -1.1122e+02
  -4.1696e+02   3.1465e+01  -1.3209e+02
  -3.7412e+02   1.3489e+02  -1.5233e+02
  -3.0871e+02   2.2554e+02  -1.7184e+02
  -2.2425e+02   2.9861e+02  -1.9052e+02
  -1.2524e+02   3.5020e+02  -2.0829e+02
  -1.6991e+01   3.7757e+02  -2.2505e+02
   9.4735e+01   3.7925e+02  -2.4073e+02
   2.0397e+02   3.5511e+02  -2.5525e+02
   3.0489e+02   3.0640e+02  -2.6854e+02
   3.9210e+02   2.3568e+02  -2.8054e+02
   4.6093e+02   1.4666e+02  -2.9118e+02
   5.0769e+02   4.4002e+01  -3.0043e+02
   5.2985e+02  -6.6883e+01  -3.0823e+02
   5.2617e+02  -1.8017e+02  -3.1454e+02
   4.9679e+02  -2.8988e+02  -3.1935e+02
   4.4319e+02  -3.9027e+02  -3.2261e+02
   3.6814e+02  -4.7603e+02  -3.2432e+02
   2.7556e+02  -5.4267e+02  -3.2447e+02
   1.7025e+02  -5.8668e+02  -3.2306e+02
   5.7722e+01  -6.0575e+02  -3.2010e+02
  -5.6145e+01  -5.9891e+02  -3.1559e+02
  -1.6540e+02  -5.6652e+02  -3.0956e+02
  -2.6434e+02  -5.1032e+02  -3.0204e+02
  -3.4780e+02  -4.3329e+02  -2.9307e+02
  -4.1144e+02  -3.3951e+02  -2.8269e+02
  -4.5197e+02  -2.3395e+02  -2.7095e+02
  -4.6729e+02  -1.2220e+02  -2.5790e+02
  -4.5668e+02  -1.0182e+01  -2.4362e+02
  -4.2076e+02   9.6186e+01  -2.2816e+02
  -3.6148e+02   1.9127e+02  -2.1160e+02
  -2.8204e+02   2.7004e+02  -1.9402e+02
  -1.8671e+02   3.2831e+02  -1.7551e+02
  -8.0588e+01   3.6302e+02  -1.5615e+02
   3.0664e+01   3.7230e+02  -1.3604e+02
   1.4110e+02   3.5566e+02  -1.1528e+02
   2.4482e+02   3.1398e+02  -9.3964e+01
   3.3629e+02   2.4945e+02  -7.2194e+01
   4.1061e+02   1.6546e+02  -5.0077e+01
   4.6378e+02   6.6458e+01  -2.7718e+01
   4.9293e+02  -4.2346e+01  -5.2265e+00
   4.9646e+02  -1.5521e+02   1.7291e+01
   4.7412e+02  -2.6617e+02   3.9724e+01
   4.2701e+02  -3.6937e+02   6.1967e+01
   3.5757e+02  -4.5937e+02   8.3911e+01
   2.6939e+02  -5.3141e+02   1.0545e+02
   1.6706e+02  -5.8169e+02   1.2648e+02
   5.5930e+01  -6.0756e+02   1.4691e+02
  -5.8207e+01  -6.0764e+02   1.6663e+02
  -1.6939e+02  -5.8194e+02   1.8554e+02
  -2.7180e+02  -5.3181e+02   2.0356e+02
  -3.6011e+02  -4.5989e+02   2.2060e+02
  -4.2971e+02  -3.6998e+02   2.3658e+02
  -4.7700e+02  -2.6683e+02   2.5142e+02
  -4.9954e+02  -1.5588e+02   2.6505e+02
  -4.9621e+02  -4.2976e+01   2.7741e+02
  -4.6725e+02   6.5914e+01   2.8843e+02
  -4.1425e+02   1.6505e+02   2.9806e+02
  -3.4009e+02   2.4920e+02   3.0626e+02
  -2.4874e+02   3.1393e+02   3.1298e+02
  -1.4508e+02   3.5583e+02   3.1819e+02
  -3.4676e+01   3.7270e+02   3.2188e+02
   7.6594e+01   3.6365e+02   3.2401e+02
   1.8278e+02   3.2918e+02   3.2459e+02
   2.7822e+02   2.7111e+02   3.2360e+02
   3.5780e+02   1.9252e+02   3.2105e+02
   4.1725e+02   9.7582e+01   3.1696e+02
   4.5338e+02  -8.6823e+00   3.1135e+02
   4.6420e+02  -1.2065e+02   3.0423e+02
   4.4908e+02  -2.3238e+02   2.9565e+02
   4.0875e+02  -3.3797e+02   2.8565e+02
   3.4529e+02  -4.3183e+02   2.7427e+02
   2.6198e+02  -5.0897e+02   2.6157e+02
   1.6316e+02  -5.6531e+02   2.4761e+02
   5.3974e+01  -5.9786e+02   2.3246e+02
  -5.9864e+01  -6.0488e+02   2.1620e+02
  -1.7241e+02  -5.8597e+02   1.9889e+02
  -2.7778e+02  -5.4212e+02   1.8062e+02
  -3.7047e+02  -4.7562e+02   1.6148e+02
  -4.4565e+02  -3.8996e+02   1.4157e+02
  -4.9941e+02  -2.8965e+02   1.2098e+02
  -5.2898e+02  -1.7996e+02   9.9800e+01
  -5.3285e+02  -6.6655e+01   7.8142e+01
  -5.1088e+02   4.4295e+01   5.6109e+01
  -4.6430e+02   1.4706e+02   3.3805e+01
  -3.9562e+02   2.3624e+02   1.1339e+01
  -3.0853e+02   3.0714e+02  -1.1182e+01
  -2.0769e+02   3.5605e+02  -3.3649e+01
  -9.8492e+01   3.8042e+02  -5.5955e+01
   1.3242e+01   3.7898e+02  -7.7990e+01
   1.2155e+02   3.5183e+02  -9.9651e+01
   2.2065e+02   3.0045e+02  -1.2083e+02
   3.0526e+02   2.2758e+02  -1.4143e+02
   3.7084e+02   1.3708e+02  -1.6135e+02
   4.1387e+02   3.3777e+01  -1.8049e+02
   4.3202e+02  -7.6845e+01  -1.9876e+02
   4.2428e+02  -1.8891e+02  -2.1608e+02
   3.9100e+02  -2.9648e+02  -2.3236e+02
   3.3388e+02  -3.9382e+02  -2.4751e+02
   2.5587e+02  -4.7577e+02  -2.6148e+02
   1.6105e+02  -5.3796e+02  -2.7419e+02
   5.4360e+01  -5.7708e+02  -2.8557e+02
  -5.8617e+01  -5.9102e+02  -2.9559e+02
  -1.7197e+02  -5.7901e+02  -3.0418e+02
  -2.7976e+02  -5.4165e+02  -3.1130e+02
  -3.7637e+02  -4.8088e+02  -3.1693e+02
  -4.5672e+02  -3.9986e+02  -3.2103e+02
  -5.1665e+02  -3.0284e+02  -3.2359e+02
  -5.5303e+02  -1.9490e+02  -3.2459e+02
  -5.6400e+02  -8.1703e+01  -3.2402e+02
  -5.4903e+02   3.0811e+01  -3.2190e+02
  -5.0896e+02   1.3674e+02  -3.1822e+02
  -4.4596e+02   2.3053e+02  -3.1302e+02
  -3.6341e+02   3.0728e+02  -3.0631e+02
  -2.6572e+02   3.6296e+02  -2.9812e+02
  -1.5810e+02   3.9468e+02  -2.8850e+02
  -4.6286e+01   4.0081e+02  -2.7749e+02
   6.3773e+01   3.8108e+02  -2.6515e+02
   1.6621e+02   3.3656e+02  -2.5152e+02
   2.5557e+02   2.6965e+02  -2.3669e+02
   3.2709e+02   1.8393e+02  -2.2072e+02
   3.7694e+02   8.3971e+01  -2.0368e+02
   4.0243e+02  -2.4895e+01  -1.8567e+02
   4.0218e+02  -1.3688e+02  -1.6676e+02
   3.7616e+02  -2.4601e+02  -1.4705e+02
   3.2569e+02  -3.4649e+02  -1.2663e+02
   2.5340e+02  -4.3295e+02  -1.0560e+02
   1.6305e+02  -5.0079e+02  -8.4063e+01
   5.9378e+01  -5.4636e+02  -6.2121e+01
  -5.2188e+01  -5.6722e+02  -3.9880e+01
  -1.6580e+02  -5.6222e+02  -1.7447e+01
  -2.7550e+02  -5.3155e+02   5.0699e+00
  -3.7553e+02  -4.7681e+02   2.7562e+01
  -4.6065e+02  -4.0082e+02   4.9922e+01
  -5.2641e+02  -3.0755e+02   7.2042e+01
  -5.6938e+02  -2.0186e+02   9.3814e+01
  -5.8733e+02  -8.9300e+01   1.1514e+02
  -5.7934e+02   2.4251e+01   1.3590e+02
  -5.4588e+02   1.3285e+02   1.5602e+02
  -4.8875e+02   2.3081e+02   1.7538e+02
  -4.1102e+02   3.1301e+02   1.9389e+02
  -3.1681e+02   3.7517e+02   2.1148e+02
  -2.1115e+02   4.1406e+02   2.2804e+02
  -9.9641e+01   4.2768e+02   2.4351e+02
   1.1781e+01   4.1536e+02   2.5781e+02
   1.1720e+02   3.7782e+02   2.7086e+02
   2.1101e+02   3.1709e+02   2.8262e+02
   2.8824e+02   2.3644e+02   2.9301e+02
   3.4475e+02   1.4018e+02   3.0199e+02
   3.7755e+02   3.3459e+01   3.0951e+02
   3.8486e+02  -7.8036e+01   3.1555e+02
   3.6627e+02  -1.8835e+02   3.2007e+02
   3.2273e+02  -2.9161e+02   3.2305e+02
   2.5651e+02  -3.8230e+02   3.2447e+02
   1.7108e+02  -4.5556e+02   3.2433e+02
   7.0915e+01  -5.0748e+02   3.2263e+02
  -3.8715e+01  -5.3524e+02   3.1937e+02
  -1.5205e+02  -5.3733e+02   3.1458e+02
  -2.6313e+02  -5.1357e+02   3.0828e+02
  -3.6612e+02  -4.6515e+02   3.0049e+02
  -4.5560e+02  -3.9458e+02   2.9125e+02
  -5.2687e+02  -3.0552e+02   2.8061e+02
  -5.7619e+02  -2.0261e+02   2.6863e+02
  -6.0098e+02  -9.1221e+01   2.5534e+02
  -5.9995e+02   2.2820e+01   2.4083e+02
  -5.7318e+02   1.3355e+02   2.2516e+02
  -5.2211e+02   2.3519e+02   2.0841e+02
  -4.4946e+02   3.2244e+02   1.9065e+02
  -3.5907e+02   3.9074e+02   1.7198e+02
  -2.5575e+02   4.3655e+02   1.5247e+02
  -1.4497e+02   4.5752e+02   1.3224e+02
  -3.2604e+01   4.5260e+02   1.1136e+02
   7.5404e+01   4.2211e+02   8.9953e+01
   1.7333e+02   3.6774e+02   6.8111e+01
   2.5598e+02   2.9241e+02   4.5941e+01
   3.1898e+02   2.0017e+02   2.3549e+01
   3.5899e+02   9.5946e+01   1.0443e+00
   3.7387e+02  -1.4681e+01  -2.1466e+01
   3.6284e+02  -1.2581e+02  -4.3872e+01
   3.2645e+02  -2.3150e+02  -6.6067e+01
   2.6662e+02  -3.2612e+02  -8.7945e+01
   1.8649e+02  -4.0459e+02  -1.0940e+02
   9.0297e+01  -4.6272e+02  -1.3033e+02
  -1.6903e+01  -4.9735e+02  -1.5063e+02
  -1.2945e+02  -5.0661e+02  -1.7020e+02
  -2.4142e+02  -4.8993e+02  -1.8896e+02
  -3.4690e+02  -4.4814e+02  -2.0680e+02
  -4.4032e+02  -3.8336e+02  -2.2365e+02
  -5.1676e+02  -2.9897e+02  -2.3943e+02
  -5.7220e+02  -1.9934e+02  -2.5405e+02
  -6.0370e+02  -8.9682e+01  -2.6745e+02
  -6.0961e+02   2.4285e+01  -2.7956e+02
  -5.8961e+02   1.3661e+02  -2.9032e+02
  -5.4478e+02   2.4142e+02  -2.9969e+02
  -4.7748e+02   3.3325e+02  -3.0762e+02
  -3.9127e+02   4.0731e+02  -3.1406e+02
  -2.9069e+02   4.5977e+02  -3.1899e+02
  -1.8107e+02   4.8791e+02  -3.2239e+02
  -6.8197e+01   4.9031e+02  -3.2424e+02
   4.1975e+01   4.6692e+02  -3.2452e+02
   1.4363e+02   4.1903e+02  -3.2324e+02
   2.3139e+02   3.4925e+02  -3.2041e+02
   3.0063e+02   2.6131e+02  -3.1603e+02
   3.4770e+02   1.5994e+02  -3.1014e+02
   3.7012e+02   5.0549e+01  -3.0275e+02
   3.6670e+02  -6.1018e+01  -2.9390e+02
   3.3763e+02  -1.6880e+02  -2.8364e+02
   2.8445e+02  -2.6704e+02  -2.7201e+02
   2.0999e+02  -3.5049e+02  -2.5907e+02
   1.1817e+02  -4.1467e+02  -2.4489e+02
   1.3860e+01  -4.5613e+02  -2.2953e+02
  -9.7426e+01  -4.7261e+02  -2.1306e+02
  -2.0980e+02  -4.6318e+02  -1.9557e+02
  -3.1732e+02  -4.2827e+02  -1.7713e+02
  -4.1429e+02  -3.6966e+02  -1.5784e+02
  -4.9558e+02  -2.9037e+02  -1.3780e+02
  -5.5689e+02  -1.9454e+02  -1.1709e+02
  -5.9496e+02  -8.7160e+01  -9.5812e+01
  -6.0777e+02   2.6166e+01  -7.4077e+01
  -5.9463e+02   1.3952e+02  -5.1985e+01
  -5.5622e+02   2.4697e+02  -2.9643e+01
  -4.9455e+02   3.4291e+02  -7.1580e+00
  -4.1286e+02   4.2234e+02   1.5361e+01
  -3.1545e+02   4.8112e+02   3.7806e+01
  -2.0745e+02   5.1622e+02   6.0070e+01
  -9.4534e+01   5.2585e+02   8.2044e+01
   1.7341e+01   5.0955e+02   1.0362e+02
   1.2229e+02   4.6826e+02   1.2470e+02
   2.1480e+02   4.0421e+02   1.4518e+02
   2.8999e+02   3.2086e+02   1.6496e+02
   3.4392e+02   2.2266e+02   1.8395e+02
   3.7376e+02   1.1486e+02   2.0205e+02
   3.7796e+02   3.2294e+00   2.1918e+02
   3.5633e+02  -1.0629e+02   2.3526e+02
   3.1002e+02  -2.0784e+02   2.5020e+02
   2.4151e+02  -2.9601e+02   2.6393e+02
   1.5445e+02  -3.6608e+02   2.7640e+02
   5.3446e+01  -4.1428e+02   2.8754e+02
  -5.6125e+01  -4.3801e+02   2.9729e+02
  -1.6845e+02  -4.3595e+02   3.0561e+02
  -2.7758e+02  -4.0816e+02   3.1246e+02
  -3.7771e+02  -3.5604e+02   3.1781e+02
  -4.6353e+02  -2.8230e+02   3.2162e+02
  -5.3047e+02  -1.9075e+02   3.2389e+02
  -5.7498e+02  -8.6182e+01   3.2460e+02
  -5.9466e+02   2.5940e+01   3.2374e+02
  -5.8844e+02   1.3975e+02   3.2133e+02
  -5.5664e+02   2.4931e+02   3.1737e+02
  -5.0088e+02   3.4887e+02   3.1189e+02
  -4.2408e+02   4.3324e+02   3.0490e+02
  -3.3026e+02   4.9802e+02   2.9644e+02
  -2.2435e+02   5.3985e+02   2.8656e+02
  -1.1190e+02   5.5656e+02   2.7530e+02
   1.1861e+00   5.4734e+02   2.6271e+02
   1.0897e+02   5.1272e+02   2.4886e+02
   2.0580e+02   4.5459e+02   2.3381e+02
   2.8660e+02   3.7607e+02   2.1763e+02
   3.4713e+02   2.8137e+02   2.0041e+02
   3.8425e+02   1.7553e+02   1.8222e+02
   3.9602e+02   6.4207e+01   1.6316e+02
   3.8187e+02  -4.6675e+01   1.4331e+02
   3.4259e+02  -1.5121e+02   1.2277e+02
   2.8028e+02  -2.4382e+02   1.0164e+02
   1.9829e+02  -3.1956e+02   8.0016e+01
   1.0099e+02  -3.7438e+02   5.8011e+01
  -6.4513e+00  -4.0535e+02   3.5726e+01
  -1.1831e+02  -4.1076e+02   1.3269e+01
  -2.2863e+02  -3.9029e+02  -9.2513e+00
  -3.3154e+02  -3.4498e+02  -3.1727e+01
  -4.2157e+02  -2.7715e+02  -5.4051e+01
  -4.9392e+02  -1.9035e+02  -7.6114e+01
  -5.4471e+02  -8.9118e+01  -9.7810e+01
  -5.7123e+02   2.1252e+01  -1.1904e+02
  -5.7202e+02   1.3498e+02  -1.3969e+02
  -5.4699e+02   2.4609e+02  -1.5967e+02
  -4.9742e+02   3.4878e+02  -1.7888e+02
  -4.2588e+02   4.3767e+02  -1.9723e+02
  -3.3610e+02   5.0809e+02  -2.1463e+02
  -2.3276e+02   5.5638e+02  -2.3100e+02
  -1.2129e+02   5.8004e+02  -2.4626e+02
  -7.5207e+00   5.7785e+02  -2.6033e+02
   1.0260e+02   5.4997e+02  -2.7315e+02
   2.0330e+02   4.9793e+02  -2.8465e+02
   2.8931e+02   4.2450e+02  -2.9478e+02
   3.5614e+02   3.3360e+02  -3.0350e+02
   4.0031e+02   2.3009e+02  -3.1075e+02
   4.1955e+02   1.1946e+02  -3.1651e+02
   4.1289e+02   7.6021e+00  -3.2074e+02
   3.8074e+02  -9.9544e+01  -3.2343e+02
   3.2484e+02  -1.9628e+02  -3.2456e+02
   2.4821e+02  -2.7746e+02  -3.2413e+02
   1.5494e+02  -3.3875e+02  -3.2214e+02
   5.0015e+01  -3.7689e+02  -3.1860e+02
  -6.0965e+01  -3.8983e+02  -3.1353e+02
  -1.7209e+02  -3.7683e+02  -3.0694e+02
  -2.7742e+02  -3.3857e+02  -2.9888e+02
  -3.7135e+02  -2.7702e+02  -2.8938e+02
  -4.4886e+02  -1.9540e+02  -2.7849e+02
  -5.0580e+02  -9.7984e+01  -2.6625e+02
  -5.3910e+02   1.0108e+01  -2.5274e+02
  -5.4695e+02   1.2320e+02  -2.3801e+02
  -5.2888e+02   2.3536e+02  -2.2213e+02
  -4.8577e+02   3.4068e+02  -2.0518e+02
  -4.1986e+02   4.3364e+02  -1.8725e+02
  -3.3455e+02   5.0936e+02  -1.6841e+02
  -2.3430e+02   5.6386e+02  -1.4877e+02
  -1.2435e+02   5.9429e+02  -1.2841e+02
  -1.0429e+01   5.9908e+02  -1.0742e+02
   1.0149e+02   5.7801e+02  -8.5927e+01
   2.0557e+02   5.3220e+02  -6.4016e+01
   2.9636e+02   4.6410e+02  -4.1796e+01
   3.6914e+02   3.7734e+02  -1.9376e+01
   4.2011e+02   2.7652e+02   3.1381e+00
   4.4666e+02   1.6700e+02   2.5637e+01
   4.4744e+02   5.4569e+01   4.8012e+01
   4.2247e+02  -5.4801e+01   7.0157e+01
   3.7314e+02  -1.5531e+02   9.1963e+01
   3.0210e+02  -2.4164e+02   1.1333e+02
   2.1318e+02  -3.0920e+02   1.3415e+02
   1.1113e+02  -3.5441e+02   1.5432e+02
   1.4099e+00  -3.7486e+02   1.7375e+02
  -1.1013e+02  -3.6945e+02   1.9234e+02
  -2.1752e+02  -3.3844e+02   2.1001e+02
  -3.1505e+02  -2.8347e+02   2.2667e+02
  -3.9748e+02  -2.0741e+02   2.4223e+02
  -4.6041e+02  -1.1427e+02   2.5663e+02
  -5.0044e+02  -8.9529e+00   2.6979e+02
  -5.1540e+02   1.0300e+02   2.8166e+02
  -5.0444e+02   2.1568e+02   2.9217e+02
  -4.6806e+02   3.2316e+02   3.0127e+02
  -4.0812e+02   4.1977e+02   3.0893e+02
  -3.2773e+02   5.0041e+02   3.1509e+02
  -2.3107e+02   5.6085e+02   3.1974e+02
  -1.2317e+02   5.9790e+02   3.2285e+02
  -9.6706e+00   6.0962e+02   3.2441e+02
   1.0350e+02   5.9539e+02   3.2440e+02
   2.1043e+02   5.5597e+02   3.2283e+02
   3.0554e+02   4.9346e+02   3.1971e+02
   3.8388e+02   4.1115e+02   3.1505e+02
   4.4136e+02   3.1342e+02   3.0888e+02
   4.7502e+02   2.0542e+02   3.0121e+02
   4.8314e+02   9.2856e+01   2.9210e+02
   4.6538e+02  -1.8314e+01   2.8158e+02
   4.2272e+02  -1.2222e+02   2.6970e+02
   3.5748e+02  -2.1336e+02   2.5653e+02
   2.7319e+02  -2.8694e+02   2.4212e+02
   1.7435e+02  -3.3905e+02   2.2655e+02
   6.6254e+01  -3.6696e+02   2.0989e+02
  -4.5325e+01  -3.6917e+02   1.9221e+02
  -1.5443e+02  -3.4558e+02   1.7361e+02
  -2.5523e+02  -2.9744e+02   1.5418e+02
  -3.4233e+02  -2.2728e+02   1.3400e+02
  -4.1108e+02  -1.3882e+02   1.1318e+02
  -4.5777e+02  -3.6736e+01   9.1808e+01
  -4.7987e+02   7.3585e+01   6.9998e+01
  -4.7615e+02   1.8631e+02   4.7852e+01
  -4.4674e+02   2.9547e+02   2.5475e+01
  -3.9313e+02   3.9531e+02   2.9761e+00
  -3.1808e+02   4.8054e+02  -1.9537e+01
  -2.2550e+02   5.4665e+02  -4.1957e+01
  -1.2020e+02   5.9015e+02  -6.4175e+01
  -7.6768e+00   6.0872e+02  -8.6083e+01
   1.0618e+02   6.0139e+02  -1.0758e+02
   2.1543e+02   5.6851e+02  -1.2855e+02
   3.1437e+02   5.1183e+02  -1.4891e+02
   3.9784e+02   4.3432e+02  -1.6855e+02
   4.6149e+02   3.4007e+02  -1.8738e+02
   5.0203e+02   2.3403e+02  -2.0531e+02
   5.1738e+02   1.2180e+02  -2.2225e+02
   5.0679e+02   9.2878e+00  -2.3812e+02
   4.7089e+02  -9.7577e+01  -2.5284e+02
   4.1164e+02  -1.9317e+02  -2.6635e+02
   3.3223e+02  -2.7245e+02  -2.7857e+02
   2.3691e+02  -3.3126e+02  -2.8945e+02
   1.3080e+02  -3.6650e+02  -2.9894e+02
   1.9547e+01  -3.7633e+02  -3.0699e+02
  -9.0902e+01  -3.6025e+02  -3.1357e+02
  -1.9465e+02  -3.1914e+02  -3.1863e+02
  -2.8616e+02  -2.5517e+02  -3.2216e+02
  -3.6053e+02  -1.7175e+02  -3.2414e+02
  -4.1378e+02  -7.3317e+01  -3.2456e+02
  -4.4302e+02   3.4921e+01  -3.2341e+02
  -4.4666e+02   1.4722e+02  -3.2071e+02
  -4.2443e+02   2.5763e+02  -3.1647e+02
  -3.7746e+02   3.6029e+02  -3.1070e+02
  -3.0816e+02   4.4976e+02  -3.0344e+02
  -2.2013e+02   5.2128e+02  -2.9471e+02
  -1.1796e+02   5.7105e+02  -2.8457e+02
  -6.9802e+00   5.9643e+02  -2.7306e+02
   1.0700e+02   5.9603e+02  -2.6023e+02
   2.1802e+02   5.6985e+02  -2.4615e+02
   3.2029e+02   5.1925e+02  -2.3089e+02
   4.0845e+02   4.4687e+02  -2.1451e+02
   4.7791e+02   3.5651e+02  -1.9710e+02
   5.2507e+02   2.5290e+02  -1.7875e+02
   5.4748e+02   1.4148e+02  -1.5953e+02
   5.4402e+02   2.8119e+01  -1.3954e+02
   5.1494e+02  -8.1241e+01  -1.1889e+02
   4.6183e+02  -1.8085e+02  -9.7656e+01
   3.8754e+02  -2.6549e+02  -7.5956e+01
   2.9606e+02  -3.3072e+02  -5.3891e+01
   1.9228e+02  -3.7313e+02  -3.1566e+01
   8.1725e+01  -3.9051e+02  -9.0894e+00
  -2.9699e+01  -3.8198e+02   1.3431e+01
  -1.3606e+02  -3.4803e+02   3.5887e+01
  -2.3167e+02  -2.9049e+02   5.8170e+01
  -3.1145e+02  -2.1244e+02   8.0173e+01
  -3.7112e+02  -1.1803e+02   1.0179e+02
  -4.0747e+02  -1.2289e+01   1.2292e+02
  -4.1853e+02   9.9156e+01   1.4345e+02
  -4.0367e+02   2.1038e+02   1.6330e+02
  -3.6362e+02   3.1547e+02   1.8236e+02
  -3.0044e+02   4.0884e+02   2.0054e+02
  -2.1742e+02   4.8551e+02   2.1775e+02
  -1.1889e+02   5.4139e+02   2.3392e+02
  -1.0002e+01   5.7349e+02   2.4896e+02
   1.0354e+02   5.8007e+02   2.6281e+02
   2.1579e+02   5.6074e+02   2.7538e+02
   3.2087e+02   5.1648e+02   2.8664e+02
   4.1327e+02   4.4958e+02   2.9651e+02
   4.8818e+02   3.6352e+02   3.0495e+02
   5.4167e+02   2.6281e+02   3.1193e+02
   5.7097e+02   1.5272e+02   3.1741e+02
   5.7458e+02   3.9022e+01   3.2136e+02
   5.5235e+02  -7.2332e+01   3.2376e+02
   5.0551e+02  -1.7550e+02   3.2460e+02
   4.3658e+02  -2.6510e+02   3.2388e+02
   3.4923e+02  -3.3642e+02   3.2160e+02
   2.4813e+02  -3.8577e+02   3.1777e+02
   1.3866e+02  -4.1058e+02   3.1242e+02
   2.6649e+01  -4.0958e+02   3.0556e+02
  -8.1950e+01  -3.8289e+02   2.9722e+02
  -1.8136e+02  -3.3196e+02   2.8746e+02
  -2.6628e+02  -2.5954e+02   2.7632e+02
  -3.3220e+02  -1.6950e+02   2.6384e+02
  -3.7558e+02  -6.6641e+01   2.5009e+02
  -3.9410e+02   4.3542e+01   2.3514e+02
  -3.8674e+02   1.5518e+02   2.1906e+02
  -3.5385e+02   2.6232e+02   2.0193e+02
  -2.9713e+02   3.5926e+02   1.8382e+02
  -2.1954e+02   4.4082e+02   1.6482e+02
  -1.2513e+02   5.0264e+02   1.4504e+02
  -1.8852e+01   5.4139e+02   1.2455e+02
   9.3708e+01   5.5499e+02   1.0347e+02
   2.0665e+02   5.4265e+02   8.1887e+01
   3.1403e+02   5.0496e+02   5.9910e+01
   4.1023e+02   4.4387e+02   3.7645e+01
   4.9019e+02   3.6255e+02   1.5199e+01
   5.4973e+02   2.6523e+02  -7.3200e+00
   5.8573e+02   1.5699e+02  -2.9804e+01
   5.9633e+02   4.3491e+01  -5.2145e+01
   5.8098e+02  -6.9325e+01  -7.4234e+01
   5.4055e+02  -1.7556e+02  -9.5967e+01
   4.7719e+02  -2.6967e+02  -1.1724e+02
   3.9428e+02  -3.4673e+02  -1.3794e+02
   2.9622e+02  -4.0274e+02  -1.5798e+02
   1.8823e+02  -4.3479e+02  -1.7727e+02
   7.6027e+01  -4.4126e+02  -1.9569e+02
  -3.4424e+01  -4.2187e+02  -2.1318e+02
  -1.3727e+02  -3.7769e+02  -2.2964e+02
  -2.2705e+02  -3.1113e+02  -2.4500e+02
  -2.9899e+02  -2.2575e+02  -2.5917e+02
  -3.4929e+02  -1.2613e+02  -2.7210e+02
  -3.7524e+02  -1.7595e+01  -2.8372e+02
  -3.7547e+02   9.4066e+01  -2.9397e+02
  -3.4993e+02   2.0289e+02  -3.0281e+02
  -2.9996e+02   3.0308e+02  -3.1018e+02
  -2.2816e+02   3.8926e+02  -3.1607e+02
  -1.3832e+02   4.5683e+02  -3.2044e+02
  -3.5150e+01   5.0216e+02  -3.2326e+02
   7.5910e+01   5.2279e+02  -3.2452e+02
   1.8902e+02   5.1757e+02  -3.2423e+02
   2.9822e+02   4.8670e+02  -3.2237e+02
   3.9776e+02   4.3176e+02  -3.1896e+02
   4.8240e+02   3.5559e+02  -3.1402e+02
   5.4769e+02   2.6214e+02  -3.0757e+02
   5.9019e+02   1.5628e+02  -2.9963e+02
   6.0768e+02   4.3543e+01  -2.9025e+02
   5.9925e+02  -7.0183e+01  -2.7948e+02
   5.6534e+02  -1.7896e+02  -2.6736e+02
   5.0778e+02  -2.7710e+02  -2.5395e+02
   4.2960e+02  -3.5949e+02  -2.3932e+02
   3.3495e+02  -4.2184e+02  -2.2354e+02
   2.2884e+02  -4.6093e+02  -2.0668e+02
   1.1689e+02  -4.7475e+02  -1.8882e+02
   5.0074e+00  -4.6265e+02  -1.7006e+02
  -1.0088e+02  -4.2532e+02  -1.5048e+02
  -1.9518e+02  -3.6480e+02  -1.3018e+02
  -2.7289e+02  -2.8436e+02  -1.0925e+02
  -3.2992e+02  -1.8831e+02  -8.7789e+01
  -3.6323e+02  -8.1780e+01  -6.5909e+01
  -3.7107e+02   2.9528e+01  -4.3712e+01
  -3.5303e+02   1.3967e+02  -2.1304e+01
  -3.1003e+02   2.4277e+02   1.2062e+00
  -2.4437e+02   3.3331e+02   2.3711e+01
  -1.5949e+02   4.0645e+02   4.6101e+01
  -5.9890e+01   4.5825e+02   6.8269e+01
   4.9182e+01   4.8592e+02   9.0109e+01
   1.6196e+02   4.8793e+02   1.1151e+02
   2.7250e+02   4.6410e+02   1.3238e+02
   3.7494e+02   4.1563e+02   1.5262e+02
   4.6389e+02   3.4501e+02   1.7211e+02
   5.3464e+02   2.5591e+02   1.9078e+02
   5.8345e+02   1.5297e+02   2.0853e+02
   6.0773e+02   4.1549e+01   2.2528e+02
   6.0622e+02  -7.2522e+01   2.4094e+02
   5.7897e+02  -1.8329e+02   2.5544e+02
   5.2742e+02  -2.8497e+02   2.6872e+02
   4.5429e+02  -3.7225e+02   2.8070e+02
   3.6343e+02  -4.4060e+02   2.9132e+02
   2.5963e+02  -4.8646e+02   3.0055e+02
   1.4837e+02  -5.0749e+02   3.0833e+02
   3.5516e+01  -5.0263e+02   3.1462e+02
  -7.2987e+01  -4.7221e+02   3.1940e+02
  -1.7142e+02  -4.1790e+02   3.2265e+02
  -2.5458e+02  -3.4263e+02   3.2434e+02
  -3.1811e+02  -2.5045e+02   3.2446e+02
  -3.5866e+02  -1.4628e+02   3.2303e+02
  -3.7409e+02  -3.5696e+01   3.2004e+02
  -3.6361e+02   7.5402e+01   3.1551e+02
  -3.2779e+02   1.8108e+02   3.0947e+02
  -2.6853e+02   2.7570e+02   3.0193e+02
  -1.8897e+02   3.5419e+02   2.9294e+02
  -9.3350e+01   4.1234e+02   2.8254e+02
   1.3279e+01   4.4703e+02   2.7078e+02
   1.2526e+02   4.5635e+02   2.5771e+02
   2.3667e+02   4.3975e+02   2.4341e+02
   3.4160e+02   3.9804e+02   2.2793e+02
   4.3448e+02   3.3337e+02   2.1136e+02
   5.1040e+02   2.4908e+02   1.9376e+02
   5.6532e+02   1.4958e+02   1.7524e+02
   5.9631e+02   4.0035e+01   1.5587e+02
   6.0173e+02  -7.3814e+01   1.3576e+02
   5.8125e+02  -1.8602e+02   1.1498e+02
   5.3594e+02  -2.9072e+02   9.3659e+01
   4.6817e+02  -3.8244e+02   7.1884e+01
   3.8149e+02  -4.5640e+02   4.9762e+01
   2.8045e+02  -5.0876e+02   2.7401e+01
   1.7036e+02  -5.3680e+02   4.9079e+00
   5.7013e+01  -5.3912e+02  -1.7609e+01
  -5.3638e+01  -5.1564e+02  -4.0041e+01
  -1.5578e+02  -4.6767e+02  -6.2280e+01
  -2.4403e+02  -3.9780e+02  -8.4219e+01
  -3.1378e+02  -3.0978e+02  -1.0575e+02
  -3.6137e+02  -2.0831e+02  -1.2678e+02
  -3.8431e+02  -9.8817e+01  -1.4719e+02
  -3.8142e+02   1.2864e+01  -1.6690e+02
  -3.5289e+02   1.2078e+02  -1.8580e+02
  -3.0026e+02   2.1916e+02  -2.0381e+02
  -2.2634e+02   3.0277e+02  -2.2084e+02
  -1.3506e+02   3.6712e+02  -2.3680e+02
  -3.1295e+01   4.0877e+02  -2.5163e+02
   7.9455e+01   4.2546e+02  -2.6524e+02
   1.9130e+02   4.1624e+02  -2.7757e+02
   2.9830e+02   3.8157e+02  -2.8857e+02
   3.9477e+02   3.2320e+02  -2.9819e+02
   4.7556e+02   2.4417e+02  -3.0636e+02
   5.3639e+02   1.4859e+02  -3.1306e+02
   5.7400e+02   4.1472e+01  -3.1826e+02
   5.8635e+02  -7.1592e+01  -3.2192e+02
   5.7277e+02  -1.8468e+02  -3.2403e+02
   5.3393e+02  -2.9188e+02  -3.2458e+02
   4.7183e+02  -3.8756e+02  -3.2357e+02
   3.8972e+02  -4.6675e+02  -3.2101e+02
   2.9190e+02  -5.2529e+02  -3.1689e+02
   1.8348e+02  -5.6016e+02  -3.1126e+02
   7.0149e+01  -5.6955e+02  -3.0412e+02
  -4.2149e+01  -5.5303e+02  -2.9552e+02
  -1.4753e+02  -5.1152e+02  -2.8550e+02
  -2.4047e+02  -4.4725e+02  -2.7410e+02
  -3.1610e+02  -3.6367e+02  -2.6138e+02
  -3.7049e+02  -2.6524e+02  -2.4741e+02
  -4.0079e+02  -1.5721e+02  -2.3224e+02
  -4.0546e+02  -4.5330e+01  -2.1596e+02
  -3.8430e+02   6.4445e+01  -1.9864e+02
  -3.3846e+02   1.6627e+02  -1.8036e+02
  -2.7043e+02   2.5473e+02  -1.6121e+02
  -1.8384e+02   3.2509e+02  -1.4128e+02
  -8.3317e+01   3.7361e+02  -1.2068e+02
   2.5787e+01   3.9767e+02  -9.9497e+01
   1.3766e+02   3.9596e+02  -7.7833e+01
   2.4634e+02   3.6853e+02  -5.5795e+01
   3.4603e+02   3.1679e+02  -3.3488e+01
   4.3143e+02   2.4342e+02  -1.1020e+01
   4.9797e+02   1.5226e+02   1.1501e+01
   5.4208e+02   4.8076e+01   3.3966e+01
   5.6139e+02  -6.3659e+01   5.6268e+01
   5.5481e+02  -1.7709e+02   7.8300e+01
   5.2265e+02  -2.8626e+02   9.9954e+01
   4.6655e+02  -3.8544e+02   1.2113e+02
   3.8942e+02  -4.6945e+02   1.4172e+02
   2.9527e+02  -5.3386e+02   1.6163e+02
   1.8903e+02  -5.7533e+02   1.8076e+02
   7.6254e+01  -5.9169e+02   1.9901e+02
  -3.7162e+01  -5.8213e+02   2.1632e+02
  -1.4528e+02  -5.4717e+02   2.3258e+02
  -2.4245e+02  -4.8870e+02   2.4772e+02
  -3.2359e+02  -4.0985e+02   2.6167e+02
  -3.8448e+02  -3.1480e+02   2.7436e+02
  -4.2196e+02  -2.0861e+02   2.8572e+02
  -4.3410e+02  -9.6934e+01   2.9572e+02
  -4.2032e+02   1.4315e+01   3.0429e+02
  -3.8142e+02   1.1922e+02   3.1139e+02
  -3.1949e+02   2.1222e+02   3.1700e+02
  -2.3787e+02   2.8837e+02   3.2108e+02
  -1.4094e+02   3.4362e+02   3.2361e+02
  -3.3860e+01   3.7502e+02   3.2459e+02
   7.7642e+01   3.8088e+02   3.2400e+02
   1.8762e+02   3.6087e+02   3.2186e+02
   2.9021e+02   3.1602e+02   3.1816e+02
   3.7992e+02   2.4868e+02   3.1294e+02
   4.5197e+02   1.6236e+02   3.0620e+02
   5.0248e+02   6.1614e+01   2.9800e+02
   5.2873e+02  -4.8269e+01   2.8835e+02
   5.2926e+02  -1.6151e+02   2.7733e+02
   5.0399e+02  -2.7215e+02   2.6496e+02
   4.5419e+02  -3.7436e+02   2.5132e+02
   3.8243e+02  -4.6278e+02   2.3647e+02
   2.9244e+02  -5.3275e+02   2.2048e+02
   1.8890e+02  -5.8059e+02   2.0344e+02
   7.7218e+01  -6.0381e+02   1.8541e+02
  -3.6765e+01  -6.0118e+02   1.6649e+02
  -1.4710e+02  -5.7288e+02   1.4676e+02
  -2.4801e+02  -5.2041e+02   1.2634e+02
  -3.3424e+02  -4.4655e+02   1.0530e+02
  -4.0130e+02  -3.5524e+02   8.3755e+01
  -4.4571e+02  -2.5130e+02   6.1808e+01
  -4.6519e+02  -1.4023e+02   3.9564e+01
  -4.5878e+02  -2.7931e+01   1.7129e+01
  -4.2687e+02   7.9668e+01  -5.3884e+00
  -3.7122e+02   1.7687e+02  -2.7880e+01
  -2.9483e+02   2.5852e+02  -5.0237e+01
  -2.0180e+02   3.2031e+02  -7.2352e+01
  -9.7116e+01   3.5895e+02  -9.4119e+01
   1.3638e+01   3.7240e+02  -1.1543e+02
   1.2454e+02   3.5994e+02  -1.3619e+02
   2.2968e+02   3.2221e+02  -1.5629e+02
   3.2343e+02   2.6120e+02  -1.7564e+02
   4.0077e+02   1.8013e+02  -1.9415e+02
   4.5755e+02   8.3263e+01  -2.1172e+02
   4.9072e+02  -2.4279e+01  -2.2827e+02
   4.9845e+02  -1.3683e+02  -2.4372e+02
   4.8026e+02  -2.4844e+02  -2.5800e+02
   4.3706e+02  -3.5323e+02  -2.7104e+02
   3.7106e+02  -4.4567e+02  -2.8277e+02
   2.8568e+02  -5.2087e+02  -2.9314e+02
   1.8536e+02  -5.7486e+02  -3.0210e+02
   7.5335e+01  -6.0480e+02  -3.0961e+02
  -3.8650e+01  -6.0910e+02  -3.1563e+02
  -1.5064e+02  -5.8755e+02  -3.2012e+02
  -2.5479e+02  -5.4126e+02  -3.2308e+02
  -3.4566e+02  -4.7270e+02  -3.2448e+02
  -4.1852e+02  -3.8547e+02  -3.2432e+02
  -4.6959e+02  -2.8418e+02  -3.2259e+02
  -4.9624e+02  -1.7418e+02  -3.1932e+02
  -4.9712e+02  -6.1269e+01  -3.1450e+02
  -4.7225e+02   4.8590e+01  -3.0818e+02
  -4.2302e+02   1.4960e+02  -3.0037e+02
  -3.5208e+02   2.3644e+02  -2.9111e+02
  -2.6326e+02   3.0452e+02  -2.8045e+02
  -1.6130e+02   3.5027e+02  -2.6845e+02
  -5.1662e+01   3.7126e+02  -2.5515e+02
   5.9803e+01   3.6640e+02  -2.4062e+02
   1.6714e+02   3.3596e+02  -2.2493e+02
   2.6462e+02   2.8155e+02  -2.0816e+02
   3.4703e+02   2.0607e+02  -1.9039e+02
   4.0995e+02   1.1350e+02  -1.7171e+02
   4.4999e+02   8.7561e+00  -1.5219e+02
   4.6497e+02  -1.0263e+02  -1.3194e+02
   4.5404e+02  -2.1475e+02  -1.1106e+02
   4.1771e+02  -3.2167e+02  -8.9647e+01
   3.5784e+02  -4.1773e+02  -6.7799e+01
   2.7752e+02  -4.9785e+02  -4.5625e+01
   1.8093e+02  -5.5777e+02  -2.3231e+01
   7.3111e+01  -5.9431e+02  -7.2567e-01
  -4.0309e+01  -6.0552e+02   2.1783e+01
  -1.5340e+02  -5.9080e+02   4.4188e+01
  -2.6026e+02  -5.5090e+02   6.6379e+01
  -3.5530e+02  -4.8791e+02   8.8251e+01
  -4.3356e+02  -4.0513e+02   1.0970e+02
  -4.9098e+02  -3.0692e+02   1.3062e+02
  -5.2459e+02  -1.9845e+02   1.5091e+02
  -5.3266e+02  -8.5408e+01   1.7047e+02
  -5.1485e+02   2.6246e+01   1.8922e+02
  -4.7214e+02   1.3064e+02   2.0705e+02
  -4.0686e+02   2.2229e+02   2.2388e+02
  -3.2252e+02   2.9638e+02   2.3964e+02
  -2.2362e+02   3.4901e+02   2.5425e+02
  -1.1546e+02   3.7745e+02   2.6763e+02
  -3.8102e+00   3.8020e+02   2.7972e+02
   1.0538e+02   3.5716e+02   2.9047e+02
   2.0628e+02   3.0957e+02   2.9981e+02
   2.9350e+02   2.3997e+02   3.0772e+02
   3.6238e+02   1.5207e+02   3.1414e+02
   4.0922e+02   5.0535e+01   3.1905e+02
   4.3149e+02  -5.9236e+01   3.2243e+02
   4.2795e+02  -1.7142e+02   3.2425e+02
   3.9874e+02  -2.8005e+02   3.2451e+02
   3.4533e+02  -3.7936e+02   3.2321e+02
   2.7050e+02  -4.6408e+02   3.2036e+02
   1.7813e+02  -5.2970e+02   3.1596e+02
   7.3055e+01  -5.7271e+02   3.1004e+02
  -3.9237e+01  -5.9082e+02   3.0263e+02
  -1.5287e+02  -5.8302e+02   2.9376e+02
  -2.6190e+02  -5.4970e+02   2.8348e+02
  -3.6062e+02  -4.9257e+02   2.7184e+02
  -4.4388e+02  -4.1463e+02   2.5888e+02
  -5.0732e+02  -3.1994e+02   2.4468e+02
  -5.4766e+02  -2.1347e+02   2.2930e+02
  -5.6281e+02  -1.0080e+02   2.1282e+02
  -5.5203e+02   1.2148e+01   1.9531e+02
  -5.1594e+02   1.1946e+02   1.7686e+02
  -4.5650e+02   2.1550e+02   1.5756e+02
  -3.7690e+02   2.9525e+02   1.3751e+02
  -2.8139e+02   3.5452e+02   1.1679e+02
  -1.7508e+02   3.9024e+02   9.5507e+01
  -6.3615e+01   4.0056e+02   7.3766e+01
   4.7055e+01   3.8497e+02   5.1670e+01
   1.5104e+02   3.4435e+02   2.9325e+01
   2.4280e+02   2.8088e+02   6.8395e+00
   3.1744e+02   1.9797e+02  -1.5679e+01
   3.7096e+02   1.0002e+02  -3.8123e+01
   4.0051e+02  -7.7243e+00  -6.0383e+01
   4.0445e+02  -1.1954e+02  -8.2352e+01
   3.8256e+02  -2.2948e+02  -1.0392e+02
   3.3592e+02  -3.3168e+02  -1.2500e+02
   2.6696e+02  -4.2070e+02  -1.4547e+02
   1.7929e+02  -4.9179e+02  -1.6524e+02
   7.7471e+01  -5.4115e+02  -1.8421e+02
  -3.3147e+01  -5.6612e+02  -2.0230e+02
  -1.4677e+02  -5.6533e+02  -2.1942e+02
  -2.5744e+02  -5.3877e+02  -2.3548e+02
  -3.5936e+02  -4.8780e+02  -2.5040e+02
  -4.4718e+02  -4.1506e+02  -2.6412e+02
  -5.1630e+02  -3.2434e+02  -2.7657e+02
  -5.6313e+02  -2.2038e+02  -2.8769e+02
  -5.8522e+02  -1.0861e+02  -2.9742e+02
  -5.8144e+02   5.1125e+00  -3.0572e+02
  -5.5205e+02   1.1483e+02  -3.1255e+02
  -4.9862e+02   2.1481e+02  -3.1787e+02
  -4.2402e+02   2.9982e+02  -3.2166e+02
  -3.3223e+02   3.6543e+02  -3.2391e+02
  -2.2813e+02   4.0822e+02  -3.2460e+02
  -1.1725e+02   4.2600e+02  -3.2372e+02
  -5.4873e+00   4.1787e+02  -3.2129e+02
   1.0122e+02   3.8433e+02  -3.1731e+02
   1.9720e+02   3.2719e+02  -3.1180e+02
   2.7735e+02   2.4954e+02  -3.0479e+02
   3.3741e+02   1.5553e+02  -2.9631e+02
   3.7417e+02   5.0189e+01  -2.8641e+02
   3.8566e+02  -6.0870e+01  -2.7513e+02
   3.7123e+02  -1.7172e+02  -2.6252e+02
   3.3163e+02  -2.7645e+02  -2.4865e+02
   2.6890e+02  -3.6947e+02  -2.3359e+02
   1.8634e+02  -4.4580e+02  -2.1740e+02
   8.8268e+01  -5.0137e+02  -2.0016e+02
  -2.0155e+01  -5.3317e+02  -1.8196e+02
  -1.3323e+02  -5.3946e+02  -1.6288e+02
  -2.4503e+02  -5.1985e+02  -1.4302e+02
  -3.4965e+02  -4.7532e+02  -1.2247e+02
  -4.4161e+02  -4.0816e+02  -1.0133e+02
  -5.1608e+02  -3.2186e+02  -7.9707e+01
  -5.6913e+02  -2.2091e+02  -5.7697e+01
  -5.9801e+02  -1.1058e+02  -3.5409e+01
  -6.0121e+02   3.3635e+00  -1.2951e+01
  -5.7857e+02   1.1496e+02   9.5697e+00
  -5.3133e+02   2.1838e+02   3.2044e+01
  -4.6198e+02   3.0823e+02   5.4365e+01
  -3.7423e+02   3.7982e+02   7.6423e+01
  -2.7272e+02   4.2943e+02   9.8114e+01
  -1.6284e+02   4.5451e+02   1.1933e+02
  -5.0403e+01   4.5380e+02   1.3998e+02
   5.8631e+01   4.2739e+02   1.5995e+02
   1.5848e+02   3.7674e+02   1.7915e+02
   2.4387e+02   3.0460e+02   1.9749e+02
   3.1026e+02   2.1483e+02   2.1487e+02
   3.5412e+02   1.1225e+02   2.3123e+02
   3.7314e+02   2.3323e+00   2.4647e+02
   3.6629e+02  -1.0905e+02   2.6052e+02
   3.3392e+02  -2.1596e+02   2.7332e+02
   2.7773e+02  -3.1267e+02   2.8480e+02
   2.0067e+02  -3.9402e+02   2.9492e+02
   1.0679e+02  -4.5564e+02   3.0361e+02
   1.0581e+00  -4.9422e+02   3.1084e+02
  -1.1097e+02  -5.0766e+02   3.1658e+02
  -2.2338e+02  -4.9517e+02   3.2079e+02
  -3.3024e+02  -4.5735e+02   3.2345e+02
  -4.2592e+02  -3.9614e+02   3.2457e+02
  -5.0538e+02  -3.1470e+02   3.2411e+02
  -5.6442e+02  -2.1726e+02   3.2210e+02
  -5.9993e+02  -1.0892e+02   3.1854e+02
  -6.1004e+02   4.6835e+00   3.1344e+02
  -5.9423e+02   1.1761e+02   3.0684e+02
  -5.5333e+02   2.2395e+02   2.9876e+02
  -4.8950e+02   3.1817e+02   2.8924e+02
  -4.0613e+02   3.9536e+02   2.7832e+02
  -3.0761e+02   4.5149e+02   2.6607e+02
  -1.9915e+02   4.8368e+02   2.5254e+02
  -8.6478e+01   4.9029e+02   2.3779e+02
   2.4454e+01   4.7103e+02   2.2190e+02
   1.2779e+02   4.2700e+02   2.0494e+02
   2.1807e+02   3.6057e+02   1.8699e+02
   2.9053e+02   2.7533e+02   1.6814e+02
   3.4135e+02   1.7585e+02   1.4848e+02
   3.6784e+02   6.7434e+01   1.2811e+02
   3.6862e+02  -4.4114e+01   1.0712e+02
   3.4364e+02  -1.5284e+02   8.5620e+01
   2.9423e+02  -2.5294e+02   6.3704e+01
   2.2300e+02  -3.3905e+02   4.1480e+01
   1.3373e+02  -4.0658e+02   1.9058e+01
   3.1134e+01  -4.5187e+02  -3.4567e+00
  -7.9359e+01  -4.7248e+02  -2.5955e+01
  -1.9190e+02  -4.6725e+02  -4.8327e+01
  -3.0055e+02  -4.3639e+02  -7.0468e+01
  -3.9954e+02  -3.8147e+02  -9.2269e+01
  -4.8365e+02  -3.0533e+02  -1.1363e+02
  -5.4841e+02  -2.1191e+02  -1.3444e+02
  -5.9040e+02  -1.0610e+02  -1.5460e+02
  -6.0739e+02   6.5984e+00  -1.7402e+02
  -5.9846e+02   1.2028e+02  -1.9260e+02
  -5.6407e+02   2.2902e+02  -2.1025e+02
  -5.0602e+02   3.2713e+02  -2.2689e+02
  -4.2737e+02   4.0949e+02  -2.4244e+02
  -3.3224e+02   4.7182e+02  -2.5683e+02
  -2.2566e+02   5.1089e+02  -2.6997e+02
  -1.1322e+02   5.2470e+02  -2.8182e+02
  -8.5190e-01   5.1258e+02  -2.9231e+02
   1.0553e+02   4.7525e+02  -3.0139e+02
   2.0033e+02   4.1472e+02  -3.0902e+02
   2.7856e+02   3.3427e+02  -3.1517e+02
   3.3611e+02   2.3820e+02  -3.1980e+02
   3.6996e+02   1.3165e+02  -3.2288e+02
   3.7835e+02   2.0307e+01  -3.2442e+02
   3.6086e+02  -8.9884e+01  -3.2439e+02
   3.1843e+02  -1.9304e+02  -3.2280e+02
   2.5332e+02  -2.8366e+02  -3.1966e+02
   1.6901e+02  -3.5689e+02  -3.1498e+02
   6.9974e+01  -4.0880e+02  -3.0878e+02
  -3.8539e+01  -4.3659e+02  -3.0109e+02
  -1.5077e+02  -4.3874e+02  -2.9196e+02
  -2.6075e+02  -4.1506e+02  -2.8142e+02
  -3.6266e+02  -3.6676e+02  -2.6953e+02
  -4.5109e+02  -2.9632e+02  -2.5634e+02
  -5.2133e+02  -2.0740e+02  -2.4191e+02
  -5.6964e+02  -1.0464e+02  -2.2632e+02
  -5.9344e+02   6.5829e+00  -2.0964e+02
  -5.9145e+02   1.2046e+02  -1.9195e+02
  -5.6373e+02   2.3104e+02  -1.7334e+02
  -5.1173e+02   3.3254e+02  -1.5390e+02
  -4.3814e+02   4.1965e+02  -1.3371e+02
  -3.4684e+02   4.8782e+02  -1.1288e+02
  -2.4259e+02   5.3352e+02  -9.1502e+01
  -1.3088e+02   5.5438e+02  -6.9687e+01
  -1.7575e+01   5.4937e+02  -4.7537e+01
   9.1386e+01   5.1880e+02  -2.5158e+01
   1.9028e+02   4.6433e+02  -2.6575e+00
   2.7393e+02   3.8891e+02   1.9856e+01
   3.3794e+02   2.9657e+02   4.2273e+01
   3.7897e+02   1.9224e+02   6.4487e+01
   3.9491e+02   8.1479e+01   8.6391e+01
   3.8494e+02  -2.9805e+01   1.0788e+02
   3.4963e+02  -1.3568e+02   1.2885e+02
   2.9088e+02  -2.3051e+02   1.4919e+02
   2.1185e+02  -3.0923e+02   1.6882e+02
   1.1674e+02  -3.6763e+02   1.8764e+02
   1.0621e+01  -4.0257e+02   2.0556e+02
  -1.0086e+02  -4.1217e+02   2.2248e+02
  -2.1177e+02  -3.9586e+02   2.3833e+02
  -3.1622e+02  -3.5446e+02   2.5304e+02
  -4.0863e+02  -2.9010e+02   2.6653e+02
  -4.8409e+02  -2.0613e+02   2.7873e+02
  -5.3857e+02  -1.0694e+02   2.8960e+02
  -5.6913e+02   2.2707e+00   2.9907e+02
  -5.7413e+02   1.1579e+02   3.0710e+02
  -5.5325e+02   2.2768e+02   3.1365e+02
  -5.0755e+02   3.3205e+02   3.1869e+02
  -4.3939e+02   4.2346e+02   3.2220e+02
  -3.5233e+02   4.9712e+02   3.2416e+02
  -2.5091e+02   5.4917e+02   3.2455e+02
  -1.4045e+02   5.7693e+02   3.2339e+02
  -2.6718e+01   5.7896e+02   3.2066e+02
   8.4316e+01   5.5520e+02   3.1640e+02
   1.8684e+02   5.0694e+02   3.1061e+02
   2.7550e+02   4.3679e+02   3.0332e+02
   3.4565e+02   3.4848e+02   2.9458e+02
   3.9365e+02   2.4673e+02   2.8442e+02
   4.1700e+02   1.3693e+02   2.7289e+02
   4.1454e+02   2.4946e+01   2.6004e+02
   3.8644e+02  -8.3284e+01   2.4594e+02
   3.3424e+02  -1.8200e+02   2.3066e+02
   2.6075e+02  -2.6595e+02   2.1427e+02
   1.6991e+02  -3.3067e+02   1.9685e+02
   6.6567e+01  -3.7270e+02   1.7848e+02
  -4.3766e+01  -3.8978e+02   1.5925e+02
  -1.5521e+02  -3.8097e+02   1.3926e+02
  -2.6181e+02  -3.4671e+02   1.1859e+02
  -3.5789e+02  -2.8876e+02   9.7352e+01
  -4.3833e+02  -2.1017e+02   7.5646e+01
  -4.9880e+02  -1.1503e+02   5.3577e+01
  -5.3607e+02  -8.3489e+00   3.1249e+01
  -5.4811e+02   1.0428e+02   8.7709e+00
  -5.3422e+02   2.1693e+02  -1.3749e+01
  -4.9508e+02   3.2369e+02  -3.6204e+01
  -4.3269e+02   4.1896e+02  -5.8483e+01
  -3.5031e+02   4.9772e+02  -8.0482e+01
  -2.5221e+02   5.5586e+02  -1.0209e+02
  -1.4351e+02   5.9032e+02  -1.2321e+02
  -2.9909e+01   5.9932e+02  -1.4374e+02
   8.2665e+01   5.8241e+02  -1.6357e+02
   1.8832e+02   5.4051e+02  -1.8262e+02
   2.8155e+02   4.7586e+02  -2.0079e+02
   3.5748e+02   3.9189e+02  -2.1799e+02
   4.1216e+02   2.9308e+02  -2.3414e+02
   4.4277e+02   1.8465e+02  -2.4917e+02
   4.4775e+02   7.2371e+01  -2.6299e+02
   4.2690e+02  -3.7816e+01  -2.7555e+02
   3.8138e+02  -1.4007e+02  -2.8679e+02
   3.1367e+02  -2.2896e+02  -2.9664e+02
   2.2739e+02  -2.9978e+02  -3.0506e+02
   1.2717e+02  -3.4876e+02  -3.1202e+02
   1.8370e+01  -3.7330e+02  -3.1747e+02
  -9.3211e+01  -3.7208e+02  -3.2140e+02
  -2.0161e+02  -3.4515e+02  -3.2378e+02
  -3.0105e+02  -2.9392e+02  -3.2460e+02
  -3.8620e+02  -2.2106e+02  -3.2386e+02
  -4.5250e+02  -1.3042e+02  -3.2156e+02
  -4.9640e+02  -2.6762e+01  -3.1771e+02
  -5.1550e+02   8.4452e+01  -3.1233e+02
  -5.0874e+02   1.9736e+02  -3.0545e+02
  -4.7641e+02   3.0602e+02  -2.9710e+02
  -4.2015e+02   4.0471e+02  -2.8731e+02
  -3.4286e+02   4.8821e+02  -2.7615e+02
  -2.4857e+02   5.5214e+02  -2.6365e+02
  -1.4218e+02   5.9313e+02  -2.4989e+02
  -2.9262e+01   6.0903e+02  -2.3492e+02
   8.4297e+01   5.9900e+02  -2.1883e+02
   1.9256e+02   5.6358e+02  -2.0168e+02
   2.8988e+02   5.0466e+02  -1.8356e+02
   3.7118e+02   4.2536e+02  -1.6455e+02
   4.3224e+02   3.2986e+02  -1.4475e+02
   4.6988e+02   2.2322e+02  -1.2426e+02
   4.8219e+02   1.1108e+02  -1.0317e+02
   4.6860e+02  -6.4238e-01  -8.1579e+01
   4.2987e+02  -1.0603e+02  -5.9597e+01
   3.6812e+02  -1.9952e+02  -3.7329e+01
   2.8668e+02  -2.7617e+02  -1.4881e+01
   1.8991e+02  -3.3194e+02   7.6385e+00
   8.2999e+01  -3.6386e+02   3.0121e+01
  -2.8349e+01  -3.7027e+02   5.2459e+01
  -1.3819e+02  -3.5081e+02   7.4544e+01
  -2.4065e+02  -3.0652e+02   9.6271e+01
  -3.3025e+02  -2.3973e+02   1.1753e+02
  -4.0220e+02  -1.5398e+02   1.3823e+02
  -4.5264e+02  -5.3801e+01   1.5826e+02
  -4.7882e+02   5.5518e+01   1.7753e+02
  -4.7931e+02   1.6820e+02   1.9595e+02
  -4.5401e+02   2.7828e+02   2.1342e+02
  -4.0419e+02   3.7995e+02   2.2987e+02
  -3.3242e+02   4.6783e+02   2.4520e+02
  -2.4242e+02   5.3728e+02   2.5936e+02
  -1.3888e+02   5.8461e+02   2.7227e+02
  -2.7202e+01   6.0732e+02   2.8387e+02
   8.6777e+01   6.0420e+02   2.9410e+02
   1.9711e+02   5.7541e+02   3.0292e+02
   2.9802e+02   5.2246e+02   3.1028e+02
   3.8426e+02   4.4812e+02   3.1614e+02
   4.5134e+02   3.5633e+02   3.2049e+02
   4.9577e+02   2.5191e+02   3.2329e+02
   5.1527e+02   1.4037e+02   3.2453e+02
   5.0888e+02   2.7577e+01   3.2421e+02
   4.7701e+02  -8.0518e+01   3.2233e+02
   4.2139e+02  -1.7822e+02   3.1890e+02
   3.4503e+02  -2.6039e+02   3.1394e+02
   2.5203e+02  -3.2271e+02   3.0746e+02
   1.4736e+02  -3.6189e+02   2.9951e+02
   3.6609e+01  -3.7588e+02   2.9011e+02
  -7.4301e+01  -3.6397e+02   2.7931e+02
  -1.7946e+02  -3.2681e+02   2.6717e+02
  -2.7324e+02  -2.6637e+02   2.5375e+02
  -3.5063e+02  -1.8587e+02   2.3910e+02
  -4.0748e+02  -8.9574e+01   2.2330e+02
  -4.4073e+02   1.7402e+01   2.0643e+02
  -4.4855e+02   1.2939e+02   1.8857e+02
  -4.3048e+02   2.4045e+02   1.6979e+02
  -3.8741e+02   3.4469e+02   1.5020e+02
  -3.2154e+02   4.3659e+02   1.2989e+02
  -2.3631e+02   5.1127e+02   1.0895e+02

