   8.6338e+02   8.8988e+02   3.6040e+02
   5.9872e+02   1.9553e+01   6.5228e+02
   6.2682e+02   2.4311e+01   6.6160e+02
   6.5675e+02   2.2108e+01   6.6774e+02
   6.8686e+02   1.2696e+01   6.7066e+02
   7.1550e+02  -3.7925e+00   6.7035e+02
   7.4108e+02  -2.6850e+01   6.6681e+02
   7.6219e+02  -5.5621e+01   6.6007e+02
   7.7763e+02  -8.8949e+01   6.5015e+02
   7.8651e+02  -1.2543e+02   6.3709e+02
   7.8828e+02  -1.6351e+02   6.2098e+02
   7.8274e+02  -2.0153e+02   6.0187e+02
   7.7011e+02  -2.3783e+02   5.7986e+02
   7.5095e+02  -2.7087e+02   5.5507e+02
   7.2618e+02  -2.9924e+02   5.2760e+02
   6.9701e+02  -3.2182e+02   4.9759e+02
   6.6486e+02  -3.3775e+02   4.6519e+02
   6.3133e+02  -3.4656e+02   4.3054e+02
   5.9807e+02  -3.4813e+02   3.9383e+02
   5.6673e+02  -3.4272e+02   3.5522e+02
   5.3883e+02  -3.3098e+02   3.1490e+02
   5.1572e+02  -3.1386e+02   2.7306e+02
   4.9850e+02  -2.9263e+02   2.2991e+02
   4.8795e+02  -2.6875e+02   1.8565e+02
   4.8448e+02  -2.4382e+02   1.4050e+02
   4.8814e+02  -2.1950e+02   9.4675e+01
   4.9859e+02  -1.9743e+02   4.8391e+01
   5.1514e+02  -1.7909e+02   1.8751e+00
   5.3676e+02  -1.6581e+02  -4.4650e+01
   5.6216e+02  -1.5862e+02  -9.0961e+01
   5.8983e+02  -1.5823e+02  -1.3683e+02
   6.1816e+02  -1.6500e+02  -1.8205e+02
   6.4549e+02  -1.7890e+02  -2.2638e+02
   6.7020e+02  -1.9953e+02  -2.6963e+02
   6.9082e+02  -2.2612e+02  -3.1158e+02
   7.0608e+02  -2.5761e+02  -3.5203e+02
   7.1501e+02  -2.9264e+02  -3.9079e+02
   7.1695e+02  -3.2969e+02  -4.2766e+02
   7.1161e+02  -3.6714e+02  -4.6248e+02
   6.9908e+02  -4.0330e+02  -4.9507e+02
   6.7985e+02  -4.3661e+02  -5.2527e+02
   6.5472e+02  -4.6560e+02  -5.5295e+02
   6.2483e+02  -4.8906e+02  -5.7797e+02
   5.9156e+02  -5.0607e+02  -6.0020e+02
   5.5646e+02  -5.1603e+02  -6.1955e+02
   5.2117e+02  -5.1872e+02  -6.3591e+02
   4.8735e+02  -5.1431e+02  -6.4921e+02
   4.5658e+02  -5.0333e+02  -6.5939e+02
   4.3025e+02  -4.8666e+02  -6.6639e+02
   4.0954e+02  -4.6548e+02  -6.7018e+02
   3.9533e+02  -4.4120e+02  -6.7075e+02
   3.8813e+02  -4.1540e+02  -6.6809e+02
   3.8809e+02  -3.8972e+02  -6.6222e+02
   3.9500e+02  -3.6583e+02  -6.5315e+02
   4.0824e+02  -3.4525e+02  -6.4094e+02
   4.2687e+02  -3.2936e+02  -6.2565e+02
   4.4968e+02  -3.1929e+02  -6.0735e+02
   4.7522e+02  -3.1583e+02  -5.8612e+02
   5.0188e+02  -3.1946e+02  -5.6207e+02
   5.2802e+02  -3.3025e+02  -5.3531e+02
   5.5199e+02  -3.4789e+02  -5.0598e+02
   5.7228e+02  -3.7174e+02  -4.7421e+02
   5.8756e+02  -4.0078e+02  -4.4016e+02
   5.9676e+02  -4.3376e+02  -4.0399e+02
   5.9912e+02  -4.6919e+02  -3.6588e+02
   5.9426e+02  -5.0544e+02  -3.2600e+02
   5.8217e+02  -5.4088e+02  -2.8456e+02
   5.6321e+02  -5.7386e+02  -2.4174e+02
   5.3811e+02  -6.0290e+02  -1.9776e+02
   5.0792e+02  -6.2672e+02  -1.5283e+02
   4.7395e+02  -6.4428e+02  -1.0717e+02
   4.3772e+02  -6.5492e+02  -6.0987e+01
   4.0085e+02  -6.5830e+02  -1.4512e+01
   3.6501e+02  -6.5447e+02   3.2033e+01
   3.3179e+02  -6.4387e+02   7.8424e+01
   3.0267e+02  -6.2729e+02   1.2444e+02
   2.7888e+02  -6.0583e+02   1.6985e+02
   2.6138e+02  -5.8083e+02   2.1445e+02
   2.5081e+02  -5.5385e+02   2.5801e+02
   2.4741e+02  -5.2652e+02   3.0034e+02
   2.5106e+02  -5.0049e+02   3.4121e+02
   2.6128e+02  -4.7735e+02   3.8045e+02
   2.7720e+02  -4.5853e+02   4.1785e+02
   2.9767e+02  -4.4522e+02   4.5324e+02
   3.2132e+02  -4.3833e+02   4.8645e+02
   3.4656e+02  -4.3841e+02   5.1732e+02
   3.7176e+02  -4.4565e+02   5.4570e+02
   3.9526e+02  -4.5986e+02   5.7145e+02
   4.1550e+02  -4.8048e+02   5.9445e+02
   4.3110e+02  -5.0659e+02   6.1459e+02
   4.4090e+02  -5.3701e+02   6.3177e+02
   4.4406e+02  -5.7029e+02   6.4591e+02
   4.4009e+02  -6.0485e+02   6.5694e+02
   4.2887e+02  -6.3904e+02   6.6480e+02
   4.1066e+02  -6.7122e+02   6.6947e+02
   3.8608e+02  -6.9984e+02   6.7092e+02
   3.5611e+02  -7.2356e+02   6.6913e+02
   3.2199e+02  -7.4127e+02   6.6413e+02
   2.8518e+02  -7.5220e+02   6.5592e+02
   2.4729e+02  -7.5591e+02   6.4456e+02
   2.0998e+02  -7.5236e+02   6.3010e+02
   1.7488e+02  -7.4186e+02   6.1261e+02
   1.4349e+02  -7.2512e+02   5.9216e+02
   1.1714e+02  -7.0315e+02   5.6887e+02
   9.6864e+01  -6.7724e+02   5.4283e+02
   8.3386e+01  -6.4888e+02   5.1419e+02
   7.7070e+01  -6.1970e+02   4.8307e+02
   7.7899e+01  -5.9136e+02   4.4962e+02
   8.5478e+01  -5.6546e+02   4.1401e+02
   9.9054e+01  -5.4350e+02   3.7640e+02
   1.1756e+02  -5.2672e+02   3.3699e+02
   1.3965e+02  -5.1614e+02   2.9595e+02
   1.6382e+02  -5.1240e+02   2.5349e+02
   1.8843e+02  -5.1580e+02   2.0980e+02
   2.1181e+02  -5.2625e+02   1.6511e+02
   2.3238e+02  -5.4329e+02   1.1962e+02
   2.4869e+02  -5.6612e+02   7.3561e+01
   2.5952e+02  -5.9359e+02   2.7143e+01
   2.6394e+02  -6.2434e+02  -1.9405e+01
   2.6134e+02  -6.5683e+02  -6.5860e+01
   2.5150e+02  -6.8940e+02  -1.1200e+02
   2.3458e+02  -7.2040e+02  -1.5760e+02
   2.1111e+02  -7.4826e+02  -2.0244e+02
   1.8196e+02  -7.7156e+02  -2.4630e+02
   1.4831e+02  -7.8914e+02  -2.8898e+02
   1.1156e+02  -8.0010e+02  -3.3027e+02
   7.3295e+01  -8.0393e+02  -3.6997e+02
   3.5161e+01  -8.0046e+02  -4.0789e+02
  -1.1919e+00  -7.8992e+02  -4.4384e+02
  -3.4213e+01  -7.7290e+02  -4.7766e+02
  -6.2527e+01  -7.5032e+02  -5.0918e+02
  -8.5008e+01  -7.2342e+02  -5.3825e+02
  -1.0084e+02  -6.9364e+02  -5.6472e+02
  -1.0955e+02  -6.6256e+02  -5.8848e+02
  -1.1105e+02  -6.3185e+02  -6.0941e+02
  -1.0563e+02  -6.0315e+02  -6.2740e+02
  -9.3949e+01  -5.7797e+02  -6.4237e+02
  -7.6994e+01  -5.5766e+02  -6.5425e+02
  -5.6028e+01  -5.4328e+02  -6.6298e+02
  -3.2529e+01  -5.3560e+02  -6.6852e+02
  -8.1080e+00  -5.3501e+02  -6.7084e+02
   1.5575e+01  -5.4153e+02  -6.6994e+02
   3.6901e+01  -5.5481e+02  -6.6580e+02
   5.4372e+01  -5.7413e+02  -6.5847e+02
   6.6698e+01  -5.9844e+02  -6.4796e+02
   7.2858e+01  -6.2643e+02  -6.3433e+02
   7.2158e+01  -6.5660e+02  -6.1765e+02
   6.4266e+01  -6.8732e+02  -5.9800e+02
   4.9232e+01  -7.1693e+02  -5.7547e+02
   2.7482e+01  -7.4382e+02  -5.5016e+02
  -2.0355e-01  -7.6654e+02  -5.2221e+02
  -3.2728e+01  -7.8382e+02  -4.9175e+02
  -6.8740e+01  -7.9472e+02  -4.5892e+02
  -1.0670e+02  -7.9858e+02  -4.2388e+02
  -1.4498e+02  -7.9516e+02  -3.8680e+02
  -1.8191e+02  -7.8456e+02  -3.4786e+02
  -2.1591e+02  -7.6728e+02  -3.0724e+02
  -2.4554e+02  -7.4416e+02  -2.6514e+02
  -2.6960e+02  -7.1634e+02  -2.2177e+02
  -2.8719e+02  -6.8522e+02  -1.7733e+02
  -2.9773e+02  -6.5235e+02  -1.3204e+02
  -3.0103e+02  -6.1939e+02  -8.6109e+01
  -2.9727e+02  -5.8799e+02  -3.9765e+01
  -2.8701e+02  -5.5970e+02   6.7695e+00
  -2.7114e+02  -5.3593e+02   5.3272e+01
  -2.5087e+02  -5.1782e+02   9.9518e+01
  -2.2761e+02  -5.0624e+02   1.4528e+02
  -2.0295e+02  -5.0168e+02   1.9035e+02
  -1.7854e+02  -5.0427e+02   2.3450e+02
  -1.5603e+02  -5.1375e+02   2.7753e+02
  -1.3694e+02  -5.2951e+02   3.1921e+02
  -1.2264e+02  -5.5059e+02   3.5936e+02
  -1.1424e+02  -5.7575e+02   3.9778e+02
  -1.1251e+02  -6.0353e+02   4.3429e+02
  -1.1790e+02  -6.3232e+02   4.6870e+02
  -1.3047e+02  -6.6048e+02   5.0086e+02
  -1.4989e+02  -6.8636e+02   5.3061e+02
  -1.7547e+02  -7.0846e+02   5.5780e+02
  -2.0621e+02  -7.2546e+02   5.8231e+02
  -2.4082e+02  -7.3631e+02   6.0401e+02
  -2.7780e+02  -7.4028e+02   6.2281e+02
  -3.1554e+02  -7.3700e+02   6.3861e+02
  -3.5237e+02  -7.2649e+02   6.5134e+02
  -3.8669e+02  -7.0913e+02   6.6093e+02
  -4.1700e+02  -6.8566e+02   6.6734e+02
  -4.4203e+02  -6.5716e+02   6.7053e+02
  -4.6079e+02  -6.2495e+02   6.7050e+02
  -4.7261e+02  -5.9055e+02   6.6724e+02
  -4.7718e+02  -5.5561e+02   6.6077e+02
  -4.7459e+02  -5.2176e+02   6.5112e+02
  -4.6528e+02  -4.9062e+02   6.3833e+02
  -4.5007e+02  -4.6363e+02   6.2248e+02
  -4.3006e+02  -4.4203e+02   6.0362e+02
  -4.0664e+02  -4.2675e+02   5.8186e+02
  -3.8134e+02  -4.1839e+02   5.5730e+02
  -3.5581e+02  -4.1720e+02   5.3006e+02
  -3.3170e+02  -4.2302e+02   5.0026e+02
  -3.1058e+02  -4.3534e+02   4.6806e+02
  -2.9388e+02  -4.5328e+02   4.3360e+02
  -2.8277e+02  -4.7569e+02   3.9706e+02
  -2.7814e+02  -5.0115e+02   3.5860e+02
  -2.8052e+02  -5.2810e+02   3.1842e+02
  -2.9007e+02  -5.5488e+02   2.7670e+02
  -3.0659e+02  -5.7985e+02   2.3366e+02
  -3.2949e+02  -6.0145e+02   1.8949e+02
  -3.5784e+02  -6.1831e+02   1.4440e+02
  -3.9042e+02  -6.2930e+02   9.8626e+01
  -4.2579e+02  -6.3359e+02   5.2373e+01
  -4.6236e+02  -6.3070e+02   5.8681e+00
  -4.9848e+02  -6.2056e+02  -4.0665e+01
  -5.3250e+02  -6.0342e+02  -8.7003e+01
  -5.6290e+02  -5.7996e+02  -1.3292e+02
  -5.8834e+02  -5.5114e+02  -1.7820e+02
  -6.0773e+02  -5.1824e+02  -2.2262e+02
  -6.2032e+02  -4.8271e+02  -2.6597e+02
  -6.2569e+02  -4.4619e+02  -3.0804e+02
  -6.2382e+02  -4.1032e+02  -3.4863e+02
  -6.1506e+02  -3.7673e+02  -3.8753e+02
  -6.0011e+02  -3.4692e+02  -4.2458e+02
  -5.8002e+02  -3.2219e+02  -4.5958e+02
  -5.5609e+02  -3.0356e+02  -4.9236e+02
  -5.2982e+02  -2.9174e+02  -5.2278e+02
  -5.0284e+02  -2.8707e+02  -5.5068e+02
  -4.7680e+02  -2.8951e+02  -5.7593e+02
  -4.5332e+02  -2.9864e+02  -5.9841e+02
  -4.3386e+02  -3.1368e+02  -6.1800e+02
  -4.1967e+02  -3.3356e+02  -6.3462e+02
  -4.1173e+02  -3.5692e+02  -6.4819e+02
  -4.1067e+02  -3.8223e+02  -6.5864e+02
  -4.1677e+02  -4.0786e+02  -6.6591e+02
  -4.2992e+02  -4.3214e+02  -6.6998e+02
  -4.4963e+02  -4.5350e+02  -6.7083e+02
  -4.7506e+02  -4.7049e+02  -6.6845e+02
  -5.0509e+02  -4.8192e+02  -6.6284e+02
  -5.3831e+02  -4.8686e+02  -6.5405e+02
  -5.7318e+02  -4.8473e+02  -6.4211e+02
  -6.0804e+02  -4.7535e+02  -6.2708e+02
  -6.4125e+02  -4.5888e+02  -6.0903e+02
  -6.7123e+02  -4.3588e+02  -5.8805e+02
  -6.9659e+02  -4.0724e+02  -5.6424e+02
  -7.1617e+02  -3.7415e+02  -5.3771e+02
  -7.2911e+02  -3.3803e+02  -5.0859e+02
  -7.3490e+02  -3.0046e+02  -4.7703e+02
  -7.3340e+02  -2.6310e+02  -4.4317e+02
  -7.2486e+02  -2.2759e+02  -4.0717e+02
  -7.0990e+02  -1.9547e+02  -3.6922e+02
  -6.8945e+02  -1.6811e+02  -3.2949e+02
  -6.6477e+02  -1.4662e+02  -2.8817e+02
  -6.3730e+02  -1.3179e+02  -2.4546e+02
  -6.0865e+02  -1.2407e+02  -2.0158e+02
  -5.8047e+02  -1.2352e+02  -1.5672e+02
  -5.5439e+02  -1.2984e+02  -1.1111e+02
  -5.3193e+02  -1.4234e+02  -6.4962e+01
  -5.1441e+02  -1.6003e+02  -1.8504e+01
  -5.0288e+02  -1.8161e+02   2.8044e+01
  -4.9809e+02  -2.0561e+02   7.4457e+01
  -5.0040e+02  -2.3041e+02   1.2051e+02
  -5.0982e+02  -2.5434e+02   1.6599e+02
  -5.2597e+02  -2.7580e+02   2.1066e+02
  -5.4810e+02  -2.9329e+02   2.5432e+02
  -5.7515e+02  -3.0555e+02   2.9676e+02
  -6.0581e+02  -3.1156e+02   3.3777e+02
  -6.3855e+02  -3.1066e+02   3.7715e+02
  -6.7174e+02  -3.0253e+02   4.1472e+02
  -7.0373e+02  -2.8725e+02   4.5029e+02
  -7.3291e+02  -2.6526e+02   4.8369e+02
  -7.5783e+02  -2.3738e+02   5.1477e+02
  -7.7726e+02  -2.0470e+02   5.4336e+02
  -7.9025e+02  -1.6859e+02   5.6934e+02
  -7.9619e+02  -1.3060e+02   5.9259e+02
  -7.9483e+02  -9.2379e+01   6.1297e+02
  -7.8633e+02  -5.5570e+01   6.3041e+02
  -7.7118e+02  -2.1757e+01   6.4481e+02
  -7.5025e+02   7.6380e+00   6.5611e+02
  -7.2470e+02   3.1429e+01   6.6425e+02
  -6.9594e+02   4.8727e+01   6.6920e+02
  -6.6552e+02   5.8983e+01   6.7092e+02
  -6.3511e+02   6.2024e+01   6.6941e+02
  -6.0635e+02   5.8056e+01   6.6468e+02
  -5.8079e+02   4.7658e+01   6.5675e+02
  -5.5982e+02   3.1747e+01   6.4566e+02
  -5.4458e+02   1.1532e+01   6.3146e+02
  -5.3589e+02  -1.1551e+01   6.1422e+02
  -5.3424e+02  -3.5912e+01   5.9403e+02
  -5.3973e+02  -5.9896e+01   5.7097e+02
  -5.5208e+02  -8.1866e+01   5.4517e+02
  -5.7066e+02  -1.0029e+02   5.1674e+02
  -5.9448e+02  -1.1383e+02   4.8583e+02
  -6.2230e+02  -1.2140e+02   4.5258e+02
  -6.5264e+02  -1.2223e+02   4.1714e+02
  -6.8389e+02  -1.1590e+02   3.7970e+02
  -7.1440e+02  -1.0238e+02   3.4044e+02
  -7.4253e+02  -8.2012e+01   2.9953e+02
  -7.6680e+02  -5.5506e+01   2.5718e+02
  -7.8588e+02  -2.3890e+01   2.1359e+02
  -7.9876e+02   1.1535e+01   1.6898e+02
  -8.0472e+02   4.9267e+01   1.2355e+02
  -8.0342e+02   8.7681e+01   7.7529e+01
  -7.9489e+02   1.2512e+02   3.1133e+01
  -7.7953e+02   1.5997e+02  -1.5413e+01
  -7.5812e+02   1.9076e+02  -6.1885e+01
  -7.3174e+02   2.1623e+02  -1.0806e+02
  -7.0173e+02   2.3540e+02  -1.5371e+02
  -6.6962e+02   2.4762e+02  -1.9863e+02
  -6.3705e+02   2.5262e+02  -2.4258e+02
  -6.0567e+02   2.5050e+02  -2.8537e+02
  -5.7707e+02   2.4172e+02  -3.2679e+02
  -5.5270e+02   2.2712e+02  -3.6663e+02
  -5.3377e+02   2.0784e+02  -4.0471e+02
  -5.2119e+02   1.8524e+02  -4.4084e+02
  -5.1555e+02   1.6089e+02  -4.7485e+02
  -5.1707e+02   1.3643e+02  -5.0657e+02
  -5.2557e+02   1.1352e+02  -5.3585e+02
  -5.4051e+02   9.3710e+01  -5.6256e+02
  -5.6100e+02   7.8415e+01  -5.8655e+02
  -5.8586e+02   6.8797e+01  -6.0773e+02
  -6.1368e+02   6.5719e+01  -6.2597e+02
  -6.4288e+02   6.9697e+01  -6.4121e+02
  -6.7179e+02   8.0873e+01  -6.5336e+02
  -6.9879e+02   9.9009e+01  -6.6236e+02
  -7.2232e+02   1.2350e+02  -6.6817e+02
  -7.4102e+02   1.5339e+02  -6.7077e+02
  -7.5377e+02   1.8746e+02  -6.7014e+02
  -7.5978e+02   2.2426e+02  -6.6628e+02
  -7.5859e+02   2.6218e+02  -6.5922e+02
  -7.5012e+02   2.9956e+02  -6.4898e+02
  -7.3468e+02   3.3478e+02  -6.3562e+02
  -7.1295e+02   3.6632e+02  -6.1920e+02
  -6.8592e+02   3.9284e+02  -5.9980e+02
  -6.5487e+02   4.1328e+02  -5.7751e+02
  -6.2128e+02   4.2690e+02  -5.5244e+02
  -5.8677e+02   4.3332e+02  -5.2471e+02
  -5.5300e+02   4.3253e+02  -4.9446e+02
  -5.2159e+02   4.2490e+02  -4.6182e+02
  -4.9402e+02   4.1116e+02  -4.2697e+02
  -4.7158e+02   3.9237e+02  -3.9005e+02
  -4.5529e+02   3.6985e+02  -3.5126e+02
  -4.4581e+02   3.4510e+02  -3.1078e+02
  -4.4348e+02   3.1975e+02  -2.6881e+02
  -4.4822e+02   2.9547e+02  -2.2554e+02
  -4.5959e+02   2.7386e+02  -1.8118e+02
  -4.7681e+02   2.5637e+02  -1.3595e+02
  -4.9877e+02   2.4424e+02  -9.0067e+01
  -5.2410e+02   2.3841e+02  -4.3751e+01
  -5.5128e+02   2.3952e+02   2.7765e+00
  -5.7865e+02   2.4781e+02   4.9290e+01
  -6.0456e+02   2.6314e+02   9.5567e+01
  -6.2744e+02   2.8501e+02   1.4138e+02
  -6.4585e+02   3.1257e+02   1.8652e+02
  -6.5862e+02   3.4466e+02   2.3076e+02
  -6.6483e+02   3.7987e+02   2.7389e+02
  -6.6395e+02   4.1665e+02   3.1569e+02
  -6.5578e+02   4.5334e+02   3.5598e+02
  -6.4054e+02   4.8830e+02   3.9456e+02
  -6.1878e+02   5.1996e+02   4.3124e+02
  -5.9143e+02   5.4694e+02   4.6584e+02
  -5.5969e+02   5.6809e+02   4.9819e+02
  -5.2498e+02   5.8259e+02   5.2815e+02
  -4.8891e+02   5.8992e+02   5.5557e+02
  -4.5313e+02   5.9000e+02   5.8032e+02
  -4.1927e+02   5.8308e+02   6.0227e+02
  -3.8887e+02   5.6979e+02   6.2132e+02
  -3.6327e+02   5.5111e+02   6.3738e+02
  -3.4358e+02   5.2828e+02   6.5037e+02
  -3.3057e+02   5.0278e+02   6.6023e+02
  -3.2465e+02   4.7620e+02   6.6691e+02
  -3.2588e+02   4.5021e+02   6.7039e+02
  -3.3392e+02   4.2643e+02   6.7063e+02
  -3.4808e+02   4.0637e+02   6.6765e+02
  -3.6732e+02   3.9133e+02   6.6145e+02
  -3.9035e+02   3.8235e+02   6.5207e+02
  -4.1568e+02   3.8014e+02   6.3955e+02
  -4.4169e+02   3.8507e+02   6.2396e+02
  -4.6672e+02   3.9711e+02   6.0535e+02
  -4.8915e+02   4.1584e+02   5.8384e+02
  -5.0752e+02   4.4052e+02   5.5951e+02
  -5.2055e+02   4.7006e+02   5.3249e+02
  -5.2727e+02   5.0313e+02   5.0291e+02
  -5.2702e+02   5.3820e+02   4.7091e+02
  -5.1952e+02   5.7364e+02   4.3664e+02
  -5.0486e+02   6.0778e+02   4.0027e+02
  -4.8351e+02   6.3904e+02   3.6197e+02
  -4.5629e+02   6.6596e+02   3.2193e+02
  -4.2433e+02   6.8734e+02   2.8034e+02
  -3.8901e+02   7.0224e+02   2.3740e+02
  -3.5188e+02   7.1008e+02   1.9331e+02
  -3.1458e+02   7.1064e+02   1.4830e+02
  -2.7878e+02   7.0407e+02   1.0257e+02
  -2.4603e+02   6.9091e+02   5.6353e+01
  -2.1776e+02   6.7204e+02   9.8610e+00
  -1.9513e+02   6.4864e+02  -3.6679e+01
  -1.7900e+02   6.2212e+02  -8.3042e+01
  -1.6992e+02   5.9405e+02  -1.2901e+02
  -1.6802e+02   5.6610e+02  -1.7435e+02
  -1.7308e+02   5.3990e+02  -2.1885e+02
  -1.8450e+02   5.1700e+02  -2.6230e+02
  -2.0134e+02   4.9876e+02  -3.0449e+02
  -2.2238e+02   4.8632e+02  -3.4521e+02
  -2.4617e+02   4.8048e+02  -3.8427e+02
  -2.7111e+02   4.8169e+02  -4.2148e+02
  -2.9556e+02   4.9005e+02  -4.5666e+02
  -3.1787e+02   5.0525e+02  -4.8964e+02
  -3.3652e+02   5.2662e+02  -5.2027e+02
  -3.5019e+02   5.5318e+02  -5.4839e+02
  -3.5781e+02   5.8366e+02  -5.7387e+02
  -3.5862e+02   6.1656e+02  -5.9659e+02
  -3.5225e+02   6.5029e+02  -6.1644e+02
  -3.3866e+02   6.8317e+02  -6.3332e+02
  -3.1824e+02   7.1360e+02  -6.4715e+02
  -2.9171e+02   7.4007e+02  -6.5787e+02
  -2.6011e+02   7.6130e+02  -6.6541e+02
  -2.2476e+02   7.7627e+02  -6.6976e+02
  -1.8717e+02   7.8430e+02  -6.7088e+02
  -1.4898e+02   7.8506e+02  -6.6878e+02
  -1.1183e+02   7.7860e+02  -6.6345e+02
  -7.7335e+01   7.6536e+02  -6.5493e+02
  -4.6956e+01   7.4613e+02  -6.4326e+02
  -2.1937e+01   7.2200e+02  -6.2849e+02
  -3.2385e+00   6.9432e+02  -6.1070e+02
   8.5150e+00   6.6465e+02  -5.8996e+02
   1.3065e+01   6.3461e+02  -5.6639e+02
   1.0535e+01   6.0586e+02  -5.4009e+02
   1.4231e+00   5.7999e+02  -5.1119e+02
  -1.3425e+01   5.5841e+02  -4.7983e+02
  -3.2860e+01   5.4234e+02  -4.4616e+02
  -5.5489e+01   5.3267e+02  -4.1034e+02
  -7.9750e+01   5.2996e+02  -3.7254e+02
  -1.0399e+02   5.3440e+02  -3.3296e+02
  -1.2658e+02   5.4580e+02  -2.9177e+02
  -1.4593e+02   5.6359e+02  -2.4917e+02
  -1.6067e+02   5.8687e+02  -2.0538e+02
  -1.6965e+02   6.1444e+02  -1.6060e+02
  -1.7202e+02   6.4487e+02  -1.1504e+02
  -1.6729e+02   6.7657e+02  -6.8936e+01
  -1.5534e+02   7.0789e+02  -2.2495e+01
  -1.3644e+02   7.3720e+02   2.4054e+01
  -1.1120e+02   7.6295e+02   7.0487e+01
  -8.0598e+01   7.8379e+02   1.1658e+02
  -4.5875e+01   7.9862e+02   1.6211e+02
  -8.4942e+00   8.0667e+02   2.0687e+02
   2.9938e+01   8.0749e+02   2.5062e+02
   6.7763e+01   8.0104e+02   2.9317e+02
   1.0335e+02   7.8766e+02   3.3431e+02
   1.3520e+02   7.6802e+02   3.7384e+02
   1.6198e+02   7.4314e+02   4.1157e+02
   1.8267e+02   7.1432e+02   4.4732e+02
   1.9652e+02   6.8305e+02   4.8092e+02
   2.0319e+02   6.5096e+02   5.1220e+02
   2.0268e+02   6.1969e+02   5.4101e+02
   1.9539e+02   5.9086e+02   5.6722e+02
   1.8208e+02   5.6596e+02   5.9070e+02
   1.6381e+02   5.4625e+02   6.1134e+02
   1.4191e+02   5.3272e+02   6.2903e+02
   1.1791e+02   5.2603e+02   6.4370e+02
   9.3446e+01   5.2647e+02   6.5527e+02
   7.0165e+01   5.3397e+02   6.6368e+02
   4.9664e+01   5.4805e+02   6.6890e+02
   3.3390e+01   5.6791e+02   6.7090e+02
   2.2564e+01   5.9243e+02   6.6967e+02
   1.8121e+01   6.2022e+02   6.6521e+02
   2.0655e+01   6.4974e+02   6.5756e+02
   3.0393e+01   6.7936e+02   6.4674e+02
   4.7180e+01   7.0740e+02   6.3280e+02
   7.0488e+01   7.3231e+02   6.1582e+02
   9.9442e+01   7.5267e+02   5.9587e+02
   1.3287e+02   7.6731e+02   5.7306e+02
   1.6936e+02   7.7534e+02   5.4749e+02
   2.0734e+02   7.7624e+02   5.1928e+02
   2.4516e+02   7.6985e+02   4.8857e+02
   2.8117e+02   7.5639e+02   4.5551e+02
   3.1382e+02   7.3645e+02   4.2026e+02
   3.4174e+02   7.1097e+02   3.8299e+02
   3.6380e+02   6.8116e+02   3.4387e+02
   3.7917e+02   6.4848e+02   3.0310e+02
   3.8740e+02   6.1451e+02   2.6086e+02
   3.8839e+02   5.8091e+02   2.1738e+02
   3.8244e+02   5.4931e+02   1.7284e+02
   3.7019e+02   5.2125e+02   1.2747e+02
   3.5264e+02   4.9805e+02   8.1494e+01
   3.3105e+02   4.8079e+02   3.5121e+01
   3.0690e+02   4.7023e+02  -1.1421e+01
   2.8179e+02   4.6677e+02  -5.7907e+01
   2.5739e+02   4.7043e+02  -1.0412e+02
   2.3531e+02   4.8085e+02  -1.4982e+02
   2.1705e+02   4.9731e+02  -1.9481e+02
   2.0391e+02   5.1877e+02  -2.3886e+02
   1.9690e+02   5.4393e+02  -2.8175e+02
   1.9672e+02   5.7127e+02  -3.2330e+02
   2.0369e+02   5.9918e+02  -3.6328e+02
   2.1778e+02   6.2598e+02  -4.0152e+02
   2.3855e+02   6.5008e+02  -4.3782e+02
   2.6523e+02   6.7002e+02  -4.7202e+02
   2.9672e+02   6.8454e+02  -5.0394e+02
   3.3167e+02   6.9268e+02  -5.3344e+02
   3.6854e+02   6.9381e+02  -5.6037e+02
   4.0570e+02   6.8766e+02  -5.8461e+02
   4.4148e+02   6.7435e+02  -6.0602e+02
   4.7430e+02   6.5437e+02  -6.2453e+02
   5.0274e+02   6.2857e+02  -6.4002e+02
   5.2558e+02   5.9809e+02  -6.5244e+02
   5.4192e+02   5.6431e+02  -6.6171e+02
   5.5119e+02   5.2880e+02  -6.6780e+02
   5.5319e+02   4.9320e+02  -6.7067e+02
   5.4811e+02   4.5918e+02  -6.7032e+02
   5.3650e+02   4.2828e+02  -6.6674e+02
   5.1926e+02   4.0191e+02  -6.5995e+02
   4.9759e+02   3.8121e+02  -6.4998e+02
   4.7290e+02   3.6705e+02  -6.3689e+02
   4.4678e+02   3.5993e+02  -6.2073e+02
   4.2089e+02   3.5997e+02  -6.0158e+02
   3.9686e+02   3.6692e+02  -5.7953e+02
   3.7623e+02   3.8015e+02  -5.5470e+02
   3.6036e+02   3.9873e+02  -5.2719e+02
   3.5035e+02   4.2140e+02  -4.9715e+02
   3.4699e+02   4.4670e+02  -4.6471e+02
   3.5072e+02   4.7304e+02  -4.3004e+02
   3.6160e+02   4.9876e+02  -3.9330e+02
   3.7931e+02   5.2223e+02  -3.5466e+02
   4.0315e+02   5.4194e+02  -3.1432e+02
   4.3212e+02   5.5657e+02  -2.7246e+02
   4.6494e+02   5.6507e+02  -2.2929e+02
   5.0011e+02   5.6671e+02  -1.8502e+02
   5.3601e+02   5.6113e+02  -1.3986e+02
   5.7099e+02   5.4833e+02  -9.4023e+01
   6.0342e+02   5.2870e+02  -4.7735e+01
   6.3183e+02   5.0299e+02  -1.2166e+00
   6.5494e+02   4.7227e+02   4.5307e+01
   6.7176e+02   4.3786e+02   9.1613e+01
   6.8162e+02   4.0128e+02   1.3748e+02
   6.8421e+02   3.6416e+02   1.8268e+02
   6.7961e+02   3.2818e+02   2.2700e+02
   6.6828e+02   2.9491e+02   2.7023e+02
   6.5102e+02   2.6581e+02   3.1216e+02
   6.2895e+02   2.4212e+02   3.5259e+02
   6.0344e+02   2.2476e+02   3.9132e+02
   5.7603e+02   2.1436e+02   4.2817e+02
   5.4836e+02   2.1113e+02   4.6295e+02
   5.2210e+02   2.1494e+02   4.9551e+02
   4.9880e+02   2.2527e+02   5.2568e+02
   4.7989e+02   2.4124e+02   5.5332e+02
   4.6656e+02   2.6170e+02   5.7830e+02
   4.5967e+02   2.8524e+02   6.0050e+02
   4.5978e+02   3.1029e+02   6.1980e+02
   4.6704e+02   3.3520e+02   6.3612e+02
   4.8124e+02   3.5832e+02   6.4938e+02
   5.0180e+02   3.7811e+02   6.5951e+02
   5.2779e+02   3.9318e+02   6.6646e+02
   5.5800e+02   4.0240e+02   6.7021e+02
   5.9098e+02   4.0496e+02   6.7074e+02
   6.2514e+02   4.0037e+02   6.6803e+02
   6.5883e+02   3.8854e+02   6.6211e+02
   6.9041e+02   3.6975e+02   6.5300e+02
   7.1836e+02   3.4466e+02   6.4075e+02
   7.4132e+02   3.1425e+02   6.2541e+02
   7.5824e+02   2.7977e+02   6.0706e+02
   7.6833e+02   2.4270e+02   5.8580e+02
   7.7119e+02   2.0465e+02   5.6171e+02
   7.6680e+02   1.6728e+02   5.3491e+02
   7.5549e+02   1.3222e+02   5.0555e+02
   7.3800e+02   1.0095e+02   4.7374e+02
   7.1534e+02   7.4796e+01   4.3966e+02
   6.8883e+02   5.4765e+01   4.0346e+02
   6.5996e+02   4.1567e+01   3.6532e+02
   6.3037e+02   3.5542e+01   3.2543e+02
   6.0170e+02   3.6650e+01   2.8396e+02
   5.7558e+02   4.4475e+01   2.4113e+02
   5.5345e+02   5.8245e+01   1.9713e+02
   5.3659e+02   7.6872e+01   1.5219e+02
   5.2596e+02   9.9011e+01   1.0652e+02
   5.2219e+02   1.2313e+02   6.0331e+01
   5.2557e+02   1.4760e+02   1.3853e+01
   5.3598e+02   1.7075e+02  -3.2691e+01
   5.5294e+02   1.9101e+02  -7.9078e+01
   5.7561e+02   2.0693e+02  -1.2508e+02
   6.0286e+02   2.1732e+02  -1.7049e+02
   6.3330e+02   2.2125e+02  -2.1507e+02
   6.6537e+02   2.1816e+02  -2.5862e+02
   6.9743e+02   2.0784e+02  -3.0092e+02
   7.2783e+02   1.9046e+02  -3.4178e+02
   7.5500e+02   1.6658e+02  -3.8099e+02
   7.7754e+02   1.3709e+02  -4.1836e+02
   7.9429e+02   1.0318e+02  -4.5373e+02
   8.0440e+02   6.6267e+01  -4.8690e+02
   8.0735e+02   2.7938e+01  -5.1774e+02
   8.0300e+02  -1.0155e+01  -5.4608e+02
   7.9162e+02  -4.6371e+01  -5.7179e+02
   7.7380e+02  -7.9165e+01  -5.9475e+02
   7.5049e+02  -1.0718e+02  -6.1485e+02
   7.2294e+02  -1.2929e+02  -6.3199e+02
   6.9260e+02  -1.4472e+02  -6.4608e+02
   6.6106e+02  -1.5301e+02  -6.5707e+02
   6.2999e+02  -1.5410e+02  -6.6489e+02
   6.0101e+02  -1.4830e+02  -6.6951e+02
   5.7565e+02  -1.3628e+02  -6.7091e+02
   5.5521e+02  -1.1905e+02  -6.6908e+02
   5.4076e+02  -9.7889e+01  -6.6403e+02
   5.3304e+02  -7.4282e+01  -6.5579e+02
   5.3242e+02  -4.9846e+01  -6.4438e+02
   5.3890e+02  -2.6239e+01  -6.2988e+02
   5.5210e+02  -5.0763e+00  -6.1234e+02
   5.7128e+02   1.2157e+01  -5.9185e+02
   5.9538e+02   2.4184e+01  -5.6852e+02
   6.2308e+02   3.0003e+01  -5.4245e+02
   6.5286e+02   2.8941e+01  -5.1376e+02
   6.8310e+02   2.0687e+01  -4.8261e+02
   7.1213e+02   5.3131e+00  -4.4913e+02
   7.3836e+02  -1.6733e+01  -4.1349e+02
   7.6033e+02  -4.4650e+01  -3.7586e+02
   7.7681e+02  -7.7327e+01  -3.3642e+02
   7.8686e+02  -1.1340e+02  -2.9536e+02
   7.8986e+02  -1.5132e+02  -2.5288e+02
   7.8556e+02  -1.8946e+02  -2.0918e+02
   7.7412e+02  -2.2615e+02  -1.6447e+02
   7.5604e+02  -2.5981e+02  -1.1898e+02
   7.3218e+02  -2.8903e+02  -7.2906e+01
   7.0370e+02  -3.1262e+02  -2.6485e+01
   6.7201e+02  -3.2969e+02   2.0063e+01
   6.3867e+02  -3.3968e+02   6.6515e+01
   6.0534e+02  -3.4244e+02   1.1265e+02
   5.7365e+02  -3.3815e+02   1.5824e+02
   5.4518e+02  -3.2741e+02   2.0306e+02
   5.2129e+02  -3.1112e+02   2.4691e+02
   5.0312e+02  -2.9050e+02   2.8958e+02
   4.9152e+02  -2.6699e+02   3.3084e+02
   4.8695e+02  -2.4216e+02   3.7052e+02
   4.8952e+02  -2.1767e+02   4.0841e+02
   4.9897e+02  -1.9517e+02   4.4434e+02
   5.1464e+02  -1.7618e+02   4.7812e+02
   5.3557e+02  -1.6204e+02   5.0961e+02
   5.6049e+02  -1.5384e+02   5.3864e+02
   5.8794e+02  -1.5234e+02   5.6508e+02
   6.1632e+02  -1.5797e+02   5.8880e+02
   6.4395e+02  -1.7076e+02   6.0968e+02
   6.6923e+02  -1.9037e+02   6.2763e+02
   6.9065e+02  -2.1608e+02   6.4256e+02
   7.0690e+02  -2.4687e+02   6.5440e+02
   7.1695e+02  -2.8144e+02   6.6308e+02
   7.2010e+02  -3.1829e+02   6.6858e+02
   7.1600e+02  -3.5580e+02   6.7085e+02
   7.0468e+02  -3.9230e+02   6.6990e+02
   6.8655e+02  -4.2618e+02   6.6572e+02
   6.6237e+02  -4.5598e+02   6.5834e+02
   6.3324e+02  -4.8043e+02   6.4779e+02
   6.0048e+02  -4.9856e+02   6.3412e+02
   5.6564e+02  -5.0972e+02   6.1739e+02
   5.3034e+02  -5.1363e+02   5.9770e+02
   4.9625e+02  -5.1038e+02   5.7513e+02
   4.6495e+02  -5.0046e+02   5.4979e+02
   4.3788e+02  -4.8469e+02   5.2180e+02
   4.1626e+02  -4.6421e+02   4.9130e+02
   4.0100e+02  -4.4038e+02   4.5844e+02
   3.9270e+02  -4.1477e+02   4.2337e+02
   3.9156e+02  -3.8902e+02   3.8626e+02
   3.9741e+02  -3.6479e+02   3.4729e+02
   4.0972e+02  -3.4363e+02   3.0665e+02
   4.2760e+02  -3.2696e+02   2.6454e+02
   4.4986e+02  -3.1593e+02   2.2115e+02
   4.7509e+02  -3.1142e+02   1.7670e+02
   5.0171e+02  -3.1392e+02   1.3139e+02
   5.2807e+02  -3.2360e+02   8.5456e+01
   5.5253e+02  -3.4021e+02   3.9108e+01
   5.7354e+02  -3.6315e+02  -7.4280e+00
   5.8974e+02  -3.9146e+02  -5.3928e+01
   6.0002e+02  -4.2392e+02  -1.0017e+02
   6.0357e+02  -4.5909e+02  -1.4593e+02
   5.9993e+02  -4.9535e+02  -1.9098e+02
   5.8905e+02  -5.3106e+02  -2.3512e+02
   5.7121e+02  -5.6457e+02  -2.7812e+02
   5.4710e+02  -5.9438e+02  -3.1979e+02
   5.1771e+02  -6.1915e+02  -3.5992e+02
   4.8431e+02  -6.3783e+02  -3.9831e+02
   4.4840e+02  -6.4966e+02  -4.3479e+02
   4.1158e+02  -6.5427e+02  -4.6917e+02
   3.7552e+02  -6.5164e+02  -5.0130e+02
   3.4183e+02  -6.4216e+02  -5.3101e+02
   3.1200e+02  -6.2654e+02  -5.5817e+02
   2.8733e+02  -6.0585e+02  -5.8264e+02
   2.6881e+02  -5.8139e+02  -6.0430e+02
   2.5712e+02  -5.5470e+02  -6.2306e+02
   2.5260e+02  -5.2738e+02  -6.3881e+02
   2.5517e+02  -5.0110e+02  -6.5149e+02
   2.6439e+02  -4.7746e+02  -6.6104e+02
   2.7948e+02  -4.5792e+02  -6.6740e+02
   2.9933e+02  -4.4372e+02  -6.7055e+02
   3.2258e+02  -4.3580e+02  -6.7048e+02
   3.4769e+02  -4.3478e+02  -6.6717e+02
   3.7302e+02  -4.4092e+02  -6.6066e+02
   3.9692e+02  -4.5408e+02  -6.5096e+02
   4.1781e+02  -4.7376e+02  -6.3813e+02
   4.3426e+02  -4.9910e+02  -6.2223e+02
   4.4508e+02  -5.2895e+02  -6.0333e+02
   4.4939e+02  -5.6191e+02  -5.8153e+02
   4.4662e+02  -5.9642e+02  -5.5693e+02
   4.3659e+02  -6.3082e+02  -5.2965e+02
   4.1951e+02  -6.6347e+02  -4.9982e+02
   3.9595e+02  -6.9281e+02  -4.6758e+02
   3.6682e+02  -7.1745e+02  -4.3310e+02
   3.3332e+02  -7.3624e+02  -3.9652e+02
   2.9688e+02  -7.4836e+02  -3.5804e+02
   2.5910e+02  -7.5332e+02  -3.1784e+02
   2.2163e+02  -7.5099e+02  -2.7610e+02
   1.8610e+02  -7.4165e+02  -2.3304e+02
   1.5406e+02  -7.2593e+02  -1.8886e+02
   1.2685e+02  -7.0479e+02  -1.4376e+02
   1.0556e+02  -6.7950e+02  -9.7975e+01
   9.0977e+01  -6.5151e+02  -5.1717e+01
   8.3514e+01  -6.2243e+02  -5.2096e+00
   8.3220e+01  -5.9392e+02   4.1322e+01
   8.9760e+01  -5.6761e+02   8.7656e+01
   1.0244e+02  -5.4499e+02   1.3357e+02
   1.2023e+02  -5.2737e+02   1.7884e+02
   1.4184e+02  -5.1580e+02   2.2324e+02
   1.6578e+02  -5.1099e+02   2.6658e+02
   1.9043e+02  -5.1329e+02   3.0862e+02
   2.1412e+02  -5.2268e+02   3.4919e+02
   2.3525e+02  -5.3876e+02   3.8807e+02
   2.5234e+02  -5.6076e+02   4.2509e+02
   2.6413e+02  -5.8762e+02   4.6006e+02
   2.6964e+02  -6.1799e+02   4.9281e+02
   2.6821e+02  -6.5034e+02   5.2319e+02
   2.5955e+02  -6.8306e+02   5.5106e+02
   2.4377e+02  -7.1447e+02   5.7627e+02
   2.2133e+02  -7.4298e+02   5.9870e+02
   1.9305e+02  -7.6716e+02   6.1826e+02
   1.6007e+02  -7.8578e+02   6.3484e+02
   1.2374e+02  -7.9792e+02   6.4836e+02
   8.5637e+01  -8.0299e+02   6.5876e+02
   4.7396e+01  -8.0076e+02   6.6599e+02
   1.0671e+01  -7.9140e+02   6.7002e+02
  -2.2967e+01  -7.7545e+02   6.7082e+02
  -5.2108e+01  -7.5378e+02   6.6839e+02
  -7.5582e+01  -7.2756e+02   6.6274e+02
  -9.2519e+01  -6.9822e+02   6.5391e+02
  -1.0239e+02  -6.6733e+02   6.4192e+02
  -1.0505e+02  -6.3653e+02   6.2685e+02
  -1.0072e+02  -6.0748e+02   6.0875e+02
  -9.0008e+01  -5.8171e+02   5.8773e+02
  -7.3841e+01  -5.6061e+02   5.6388e+02
  -5.3446e+01  -5.4528e+02   5.3731e+02
  -3.0270e+01  -5.3655e+02   5.0816e+02
  -5.9064e+00  -5.3487e+02   4.7656e+02
   1.7987e+01  -5.4031e+02   4.4267e+02
   3.9780e+01  -5.5260e+02   4.0665e+02
   5.7950e+01  -5.7105e+02   3.6867e+02
   7.1170e+01  -5.9468e+02   3.2891e+02
   7.8370e+01  -6.2222e+02   2.8757e+02
   7.8803e+01  -6.5220e+02   2.4485e+02
   7.2077e+01  -6.8298e+02   2.0095e+02
   5.8178e+01  -7.1293e+02   1.5608e+02
   3.7472e+01  -7.4041e+02   1.1046e+02
   1.0685e+01  -7.6395e+02   6.4307e+01
  -2.1135e+01  -7.8223e+02   1.7845e+01
  -5.6675e+01  -7.9427e+02  -2.8702e+01
  -9.4423e+01  -7.9936e+02  -7.5111e+01
  -1.3275e+02  -7.9718e+02  -1.2116e+02
  -1.7000e+02  -7.8779e+02  -1.6662e+02
  -2.0457e+02  -7.7161e+02  -2.1129e+02
  -2.3500e+02  -7.4945e+02  -2.5493e+02
  -2.6004e+02  -7.2238e+02  -2.9735e+02
  -2.7873e+02  -6.9177e+02  -3.3834e+02
  -2.9044e+02  -6.5916e+02  -3.7769e+02
  -2.9493e+02  -6.2618e+02  -4.1523e+02
  -2.9231e+02  -5.9450e+02  -4.5078e+02
  -2.8307e+02  -5.6568e+02  -4.8415e+02
  -2.6807e+02  -5.4117e+02  -5.1519e+02
  -2.4845e+02  -5.2216e+02  -5.4375e+02
  -2.2561e+02  -5.0954e+02  -5.6969e+02
  -2.0110e+02  -5.0389e+02  -5.9289e+02
  -1.7658e+02  -5.0538e+02  -6.1324e+02
  -1.5369e+02  -5.1384e+02  -6.3064e+02
  -1.3399e+02  -5.2869e+02  -6.4500e+02
  -1.1887e+02  -5.4903e+02  -6.5625e+02
  -1.0948e+02  -5.7367e+02  -6.6435e+02
  -1.0666e+02  -6.0117e+02  -6.6924e+02
  -1.1091e+02  -6.2995e+02  -6.7092e+02
  -1.2235e+02  -6.5836e+02  -6.6937e+02
  -1.4071e+02  -6.8476e+02  -6.6459e+02
  -1.6537e+02  -7.0761e+02  -6.5662e+02
  -1.9537e+02  -7.2556e+02  -6.4548e+02
  -2.2946e+02  -7.3751e+02  -6.3124e+02
  -2.6617e+02  -7.4269e+02  -6.1396e+02
  -3.0391e+02  -7.4065e+02  -5.9372e+02
  -3.4101e+02  -7.3135e+02  -5.7063e+02
  -3.7585e+02  -7.1512e+02  -5.4479e+02
  -4.0692e+02  -6.9265e+02  -5.1632e+02
  -4.3290e+02  -6.6495e+02  -4.8537e+02
  -4.5275e+02  -6.3332e+02  -4.5209e+02
  -4.6575e+02  -5.9925e+02  -4.1663e+02
  -4.7153e+02  -5.6435e+02  -3.7916e+02
  -4.7012e+02  -5.3029e+02  -3.3987e+02
  -4.6189e+02  -4.9868e+02  -2.9894e+02
  -4.4761e+02  -4.7100e+02  -2.5657e+02
  -4.2835e+02  -4.4852e+02  -2.1297e+02
  -4.0543e+02  -4.3222e+02  -1.6834e+02
  -3.8038e+02  -4.2278e+02  -1.2290e+02
  -3.5483e+02  -4.2048e+02  -7.6874e+01
  -3.3043e+02  -4.2524e+02  -3.0475e+01
  -3.0878e+02  -4.3659e+02   1.6071e+01
  -2.9133e+02  -4.5374e+02   6.2540e+01
  -2.7930e+02  -4.7555e+02   1.0871e+02
  -2.7362e+02  -5.0065e+02   1.5435e+02
  -2.7488e+02  -5.2750e+02   1.9925e+02
  -2.8332e+02  -5.5445e+02   2.4320e+02
  -2.9878e+02  -5.7985e+02   2.8597e+02
  -3.2072e+02  -6.0213e+02   3.2736e+02
  -3.4829e+02  -6.1988e+02   3.6718e+02
  -3.8031e+02  -6.3192e+02   4.0523e+02
  -4.1536e+02  -6.3738e+02   4.4134e+02
  -4.5187e+02  -6.3572e+02   4.7531e+02
  -4.8820e+02  -6.2679e+02   5.0700e+02
  -5.2269e+02  -6.1081e+02   5.3625e+02
  -5.5380e+02  -5.8837e+02   5.6292e+02
  -5.8016e+02  -5.6040e+02   5.8687e+02
  -6.0063e+02  -5.2812e+02   6.0801e+02
  -6.1440e+02  -4.9298e+02   6.2621e+02
  -6.2099e+02  -4.5657e+02   6.4140e+02
  -6.2033e+02  -4.2055e+02   6.5351e+02
  -6.1270e+02  -3.8654e+02   6.6246e+02
  -5.9875e+02  -3.5608e+02   6.6823e+02
  -5.7948e+02  -3.3051e+02   6.7078e+02
  -5.5613e+02  -3.1089e+02   6.7011e+02
  -5.3020e+02  -2.9798e+02   6.6621e+02
  -5.0329e+02  -2.9218e+02   6.5910e+02
  -4.7706e+02  -2.9353e+02   6.4881e+02
  -4.5313e+02  -3.0165e+02   6.3541e+02
  -4.3299e+02  -3.1583e+02   6.1895e+02
  -4.1794e+02  -3.3503e+02   5.9950e+02
  -4.0899e+02  -3.5795e+02   5.7717e+02
  -4.0685e+02  -3.8307e+02   5.5207e+02
  -4.1184e+02  -4.0878e+02   5.2430e+02
  -4.2391e+02  -4.3341e+02   4.9401e+02
  -4.4265e+02  -4.5536e+02   4.6135e+02
  -4.6727e+02  -4.7317e+02   4.2646e+02
  -4.9668e+02  -4.8559e+02   3.8952e+02
  -5.2952e+02  -4.9165e+02   3.5070e+02
  -5.6427e+02  -4.9073e+02   3.1020e+02
  -5.9928e+02  -4.8256e+02   2.6820e+02
  -6.3290e+02  -4.6725e+02   2.2492e+02
  -6.6355e+02  -4.4529e+02   1.8054e+02
  -6.8978e+02  -4.1754e+02   1.3531e+02
  -7.1041e+02  -3.8512e+02   8.9415e+01
  -7.2452e+02  -3.4943e+02   4.3094e+01
  -7.3154e+02  -3.1204e+02  -3.4351e+00
  -7.3127e+02  -2.7458e+02  -4.9947e+01
  -7.2391e+02  -2.3871e+02  -9.6219e+01
  -7.1000e+02  -2.0599e+02  -1.4203e+02
  -6.9044e+02  -1.7782e+02  -1.8715e+02
  -6.6642e+02  -1.5535e+02  -2.3138e+02
  -6.3937e+02  -1.3943e+02  -2.7449e+02
  -6.1088e+02  -1.3057e+02  -3.1627e+02
  -5.8259e+02  -1.2890e+02  -3.5654e+02
  -5.5614e+02  -1.3416e+02  -3.9509e+02
  -5.3307e+02  -1.4573e+02  -4.3174e+02
  -5.1475e+02  -1.6267e+02  -4.6631e+02
  -5.0226e+02  -1.8372e+02  -4.9863e+02
  -4.9641e+02  -2.0744e+02  -5.2856e+02
  -4.9762e+02  -2.3222e+02  -5.5594e+02
  -5.0596e+02  -2.5641e+02  -5.8065e+02
  -5.2111e+02  -2.7838e+02  -6.0256e+02
  -5.4239e+02  -2.9661e+02  -6.2156e+02
  -5.6878e+02  -3.0979e+02  -6.3758e+02
  -5.9899e+02  -3.1688e+02  -6.5053e+02
  -6.3155e+02  -3.1714e+02  -6.6035e+02
  -6.6482e+02  -3.1021e+02  -6.6698e+02
  -6.9716e+02  -2.9608e+02  -6.7041e+02
  -7.2694e+02  -2.7516e+02  -6.7061e+02
  -7.5269e+02  -2.4819e+02  -6.6758e+02
  -7.7314e+02  -2.1623e+02  -6.6134e+02
  -7.8727e+02  -1.8061e+02  -6.5192e+02
  -7.9444e+02  -1.4285e+02  -6.3935e+02
  -7.9433e+02  -1.0458e+02  -6.2371e+02
  -7.8702e+02  -6.7462e+01  -6.0507e+02
  -7.7297e+02  -3.3091e+01  -5.8351e+02
  -7.5299e+02  -2.9173e+00  -5.5915e+02
  -7.2818e+02   2.1830e+01  -5.3209e+02
  -6.9991e+02   4.0209e+01  -5.0248e+02
  -6.6974e+02   5.1616e+01  -4.7044e+02
  -6.3930e+02   5.5816e+01  -4.3614e+02
  -6.1024e+02   5.2952e+01  -3.9974e+02
  -5.8414e+02   4.3545e+01  -3.6141e+02
  -5.6243e+02   2.8460e+01  -3.2135e+02
  -5.4626e+02   8.8609e+00  -2.7974e+02
  -5.3654e+02  -1.3848e+01  -2.3678e+02
  -5.3380e+02  -3.8098e+01  -1.9268e+02
  -5.3820e+02  -6.2239e+01  -1.4766e+02
  -5.4954e+02  -8.4627e+01  -1.0192e+02
  -5.6722e+02  -1.0371e+02  -5.5697e+01
  -5.9032e+02  -1.1811e+02  -9.2025e+00
  -6.1764e+02  -1.2669e+02   3.7336e+01
  -6.4772e+02  -1.2864e+02   8.3695e+01
  -6.7898e+02  -1.2348e+02   1.2965e+02
  -7.0977e+02  -1.1112e+02   1.7498e+02
  -7.3844e+02  -9.1826e+01   2.1947e+02
  -7.6347e+02  -6.6260e+01   2.6291e+02
  -7.8353e+02  -3.5401e+01   3.0507e+02
  -7.9752e+02  -5.0813e-01   3.4577e+02
  -8.0470e+02   3.6944e+01   3.8481e+02
  -8.0464e+02   7.5348e+01   4.2199e+02
  -7.9733e+02   1.1304e+02   4.5714e+02
  -7.8311e+02   1.4840e+02   4.9009e+02
  -7.6269e+02   1.7994e+02   5.2068e+02
  -7.3710e+02   2.0634e+02   5.4877e+02
  -7.0766e+02   2.2658e+02   5.7421e+02
  -6.7587e+02   2.3997e+02   5.9689e+02
  -6.4334e+02   2.4615e+02   6.1670e+02
  -6.1174e+02   2.4517e+02   6.3353e+02
  -5.8267e+02   2.3745e+02   6.4732e+02
  -5.5760e+02   2.2375e+02   6.5799e+02
  -5.3779e+02   2.0516e+02   6.6550e+02
  -5.2421e+02   1.8304e+02   6.6980e+02
  -5.1749e+02   1.5889e+02   6.7088e+02
  -5.1791e+02   1.3437e+02   6.6872e+02
  -5.2536e+02   1.1113e+02   6.6335e+02
  -5.3936e+02   9.0752e+01   6.5479e+02
  -5.5908e+02   7.4672e+01   6.4307e+02
  -5.8337e+02   6.4097e+01   6.2826e+02
  -6.1086e+02   5.9941e+01   6.1042e+02
  -6.3998e+02   6.2778e+01   5.8965e+02
  -6.6910e+02   7.2812e+01   5.6603e+02
  -6.9656e+02   8.9867e+01   5.3970e+02
  -7.2079e+02   1.1339e+02   5.1076e+02
  -7.4040e+02   1.4250e+02   4.7937e+02
  -7.5423e+02   1.7599e+02   4.4566e+02
  -7.6143e+02   2.1246e+02   4.0982e+02
  -7.6147e+02   2.5031e+02   3.7200e+02
  -7.5423e+02   2.8790e+02   3.3239e+02
  -7.3996e+02   3.2358e+02   2.9118e+02
  -7.1925e+02   3.5582e+02   2.4856e+02
  -6.9307e+02   3.8324e+02   2.0475e+02
  -6.6265e+02   4.0475e+02   1.5996e+02
  -6.2945e+02   4.1953e+02   1.1440e+02
  -5.9505e+02   4.2716e+02   6.8280e+01
  -5.6112e+02   4.2755e+02   2.1837e+01
  -5.2930e+02   4.2102e+02  -2.4712e+01
  -5.0109e+02   4.0825e+02  -7.1142e+01
  -4.7782e+02   3.9024e+02  -1.1723e+02
  -4.6054e+02   3.6827e+02  -1.6275e+02
  -4.4998e+02   3.4382e+02  -2.0749e+02
  -4.4654e+02   3.1851e+02  -2.5123e+02
  -4.5021e+02   2.9400e+02  -2.9376e+02
  -4.6060e+02   2.7190e+02  -3.3488e+02
  -4.7698e+02   2.5370e+02  -3.7439e+02
  -4.9830e+02   2.4067e+02  -4.1209e+02
  -5.2322e+02   2.3382e+02  -4.4781e+02
  -5.5024e+02   2.3382e+02  -4.8137e+02
  -5.7773e+02   2.4098e+02  -5.1262e+02
  -6.0403e+02   2.5523e+02  -5.4140e+02
  -6.2753e+02   2.7612e+02  -5.6757e+02
  -6.4679e+02   3.0285e+02  -5.9101e+02
  -6.6058e+02   3.3431e+02  -6.1161e+02
  -6.6795e+02   3.6914e+02  -6.2926e+02
  -6.6828e+02   4.0580e+02  -6.4388e+02
  -6.6135e+02   4.4264e+02  -6.5541e+02
  -6.4727e+02   4.7801e+02  -6.6378e+02
  -6.2658e+02   5.1033e+02  -6.6895e+02
  -6.0012e+02   5.3818e+02  -6.7090e+02
  -5.6906e+02   5.6037e+02  -6.6963e+02
  -5.3480e+02   5.7602e+02  -6.6513e+02
  -4.9891e+02   5.8458e+02  -6.5743e+02
  -4.6303e+02   5.8587e+02  -6.4656e+02
  -4.2881e+02   5.8009e+02  -6.3258e+02
  -3.9782e+02   5.6783e+02  -6.1556e+02
  -3.7142e+02   5.5001e+02  -5.9557e+02
  -3.5077e+02   5.2782e+02  -5.7272e+02
  -3.3669e+02   5.0271e+02  -5.4711e+02
  -3.2966e+02   4.7626e+02  -5.1886e+02
  -3.2978e+02   4.5013e+02  -4.8812e+02
  -3.3680e+02   4.2595e+02  -4.5503e+02
  -3.5005e+02   4.0525e+02  -4.1975e+02
  -3.6858e+02   3.8938e+02  -3.8245e+02
  -3.9112e+02   3.7942e+02  -3.4330e+02
  -4.1621e+02   3.7614e+02  -3.0251e+02
  -4.4225e+02   3.7995e+02  -2.6026e+02
  -4.6757e+02   3.9090e+02  -2.1675e+02
  -4.9055e+02   4.0864e+02  -1.7220e+02
  -5.0969e+02   4.3246e+02  -1.2683e+02
  -5.2368e+02   4.6133e+02  -8.0840e+01
  -5.3151e+02   4.9397e+02  -3.4463e+01
  -5.3245e+02   5.2885e+02   1.2079e+01
  -5.2617e+02   5.6437e+02   5.8563e+01
  -5.1269e+02   5.9887e+02   1.0477e+02
  -4.9242e+02   6.3073e+02   1.5046e+02
  -4.6613e+02   6.5849e+02   1.9544e+02
  -4.3490e+02   6.8088e+02   2.3947e+02
  -4.0007e+02   6.9693e+02   2.8235e+02
  -3.6318e+02   7.0598e+02   3.2387e+02
  -3.2585e+02   7.0777e+02   3.6383e+02
  -2.8974e+02   7.0239e+02   4.0205e+02
  -2.5645e+02   6.9031e+02   4.3832e+02
  -2.2742e+02   6.7236e+02   4.7249e+02
  -2.0384e+02   6.4968e+02   5.0438e+02
  -1.8666e+02   6.2364e+02   5.3384e+02
  -1.7645e+02   5.9579e+02   5.6073e+02
  -1.7342e+02   5.6778e+02   5.8493e+02
  -1.7740e+02   5.4126e+02   6.0631e+02
  -1.8786e+02   5.1780e+02   6.2477e+02
  -2.0392e+02   4.9880e+02   6.4022e+02
  -2.2438e+02   4.8542e+02   6.5259e+02
  -2.4784e+02   4.7854e+02   6.6182e+02
  -2.7272e+02   4.7865e+02   6.6786e+02
  -2.9736e+02   4.8592e+02   6.7069e+02
  -3.2013e+02   5.0010e+02   6.7029e+02

