   2.5132e+02   2.2712e+01   5.2064e+02
   4.2321e+02   1.8208e+02   5.4020e+02
   4.7858e+02   7.4214e+01   5.1677e+02
   5.0780e+02  -4.3710e+01   4.9084e+02
   5.0925e+02  -1.6545e+02   4.6256e+02
   4.8280e+02  -2.8456e+02   4.3205e+02
   4.2977e+02  -3.9475e+02   3.9946e+02
   3.5292e+02  -4.9018e+02   3.6495e+02
   2.5622e+02  -5.6581e+02   3.2868e+02
   1.4473e+02  -6.1761e+02   2.9083e+02
   2.4264e+01  -6.4286e+02   2.5157e+02
  -9.8870e+01  -6.4018e+02   2.1111e+02
  -2.1824e+02  -6.0973e+02   1.6963e+02
  -3.2759e+02  -5.5307e+02   1.2734e+02
  -4.2122e+02  -4.7320e+02   8.4427e+01
  -4.9425e+02  -3.7432e+02   4.1112e+01
  -5.4288e+02  -2.6162e+02  -2.4008e+00
  -5.6460e+02  -1.4105e+02  -4.5902e+01
  -5.5833e+02  -1.8947e+01  -8.9182e+01
  -5.2447e+02   9.8254e+01  -1.3203e+02
  -4.6485e+02   2.0438e+02  -1.7425e+02
  -3.8270e+02   2.9386e+02  -2.1563e+02
  -2.8241e+02   3.6197e+02  -2.5596e+02
  -1.6934e+02   4.0515e+02  -2.9507e+02
  -4.9525e+01   4.2114e+02  -3.3276e+02
   7.0652e+01   4.0912e+02  -3.6884e+02
   1.8478e+02   3.6974e+02  -4.0315e+02
   2.8677e+02   3.0511e+02  -4.3552e+02
   3.7119e+02   2.1866e+02  -4.6579e+02
   4.3350e+02   1.1500e+02  -4.9382e+02
   4.7036e+02  -3.8047e-01  -5.1947e+02
   4.7977e+02  -1.2136e+02  -5.4263e+02
   4.6117e+02  -2.4152e+02  -5.6317e+02
   4.1548e+02  -3.5449e+02  -5.8099e+02
   3.4506e+02  -4.5427e+02  -5.9603e+02
   2.5357e+02  -5.3556e+02  -6.0819e+02
   1.4579e+02  -5.9404e+02  -6.1743e+02
   2.7343e+01  -6.2660e+02  -6.2369e+02
  -9.5562e+01  -6.3147e+02  -6.2695e+02
  -2.1649e+02  -6.0837e+02  -6.2719e+02
  -3.2912e+02  -5.5849e+02  -6.2442e+02
  -4.2755e+02  -4.8443e+02  -6.1864e+02
  -5.0664e+02  -3.9007e+02  -6.0988e+02
  -5.6227e+02  -2.8035e+02  -5.9818e+02
  -5.9155e+02  -1.6104e+02  -5.8361e+02
  -5.9300e+02  -3.8406e+01  -5.6622e+02
  -5.6658e+02   8.1117e+01  -5.4612e+02
  -5.1376e+02   1.9125e+02  -5.2338e+02
  -4.3736e+02   2.8622e+02  -4.9812e+02
  -3.4149e+02   3.6103e+02  -4.7046e+02
  -2.3125e+02   4.1179e+02  -4.4054e+02
  -1.1252e+02   4.3584e+02  -4.0850e+02
   8.3730e+00   4.3197e+02  -3.7450e+02
   1.2500e+02   4.0040e+02  -3.3869e+02
   2.3115e+02   3.4285e+02  -3.0125e+02
   3.2117e+02   2.6240e+02  -2.6236e+02
   3.9025e+02   1.6334e+02  -2.2220e+02
   4.3469e+02   5.0942e+01  -1.8098e+02
   4.5210e+02  -6.8815e+01  -1.3889e+02
   4.4151e+02  -1.8956e+02  -9.6123e+01
   4.0342e+02  -3.0488e+02  -5.2898e+01
   3.3982e+02  -4.0864e+02  -9.4181e+00
   2.5400e+02  -4.9530e+02   3.4107e+01
   1.5045e+02  -5.6026e+02   7.7468e+01
   3.4599e+01  -6.0003e+02   1.2046e+02
  -8.7486e+01  -6.1247e+02   1.6286e+02
  -2.0940e+02  -5.9688e+02   2.0449e+02
  -3.2475e+02  -5.5402e+02   2.4513e+02
  -4.2749e+02  -4.8613e+02   2.8459e+02
  -5.1223e+02  -3.9673e+02   3.2268e+02
  -5.7455e+02  -2.9050e+02   3.5922e+02
  -6.1120e+02  -1.7300e+02   3.9402e+02
  -6.2027e+02  -5.0389e+01   4.2693e+02
  -6.0134e+02   7.0908e+01   4.5779e+02
  -5.5545e+02   1.8453e+02   4.8644e+02
  -4.8506e+02   2.8454e+02   5.1275e+02
  -3.9393e+02   3.6569e+02   5.3660e+02
  -2.8690e+02   4.2376e+02   5.5785e+02
  -1.6968e+02   4.5573e+02   5.7643e+02
  -4.8497e+01   4.5996e+02   5.9223e+02
   7.0219e+01   4.3627e+02   6.0518e+02
   1.8016e+02   3.8599e+02   6.1521e+02
   2.7547e+02   3.1181e+02   6.2229e+02
   3.5110e+02   2.1770e+02   6.2636e+02
   4.0300e+02   1.0869e+02   6.2743e+02
   4.2841e+02  -9.4039e+00   6.2547e+02
   4.2594e+02  -1.3030e+02   6.2050e+02
   3.9569e+02  -2.4755e+02   6.1255e+02
   3.3923e+02  -3.5491e+02   6.0165e+02
   2.5950e+02  -4.4665e+02   5.8785e+02
   1.6069e+02  -5.1788e+02   5.7122e+02
   4.7976e+01  -5.6477e+02   5.5184e+02
  -7.2716e+01  -5.8479e+02   5.2980e+02
  -1.9504e+02  -5.7683e+02   5.0522e+02
  -3.1257e+02  -5.4125e+02   4.7820e+02
  -4.1913e+02  -4.7987e+02   4.4888e+02
  -5.0912e+02  -3.9587e+02   4.1740e+02
  -5.7781e+02  -2.9364e+02   3.8391e+02
  -6.2160e+02  -1.7851e+02   3.4857e+02
  -6.3821e+02  -5.6505e+01   3.1156e+02
  -6.2678e+02   6.5989e+01   2.7304e+02
  -5.8795e+02   1.8256e+02   2.3322e+02
  -5.2380e+02   2.8712e+02   1.9226e+02
  -4.3773e+02   3.7420e+02   1.5039e+02
  -3.3431e+02   4.3926e+02   1.0779e+02
  -2.1903e+02   4.7893e+02   6.4665e+01
  -9.8005e+01   4.9118e+02   2.1234e+01
   2.2358e+01   4.7540e+02  -2.2300e+01
   1.3568e+02   4.3251e+02  -6.5726e+01
   2.3595e+02   3.6483e+02  -1.0884e+02
   3.1786e+02   2.7599e+02  -1.5142e+02
   3.7706e+02   1.7075e+02  -1.9328e+02
   4.1040e+02   5.4731e+01  -2.3421e+02
   4.1612e+02  -6.5884e+01  -2.7401e+02
   3.9388e+02  -1.8466e+02  -3.1249e+02
   3.4484e+02  -2.9526e+02  -3.4946e+02
   2.7158e+02  -3.9178e+02  -3.8476e+02
   1.7796e+02  -4.6906e+02  -4.1820e+02
   6.8897e+01  -5.2295e+02  -4.4963e+02
  -4.9856e+01  -5.5055e+02  -4.7889e+02
  -1.7204e+02  -5.5034e+02  -5.0585e+02
  -2.9122e+02  -5.2226e+02  -5.3037e+02
  -4.0112e+02  -4.6773e+02  -5.5235e+02
  -4.9593e+02  -3.8957e+02  -5.7166e+02
  -5.7066e+02  -2.9184e+02  -5.8822e+02
  -6.2138e+02  -1.7964e+02  -6.0195e+02
  -6.4541e+02  -5.8837e+01  -6.1278e+02
  -6.4151e+02   6.4261e+01  -6.2066e+02
  -6.0987e+02   1.8321e+02  -6.2555e+02
  -5.5218e+02   2.9181e+02  -6.2744e+02
  -4.7149e+02   3.8436e+02  -6.2630e+02
  -3.7208e+02   4.5606e+02  -6.2215e+02
  -2.5919e+02   5.0318e+02  -6.1500e+02
  -1.3880e+02   5.2330e+02  -6.0489e+02
  -1.7256e+01   5.1542e+02  -5.9187e+02
   9.9005e+01   4.8001e+02  -5.7601e+02
   2.0384e+02   4.1902e+02  -5.5737e+02
   2.9172e+02   3.3574e+02  -5.3604e+02
   3.5800e+02   2.3461e+02  -5.1214e+02
   3.9917e+02   1.2106e+02  -4.8577e+02
   4.1306e+02   1.1337e+00  -4.5706e+02
   3.9895e+02  -1.1876e+02  -4.2615e+02
   3.5756e+02  -2.3223e+02  -3.9319e+02
   2.9110e+02  -3.3321e+02  -3.5834e+02
   2.0308e+02  -4.1631e+02  -3.2176e+02
   9.8143e+01  -4.7707e+02  -2.8364e+02
  -1.8160e+01  -5.1223e+02  -2.4415e+02
  -1.3968e+02  -5.1985e+02  -2.0348e+02
  -2.6000e+02  -4.9948e+02  -1.6183e+02
  -3.7275e+02  -4.5212e+02  -1.1941e+02
  -4.7198e+02  -3.8021e+02  -7.6409e+01
  -5.5243e+02  -2.8748e+02  -3.3042e+01
  -6.0985e+02  -1.7878e+02   1.0485e+01
  -6.4120e+02  -5.9763e+01   5.3961e+01
  -6.4481e+02   6.3335e+01   9.7178e+01
  -6.2048e+02   1.8408e+02   1.3993e+02
  -5.6949e+02   2.9616e+02   1.8200e+02
  -4.9452e+02   3.9372e+02   2.2320e+02
  -3.9951e+02   4.7166e+02   2.6332e+02
  -2.8947e+02   5.2595e+02   3.0218e+02
  -1.7021e+02   5.5377e+02   3.3958e+02
  -4.7991e+01   5.5371e+02   3.7535e+02
   7.0730e+01   5.2585e+02   4.0931e+02
   1.7970e+02   4.7171e+02   4.4130e+02
   2.7319e+02   3.9423e+02   4.7117e+02
   3.4627e+02   2.9755e+02   4.9877e+02
   3.9509e+02   1.8684e+02   5.2396e+02
   4.1711e+02   6.8018e+01   5.4664e+02
   4.1117e+02  -5.2587e+01   5.6668e+02
   3.7761e+02  -1.6854e+02   5.8400e+02
   3.1822e+02  -2.7366e+02   5.9850e+02
   2.3615e+02  -3.6232e+02   6.1013e+02
   1.3577e+02  -4.2980e+02   6.1882e+02
   2.2400e+01  -4.7245e+02   6.2452e+02
  -9.7957e+01  -4.8797e+02   6.2722e+02
  -2.1892e+02  -4.7548e+02   6.2691e+02
  -3.3407e+02  -4.3558e+02   6.2357e+02
  -4.3731e+02  -3.7031e+02   6.1724e+02
  -5.2316e+02  -2.8307e+02   6.0793e+02
  -5.8705e+02  -1.7839e+02   5.9569e+02
  -6.2560e+02  -6.1759e+01   5.8059e+02
  -6.3673e+02   6.0736e+01   5.6269e+02
  -6.1983e+02   1.8268e+02   5.4209e+02
  -5.7576e+02   2.9769e+02   5.1887e+02
  -5.0683e+02   3.9975e+02   4.9316e+02
  -4.1664e+02   4.8353e+02   4.6508e+02
  -3.0993e+02   5.4466e+02   4.3475e+02
  -1.9231e+02   5.7997e+02   4.0233e+02
  -6.9948e+01   5.8766e+02   3.6798e+02
   5.0717e+01   5.6736e+02   3.3185e+02
   1.6335e+02   5.2022e+02   2.9413e+02
   2.6203e+02   4.4877e+02   2.5499e+02
   3.4158e+02   3.5685e+02   2.1462e+02
   3.9783e+02   2.4936e+02   1.7322e+02
   4.2785e+02   1.3204e+02   1.3099e+02
   4.3008e+02   1.1136e+01   8.8126e+01
   4.0446e+02  -1.0691e+02   4.4838e+01
   3.5235e+02  -2.1581e+02   1.3337e+00
   2.7656e+02  -3.0976e+02  -4.2177e+01
   1.8112e+02  -3.8375e+02  -8.5484e+01
   7.1117e+01  -4.3381e+02  -1.2838e+02
  -4.7608e+01  -4.5725e+02  -1.7066e+02
  -1.6874e+02  -4.5279e+02  -2.1211e+02
  -2.8585e+02  -4.2059e+02  -2.5255e+02
  -3.9271e+02  -3.6232e+02  -2.9177e+02
  -4.8363e+02  -2.8100e+02  -3.2959e+02
  -5.5377e+02  -1.8088e+02  -3.6581e+02
  -5.9939e+02  -6.7193e+01  -4.0028e+02
  -6.1803e+02   5.4106e+01  -4.3282e+02
  -6.0867e+02   1.7666e+02  -4.6328e+02
  -5.7175e+02   2.9404e+02  -4.9151e+02
  -5.0919e+02   4.0010e+02  -5.1737e+02
  -4.2424e+02   4.8928e+02  -5.4074e+02
  -3.2135e+02   5.5692e+02  -5.6151e+02
  -2.0590e+02   5.9950e+02  -5.7957e+02
  -8.3946e+01   6.1480e+02  -5.9485e+02
   3.8116e+01   6.0208e+02  -6.0726e+02
   1.5389e+02   5.6204e+02  -6.1675e+02
   2.5730e+02   4.9685e+02  -6.2327e+02
   3.4294e+02   4.0999e+02  -6.2679e+02
   4.0634e+02   3.0609e+02  -6.2729e+02
   4.4419e+02   1.9069e+02  -6.2478e+02
   4.5454e+02   6.9910e+01  -6.1925e+02
   4.3690e+02  -4.9813e+01  -6.1075e+02
   3.9224e+02  -1.6212e+02  -5.9930e+02
   3.2299e+02  -2.6104e+02  -5.8497e+02
   2.3283e+02  -3.4131e+02  -5.6782e+02
   1.2660e+02  -3.9864e+02  -5.4794e+02
   9.9432e+00  -4.2998e+02  -5.2543e+02
  -1.1092e+02  -4.3363e+02  -5.0038e+02
  -2.2956e+02  -4.0935e+02  -4.7293e+02
  -3.3964e+02  -3.5839e+02  -4.4320e+02
  -4.3532e+02  -2.8341e+02  -4.1133e+02
  -5.1147e+02  -1.8832e+02  -3.7749e+02
  -5.6403e+02  -7.8124e+01  -3.4182e+02
  -5.9017e+02   4.1405e+01  -3.0452e+02
  -5.8844e+02   1.6399e+02  -2.6574e+02
  -5.5889e+02   2.8318e+02  -2.2569e+02
  -5.0302e+02   3.9273e+02  -1.8455e+02
  -4.2373e+02   4.8687e+02  -1.4252e+02
  -3.2514e+02   5.6068e+02  -9.9812e+01
  -2.1241e+02   6.1028e+02  -5.6618e+01
  -9.1441e+01   6.3308e+02  -1.3152e+01
   3.1443e+01   6.2792e+02   3.0378e+01
   1.4981e+02   5.9509e+02   7.3761e+01
   2.5746e+02   5.3636e+02   1.1679e+02
   3.4877e+02   4.5486e+02   1.5926e+02
   4.1897e+02   3.5492e+02   2.0095e+02
   4.6442e+02   2.4185e+02   2.4169e+02
   4.8278e+02   1.2164e+02   2.8126e+02
   4.7312e+02   6.8232e-01   3.1947e+02
   4.3603e+02  -1.1462e+02   3.5615e+02
   3.7353e+02  -2.1816e+02   3.9111e+02
   2.8896e+02  -3.0443e+02   4.2419e+02
   1.8686e+02  -3.6885e+02   4.5523e+02
   7.2691e+01  -4.0801e+02   4.8407e+02
  -4.7471e+01  -4.1981e+02   5.1059e+02
  -1.6721e+02  -4.0360e+02   5.3465e+02
  -2.8015e+02  -3.6021e+02   5.5614e+02
  -3.8026e+02  -2.9193e+02   5.7494e+02
  -4.6219e+02  -2.0233e+02   5.9098e+02
  -5.2155e+02  -9.6133e+01   6.0418e+02
  -5.5514e+02   2.1080e+01   6.1447e+02
  -5.6114e+02   1.4313e+02   6.2180e+02
  -5.3915e+02   2.6360e+02   6.2613e+02
  -4.9029e+02   3.7613e+02   6.2745e+02
  -4.1706e+02   4.7480e+02   6.2576e+02
  -3.2327e+02   5.5441e+02   6.2105e+02
  -2.1381e+02   6.1078e+02   6.1335e+02
  -9.4405e+01   6.4095e+02   6.0269e+02
   2.8709e+01   6.4332e+02   5.8914e+02
   1.4909e+02   6.1779e+02   5.7275e+02
   2.6045e+02   5.6573e+02   5.5361e+02
   3.5696e+02   4.8989e+02   5.3179e+02
   4.3360e+02   3.9428e+02   5.0742e+02
   4.8638e+02   2.8398e+02   4.8061e+02
   5.1257e+02   1.6481e+02   4.5148e+02
   5.1086e+02   4.3075e+01   4.2018e+02
   4.8141e+02  -7.4784e+01   3.8686e+02
   4.2583e+02  -1.8254e+02   3.5167e+02
   3.4711e+02  -2.7449e+02   3.1480e+02
   2.4950e+02  -3.4577e+02   2.7640e+02
   1.3819e+02  -3.9261e+02   2.3668e+02
   1.9144e+01  -4.1254e+02   1.9582e+02
  -1.0129e+02  -4.0450e+02   1.5401e+02
  -2.1670e+02  -3.6890e+02   1.1146e+02
  -3.2091e+02  -3.0763e+02   6.8378e+01
  -4.0836e+02  -2.2392e+02   2.4965e+01
  -4.7436e+02  -1.2218e+02  -1.8568e+01
  -5.1537e+02  -7.8019e+00  -6.2011e+01
  -5.2914e+02   1.1319e+02  -1.0516e+02
  -5.1491e+02   2.3440e+02  -1.4780e+02
  -4.7333e+02   3.4942e+02  -1.8972e+02
  -4.0656e+02   4.5219e+02  -2.3074e+02
  -3.1805e+02   5.3726e+02  -2.7064e+02
  -2.1241e+02   6.0014e+02  -3.0924e+02
  -9.5156e+01   6.3752e+02  -3.4635e+02
   2.7585e+01   6.4740e+02  -3.8180e+02
   1.4940e+02   6.2927e+02  -4.1541e+02
   2.6390e+02   5.8407e+02  -4.4701e+02
   3.6513e+02   5.1418e+02  -4.7647e+02
   4.4779e+02   4.2330e+02  -5.0363e+02
   5.0759e+02   3.1621e+02  -5.2837e+02
   5.4142e+02   1.9855e+02  -5.5056e+02
   5.4757e+02   7.6539e+01  -5.7011e+02
   5.2578e+02  -4.3395e+01  -5.8691e+02
   4.7726e+02  -1.5493e+02  -6.0088e+02
   4.0464e+02  -2.5218e+02  -6.1196e+02
   3.1181e+02  -3.3003e+02  -6.2010e+02
   2.0375e+02  -3.8437e+02  -6.2525e+02
   8.6218e+01  -4.1236e+02  -6.2739e+02
  -3.4508e+01  -4.1252e+02  -6.2652e+02
  -1.5199e+02  -3.8486e+02  -6.2262e+02
  -2.5996e+02  -3.3086e+02  -6.1573e+02
  -3.5266e+02  -2.5338e+02  -6.0588e+02
  -4.2512e+02  -1.5654e+02  -5.9310e+02
  -4.7346e+02  -4.5465e+01  -5.7748e+02
  -4.9505e+02   7.3961e+01  -5.5907e+02
  -4.8871e+02   1.9541e+02  -5.3797e+02
  -4.5470e+02   3.1245e+02  -5.1429e+02
  -3.9476e+02   4.1889e+02  -4.8812e+02
  -3.1198e+02   5.0907e+02  -4.5961e+02
  -2.1069e+02   5.7821e+02  -4.2888e+02
  -9.6165e+01   6.2265e+02  -3.9610e+02
   2.5601e+01   6.4000e+02  -3.6140e+02
   1.4824e+02   6.2935e+02  -3.2496e+02
   2.6533e+02   5.9121e+02  -2.8696e+02
   3.7076e+02   5.2758e+02  -2.4758e+02
   4.5901e+02   4.4181e+02  -2.0701e+02
   5.2548e+02   3.3838e+02  -1.6544e+02
   5.6672e+02   2.2274e+02  -1.2307e+02
   5.8061e+02   1.0098e+02  -8.0114e+01
   5.6649e+02  -2.0518e+01  -3.6770e+01
   5.2514e+02  -1.3535e+02   6.7510e+00
   4.5882e+02  -2.3749e+02   5.0240e+01
   3.7108e+02  -3.2156e+02   9.3486e+01
   2.6661e+02  -3.8316e+02   1.3628e+02
   1.5100e+02  -4.1906e+02   1.7842e+02
   3.0401e+01  -4.2740e+02   2.1971e+02
  -8.8761e+01  -4.0778e+02   2.5993e+02
  -2.0013e+02  -3.6125e+02   2.9890e+02
  -2.9778e+02  -2.9031e+02   3.3644e+02
  -3.7649e+02  -1.9873e+02   3.7235e+02
  -4.3204e+02  -9.1401e+01   4.0647e+02
  -4.6146e+02   2.5990e+01   4.3864e+02
  -4.6313e+02   1.4720e+02   4.6869e+02
  -4.3690e+02   2.6580e+02   4.9649e+02
  -3.8412e+02   3.7549e+02   5.2190e+02
  -3.0752e+02   4.7043e+02   5.4480e+02
  -2.1108e+02   5.4558e+02   5.6507e+02
  -9.9851e+01   5.9692e+02   5.8262e+02
   2.0347e+01   6.2172e+02   5.9737e+02
   1.4322e+02   6.1861e+02   6.0925e+02
   2.6232e+02   5.8773e+02   6.1819e+02
   3.7142e+02   5.3066e+02   6.2415e+02
   4.6481e+02   4.5038e+02   6.2711e+02
   5.3759e+02   3.5110e+02   6.2705e+02
   5.8599e+02   2.3800e+02   6.2398e+02
   6.0748e+02   1.1702e+02   6.1790e+02
   6.0099e+02  -5.4917e+00   6.0884e+02
   5.6691e+02  -1.2311e+02   5.9686e+02
   5.0708e+02  -2.2966e+02   5.8200e+02
   4.2471e+02  -3.1956e+02   5.6434e+02
   3.2420e+02  -3.8812e+02   5.4396e+02
   2.1090e+02  -4.3175e+02   5.2096e+02
   9.0849e+01  -4.4819e+02   4.9546e+02
  -2.9575e+01  -4.3663e+02   4.6757e+02
  -1.4396e+02  -3.9772e+02   4.3744e+02
  -2.4623e+02  -3.3356e+02   4.0519e+02
  -3.3094e+02  -2.4759e+02   3.7100e+02
  -3.9356e+02  -1.4440e+02   3.3502e+02
  -4.3075e+02  -2.9479e+01   2.9742e+02
  -4.4050e+02   9.1045e+01   2.5840e+02
  -4.2225e+02   2.1076e+02   2.1813e+02
  -3.7693e+02   3.2330e+02   1.7681e+02
  -3.0688e+02   4.2266e+02   1.3464e+02
  -2.1577e+02   5.0355e+02   9.1822e+01
  -1.0838e+02   5.6164e+02   4.8562e+01
   9.6795e+00   5.9382e+02   5.0680e+00
   1.3220e+02   5.9834e+02  -3.8450e+01
   2.5275e+02   5.7490e+02  -8.1783e+01
   3.6500e+02   5.2468e+02  -1.2472e+02
   4.6306e+02   4.5030e+02  -1.6706e+02
   5.4178e+02   3.5561e+02  -2.0860e+02
   5.9706e+02   2.4558e+02  -2.4913e+02
   6.2599e+02   1.2596e+02  -2.8846e+02
   6.2710e+02   3.0040e+00  -3.2640e+02
   6.0035e+02  -1.1684e+02  -3.6277e+02
   5.4720e+02  -2.2730e+02  -3.9740e+02
   4.7047e+02  -3.2260e+02  -4.3011e+02
   3.7427e+02  -3.9776e+02  -4.6075e+02
   2.6369e+02  -4.4887e+02  -4.8918e+02
   1.4462e+02  -4.7328e+02  -5.1525e+02
   2.3370e+01  -4.6977e+02  -5.3884e+02
  -9.3625e+01  -4.3857e+02  -5.5983e+02
  -2.0016e+02  -3.8139e+02  -5.7813e+02
  -2.9057e+02  -3.0131e+02  -5.9365e+02
  -3.6005e+02  -2.0262e+02  -6.0631e+02
  -4.0492e+02  -9.0585e+01  -6.1605e+02
  -4.2277e+02   2.8818e+01  -6.2283e+02
  -4.1263e+02   1.4922e+02  -6.2661e+02
  -3.7501e+02   2.6421e+02  -6.2737e+02
  -3.1188e+02   3.6765e+02  -6.2511e+02
  -2.2653e+02   4.5402e+02  -6.1984e+02
  -1.2347e+02   5.1870e+02  -6.1159e+02
  -8.1026e+00   5.5820e+02  -6.0040e+02
   1.1350e+02   5.7039e+02  -5.8631e+02
   2.3494e+02   5.5456e+02  -5.6940e+02
   3.4981e+02   5.1148e+02  -5.4975e+02
   4.5209e+02   4.4338e+02  -5.2746e+02
   5.3638e+02   3.5377e+02  -5.0263e+02
   5.9825e+02   2.4734e+02  -4.7537e+02
   6.3446e+02   1.2965e+02  -4.4583e+02
   6.4311e+02   6.8363e+00  -4.1414e+02
   6.2376e+02  -1.1466e+02  -3.8046e+02
   5.7745e+02  -2.2849e+02  -3.4495e+02
   5.0664e+02  -3.2871e+02  -3.0778e+02
   4.1510e+02  -4.1008e+02  -2.6912e+02
   3.0766e+02  -4.6838e+02  -2.2917e+02
   1.9002e+02  -5.0057e+02  -1.8812e+02
   6.8405e+01  -5.0504e+02  -1.4616e+02
  -5.0750e+01  -4.8160e+02  -1.0350e+02
  -1.6114e+02  -4.3156e+02  -6.0336e+01
  -2.5692e+02  -3.5762e+02  -1.6885e+01
  -3.3302e+02  -2.6376e+02   2.6647e+01
  -3.8542e+02  -1.5499e+02   7.0051e+01
  -4.1133e+02  -3.7119e+01   1.1312e+02
  -4.0937e+02   8.3558e+01   1.5564e+02
  -3.7966e+02   2.0061e+02   1.9741e+02
  -3.2373e+02   3.0778e+02   2.3824e+02
  -2.4455e+02   3.9935e+02   2.7791e+02
  -1.4628e+02   4.7042e+02   3.1625e+02
  -3.4110e+01   5.1718e+02   3.5307e+02
   8.6039e+01   5.3708e+02   3.8818e+02
   2.0783e+02   5.2901e+02   4.2143e+02
   3.2483e+02   4.9334e+02   4.5265e+02
   4.3086e+02   4.3188e+02   4.8169e+02
   5.2034e+02   3.4781e+02   5.0841e+02
   5.8852e+02   2.4551e+02   5.3269e+02
   6.3182e+02   1.3032e+02   5.5440e+02
   6.4795e+02   8.2595e+00   5.7344e+02
   6.3606e+02  -1.1430e+02   5.8972e+02
   5.9676e+02  -2.3094e+02   6.0316e+02
   5.3215e+02  -3.3557e+02   6.1370e+02
   4.4562e+02  -4.2272e+02   6.2128e+02
   3.4175e+02  -4.8787e+02   6.2588e+02
   2.2601e+02  -5.2763e+02   6.2746e+02
   1.0451e+02  -5.3996e+02   6.2602e+02
  -1.6324e+01  -5.2429e+02   6.2157e+02
  -1.3013e+02  -4.8151e+02   6.1412e+02
  -2.3090e+02  -4.1393e+02   6.0372e+02
  -3.1331e+02  -3.2519e+02   5.9042e+02
  -3.7303e+02  -2.2004e+02   5.7427e+02
  -4.0691e+02  -1.0411e+02   5.5535e+02
  -4.1317e+02   1.6432e+01   5.3377e+02
  -3.9148e+02   1.3514e+02   5.0961e+02
  -3.4300e+02   2.4570e+02   4.8300e+02
  -2.7031e+02   3.4218e+02   4.5407e+02
  -1.7726e+02   4.1945e+02   4.2295e+02
  -6.8764e+01   4.7335e+02   3.8979e+02
   4.9425e+01   5.0097e+02   3.5476e+02
   1.7105e+02   5.0079e+02   3.1802e+02
   2.8968e+02   4.7276e+02   2.7975e+02
   3.9903e+02   4.1829e+02   2.4013e+02
   4.9331e+02   3.4021e+02   1.9936e+02
   5.6753e+02   2.4256e+02   1.5763e+02
   6.1774e+02   1.3045e+02   1.1514e+02
   6.4128e+02   9.7263e+00   7.2089e+01
   6.3689e+02  -1.1329e+02   2.8696e+01
   6.0478e+02  -2.3216e+02  -1.4834e+01
   5.4663e+02  -3.4067e+02  -5.8294e+01
   4.6548e+02  -4.3316e+02  -1.0147e+02
   3.6561e+02  -5.0479e+02  -1.4416e+02
   2.5226e+02  -5.5185e+02  -1.8616e+02
   1.3140e+02  -5.7192e+02  -2.2726e+02
   9.3910e+00  -5.6399e+02  -2.6727e+02
  -1.0735e+02  -5.2854e+02  -3.0599e+02
  -2.1267e+02  -4.6751e+02  -3.4323e+02
  -3.0105e+02  -3.8417e+02  -3.7883e+02
  -3.6783e+02  -2.8300e+02  -4.1260e+02
  -4.0952e+02  -1.6939e+02  -4.4438e+02
  -4.2395e+02  -4.9395e+01  -4.7403e+02
  -4.1037e+02   7.0577e+01  -5.0139e+02
  -3.6953e+02   1.8414e+02  -5.2635e+02
  -3.0362e+02   2.8523e+02  -5.4876e+02
  -2.1614e+02   3.6846e+02  -5.6854e+02
  -1.1176e+02   4.2936e+02  -5.8558e+02
   3.9996e+00   4.6468e+02  -5.9980e+02
   1.2498e+02   4.7248e+02  -6.1113e+02
   2.4477e+02   4.5230e+02  -6.1952e+02
   3.5700e+02   4.0514e+02  -6.2493e+02
   4.5572e+02   3.3345e+02  -6.2733e+02
   5.3568e+02   2.4095e+02  -6.2671e+02
   5.9262e+02   1.3247e+02  -6.2307e+02
   6.2351e+02   1.3683e+01  -6.1644e+02
   6.2666e+02  -1.0919e+02  -6.0684e+02
   6.0190e+02  -2.2971e+02  -5.9431e+02
   5.5047e+02  -3.4156e+02  -5.7893e+02
   4.7507e+02  -4.3891e+02  -5.6076e+02
   3.7965e+02  -5.1664e+02  -5.3989e+02
   2.6919e+02  -5.7073e+02  -5.1642e+02
   1.4950e+02  -5.9835e+02  -4.9046e+02
   2.6861e+01  -5.9810e+02  -4.6214e+02
  -9.2290e+01  -5.7006e+02  -4.3160e+02
  -2.0170e+02  -5.1574e+02  -3.9898e+02
  -2.9563e+02  -4.3807e+02  -3.6445e+02
  -3.6917e+02  -3.4120e+02  -3.2815e+02
  -4.1846e+02  -2.3031e+02  -2.9028e+02
  -4.4095e+02  -1.1128e+02  -2.5101e+02
  -4.3549e+02   9.5379e+00  -2.1053e+02
  -4.0242e+02   1.2572e+02  -1.6904e+02
  -3.4352e+02   2.3107e+02  -1.2673e+02
  -2.6195e+02   3.2000e+02  -8.3817e+01
  -1.6206e+02   3.8774e+02  -4.0498e+01
  -4.9175e+01   4.3069e+02   3.0166e+00
   7.0703e+01   4.4652e+02   4.6516e+01
   1.9119e+02   4.3435e+02   8.9792e+01
   3.0589e+02   3.9478e+02   1.3264e+02
   4.0868e+02   3.2985e+02   1.7484e+02
   4.9410e+02   2.4296e+02   2.1620e+02
   5.5758e+02   1.3864e+02   2.5653e+02
   5.9573e+02   2.2364e+01   2.9561e+02
   6.0647e+02  -9.9774e+01   3.3328e+02
   5.8920e+02  -2.2136e+02   3.6934e+02
   5.4477e+02  -3.3602e+02   4.0362e+02
   4.7549e+02  -4.3774e+02   4.3596e+02
   3.8496e+02  -5.2119e+02   4.6620e+02
   2.7791e+02  -5.8199e+02   4.9420e+02
   1.5994e+02  -6.1698e+02   5.1982e+02
   3.7238e+01  -6.2435e+02   5.4293e+02
  -8.3774e+01  -6.0375e+02   5.6344e+02
  -1.9676e+02  -5.5630e+02   5.8123e+02
  -2.9580e+02  -4.8455e+02   5.9622e+02
  -3.7571e+02  -3.9232e+02   6.0834e+02
  -4.3234e+02  -2.8452e+02   6.1754e+02
  -4.6275e+02  -1.6689e+02   6.2376e+02
  -4.6537e+02  -4.5658e+01   6.2698e+02
  -4.4014e+02   7.2726e+01   6.2718e+02
  -3.8844e+02   1.8198e+02   6.2436e+02
  -3.1305e+02   2.7629e+02   6.1853e+02
  -2.1801e+02   3.5066e+02   6.0973e+02
  -1.0839e+02   4.0112e+02   5.9800e+02
   9.9455e+00   4.2498e+02   5.8338e+02
   1.3071e+02   4.2093e+02   5.6596e+02
   2.4745e+02   3.8918e+02   5.4581e+02
   3.5396e+02   3.3136e+02   5.2304e+02
   4.4455e+02   2.5049e+02   4.9774e+02
   5.1438e+02   1.5083e+02   4.7006e+02
   5.5969e+02   3.7607e+01   4.4010e+02
   5.7805e+02  -8.3231e+01   4.0804e+02
   5.6841e+02  -2.0532e+02   3.7400e+02
   5.3124e+02  -3.2225e+02   3.3817e+02
   4.6843e+02  -4.2787e+02   3.0071e+02
   3.8324e+02  -5.1661e+02   2.6180e+02
   2.8012e+02  -5.8382e+02   2.2163e+02
   1.6444e+02  -6.2598e+02   1.8039e+02
   4.2255e+01  -6.4088e+02   1.3828e+02
  -8.0040e+01  -6.2775e+02   9.5514e+01
  -1.9605e+02  -5.8732e+02   5.2284e+01
  -2.9971e+02  -5.2173e+02   8.8022e+00
  -3.8560e+02  -4.3447e+02  -3.4722e+01
  -4.4925e+02  -3.3018e+02  -7.8079e+01
  -4.8737e+02  -2.1437e+02  -1.2106e+02
  -4.9799e+02  -9.3184e+01  -1.6346e+02
  -4.8062e+02   2.6959e+01  -2.0507e+02
  -4.3625e+02   1.3970e+02  -2.4570e+02
  -3.6727e+02   2.3906e+02  -2.8514e+02
  -2.7740e+02   3.1979e+02  -3.2321e+02
  -1.7143e+02   3.7760e+02  -3.5972e+02
  -5.5042e+01   4.0942e+02  -3.9450e+02
   6.5567e+01   4.1357e+02  -4.2739e+02
   1.8396e+02   3.8980e+02  -4.5821e+02
   2.9382e+02   3.3936e+02  -4.8683e+02
   3.8929e+02   2.6491e+02  -5.1311e+02
   4.6525e+02   1.7036e+02  -5.3691e+02
   5.1763e+02   6.0694e+01  -5.5814e+02
   5.4360e+02  -5.8302e+01  -5.7667e+02
   5.4173e+02  -1.8036e+02  -5.9243e+02
   5.1205e+02  -2.9903e+02  -6.0534e+02
   4.5606e+02  -4.0806e+02  -6.1533e+02
   3.7666e+02  -5.0170e+02  -6.2236e+02
   2.7797e+02  -5.7501e+02  -6.2640e+02
   1.6515e+02  -6.2413e+02  -6.2742e+02
   4.4079e+01  -6.4646e+02  -6.2542e+02
  -7.8904e+01  -6.4083e+02  -6.2041e+02
  -1.9737e+02  -6.0755e+02  -6.1241e+02
  -3.0513e+02  -5.4836e+02  -6.0147e+02
  -3.9655e+02  -4.6641e+02  -5.8763e+02
  -4.6687e+02  -3.6602e+02  -5.7096e+02
  -5.1245e+02  -2.5250e+02  -5.5154e+02
  -5.3093e+02  -1.3184e+02  -5.2947e+02
  -5.2142e+02  -1.0410e+01  -5.0485e+02
  -4.8447e+02   1.0537e+02  -4.7780e+02
  -4.2210e+02   2.0939e+02  -4.4845e+02
  -3.3767e+02   2.9616e+02  -4.1694e+02
  -2.3571e+02   3.6110e+02  -3.8342e+02
  -1.2166e+02   4.0078e+02  -3.4806e+02
  -1.6193e+00   4.1312e+02  -3.1102e+02
   1.1802e+02   3.9745e+02  -2.7249e+02
   2.3087e+02   3.5463e+02  -2.3264e+02
   3.3090e+02   2.8691e+02  -1.9168e+02
   4.1277e+02   1.9788e+02  -1.4979e+02
   4.7210e+02   9.2244e+01  -1.0718e+02
   5.0567e+02  -2.4404e+01  -6.4052e+01
   5.1166e+02  -1.4590e+02  -2.0618e+01
   4.8968e+02  -2.6581e+02   2.2916e+01
   4.4084e+02  -3.7780e+02   6.6339e+01
   3.6764e+02  -4.7593e+02   1.0944e+02
   2.7390e+02  -5.5503e+02   1.5202e+02
   1.6449e+02  -6.1089e+02   1.9387e+02
   4.5128e+01  -6.4055e+02   2.3478e+02
  -7.7938e+01  -6.4244e+02   2.7456e+02
  -1.9828e+02  -6.1644e+02   3.1302e+02
  -3.0959e+02  -5.6391e+02   3.4997e+02
  -4.0607e+02  -4.8760e+02   3.8524e+02
  -4.8268e+02  -3.9153e+02   4.1866e+02
  -5.3544e+02  -2.8076e+02   4.5006e+02
  -5.6161e+02  -1.6113e+02   4.7929e+02
  -5.5990e+02  -3.8920e+01   5.0621e+02
  -5.3043e+02   7.9420e+01   5.3070e+02
  -4.7484e+02   1.8766e+02   5.5264e+02
  -3.9612e+02   2.8011e+02   5.7191e+02
  -2.9849e+02   3.5191e+02   5.8843e+02
  -1.8717e+02   3.9927e+02   6.0212e+02
  -6.8096e+01   4.1974e+02   6.1291e+02
   5.2381e+01   4.1223e+02   6.2075e+02
   1.6784e+02   3.7719e+02   6.2560e+02
   2.7212e+02   3.1647e+02   6.2744e+02
   3.5965e+02   2.3332e+02   6.2626e+02
   4.2576e+02   1.3215e+02   6.2207e+02
   4.6688e+02   1.8322e+01   6.1488e+02
   4.8080e+02  -1.0212e+02   6.0473e+02
   4.6671e+02  -2.2279e+02   5.9167e+02
   4.2531e+02  -3.3728e+02   5.7576e+02
   3.5871e+02  -4.3952e+02   5.5708e+02
   2.7038e+02  -5.2409e+02   5.3572e+02
   1.6493e+02  -5.8648e+02   5.1178e+02
   4.7872e+01  -6.2337e+02   4.8538e+02
  -7.4676e+01  -6.3279e+02   4.5664e+02
  -1.9629e+02  -6.1420e+02   4.2570e+02
  -3.1062e+02  -5.6855e+02   3.9271e+02
  -4.1166e+02  -4.9823e+02   3.5783e+02
  -4.9415e+02  -4.0691e+02   3.2123e+02
  -5.5378e+02  -2.9938e+02   2.8309e+02
  -5.8745e+02  -1.8129e+02   2.4358e+02
  -5.9345e+02  -5.8841e+01   2.0290e+02
  -5.7150e+02   6.1537e+01   1.6124e+02
  -5.2283e+02   1.7352e+02   1.1880e+02
  -4.5006e+02   2.7124e+02   7.5798e+01
  -3.5708e+02   3.4955e+02   3.2426e+01
  -2.4886e+02   4.0438e+02  -1.1101e+01
  -1.3117e+02   4.3285e+02  -5.4575e+01
  -1.0266e+01   4.3351e+02  -9.7786e+01
   1.0740e+02   4.0636e+02  -1.4053e+02
   2.1558e+02   3.5287e+02  -1.8259e+02
   3.0850e+02   2.7590e+02  -2.2378e+02
   3.8119e+02   1.7957e+02  -2.6388e+02
   4.2978e+02   6.9002e+01  -3.0272e+02
   4.5165e+02  -4.9923e+01  -3.4010e+02
   4.4559e+02  -1.7088e+02  -3.7584e+02
   4.1188e+02  -2.8744e+02  -4.0978e+02
   3.5225e+02  -3.9341e+02  -4.4174e+02
   2.6979e+02  -4.8313e+02  -4.7158e+02
   1.6882e+02  -5.5184e+02  -4.9914e+02
   5.4623e+01  -5.9585e+02  -5.2430e+02
  -6.6815e+01  -6.1280e+02  -5.4694e+02
  -1.8913e+02  -6.0174e+02  -5.6695e+02
  -3.0590e+02  -5.6322e+02  -5.8422e+02
  -4.1101e+02  -4.9922e+02  -5.9869e+02
  -4.9895e+02  -4.1307e+02  -6.1027e+02
  -5.6513e+02  -3.0928e+02  -6.1892e+02
  -6.0608e+02  -1.9328e+02  -6.2458e+02
  -6.1969e+02  -7.1148e+01  -6.2724e+02
  -6.0528e+02   5.0717e+01  -6.2688e+02
  -5.6365e+02   1.6593e+02  -6.2350e+02
  -4.9706e+02   2.6844e+02  -6.1712e+02
  -4.0904e+02   3.5291e+02  -6.0777e+02
  -3.0430e+02   4.1491e+02  -5.9550e+02
  -1.8840e+02   4.5122e+02  -5.8036e+02
  -6.7503e+01   4.5998e+02  -5.6242e+02
   5.1965e+01   4.4077e+02  -5.4178e+02
   1.6366e+02   3.9467e+02  -5.1853e+02
   2.6164e+02   3.2416e+02  -4.9278e+02
   3.4070e+02   2.3301e+02  -4.6466e+02
   3.9662e+02   1.2610e+02  -4.3431e+02
   4.2642e+02   9.1221e+00  -4.0186e+02
   4.2849e+02  -1.1169e+02  -3.6748e+02
   4.0268e+02  -2.2989e+02  -3.3133e+02
   3.5032e+02  -3.3920e+02  -2.9358e+02
   2.7414e+02  -4.3378e+02  -2.5443e+02
   1.7814e+02  -5.0857e+02  -2.1404e+02
   6.7345e+01  -5.5958e+02  -1.7263e+02
  -5.2414e+01  -5.8406e+02  -1.3039e+02
  -1.7485e+02  -5.8065e+02  -8.7516e+01
  -2.9352e+02  -5.4948e+02  -4.4223e+01
  -4.0220e+02  -4.9213e+02  -7.1778e-01
  -4.9517e+02  -4.1158e+02   4.2791e+01
  -5.6755e+02  -3.1203e+02   8.6094e+01
  -6.1554e+02  -1.9867e+02   1.2898e+02
  -6.3665e+02  -7.7429e+01   1.7125e+02
  -6.2977e+02   4.5345e+01   2.1269e+02
  -5.9531e+02   1.6323e+02   2.5311e+02
  -5.3511e+02   2.7005e+02   2.9232e+02
  -4.5236e+02   3.6024e+02   3.3011e+02
  -3.5148e+02   4.2908e+02   3.6631e+02
  -2.3780e+02   4.7301e+02   4.0076e+02
  -1.1736e+02   4.8976e+02   4.3327e+02
   3.4678e+00   4.7850e+02   4.6370e+02
   1.1827e+02   4.3990e+02   4.9189e+02
   2.2096e+02   3.7606e+02   5.1772e+02
   3.0610e+02   2.9040e+02   5.4105e+02
   3.6918e+02   1.8751e+02   5.6178e+02
   4.0683e+02   7.2895e+01   5.7981e+02
   4.1706e+02  -4.7339e+01   5.9505e+02
   3.9931e+02  -1.6678e+02   6.0742e+02
   3.5449e+02  -2.7905e+02   6.1686e+02
   2.8495e+02  -3.7816e+02   6.2334e+02
   1.9436e+02  -4.5882e+02   6.2682e+02
   8.7485e+01  -5.1670e+02   6.2728e+02
  -3.0053e+01  -5.4868e+02   6.2472e+02
  -1.5206e+02  -5.5301e+02   6.1915e+02
  -2.7210e+02  -5.2940e+02   6.1060e+02
  -3.8384e+02  -4.7903e+02   5.9912e+02
  -4.8141e+02  -4.0450e+02   5.8475e+02
  -5.5965e+02  -3.0968e+02   5.6756e+02
  -6.1446e+02  -1.9951e+02   5.4764e+02
  -6.4293e+02  -7.9751e+01   5.2509e+02
  -6.4358e+02   4.3337e+01   5.0001e+02
  -6.1638e+02   1.6332e+02   4.7252e+02
  -5.6279e+02   2.7392e+02   4.4276e+02
  -4.8562e+02   3.6937e+02   4.1086e+02
  -3.8898e+02   4.4468e+02   3.7699e+02
  -2.7796e+02   4.9595e+02   3.4131e+02
  -1.5844e+02   5.2053e+02   3.0398e+02
  -3.6735e+01   5.1719e+02   2.6519e+02
   8.0724e+01   4.8617e+02   2.2512e+02
   1.8773e+02   4.2917e+02   1.8396e+02
   2.7863e+02   3.4927e+02   1.4193e+02
   3.4862e+02   2.5075e+02   9.9204e+01
   3.9400e+02   1.3888e+02   5.6005e+01
   4.1238e+02   1.9629e+01   1.2536e+01
   4.0278e+02  -1.0063e+02  -3.0993e+01
   3.6571e+02  -2.1549e+02  -7.4372e+01
   3.0313e+02  -3.1882e+02  -1.1739e+02
   2.1835e+02  -4.0509e+02  -1.5985e+02
   1.1585e+02  -4.6968e+02  -2.0154e+02
   1.0426e+00  -5.0913e+02  -2.4225e+02
  -1.2000e+02  -5.2127e+02  -2.8181e+02
  -2.4089e+02  -5.0541e+02  -3.2000e+02
  -3.5522e+02  -4.6231e+02  -3.5665e+02
  -4.5697e+02  -3.9420e+02  -3.9159e+02
  -5.4074e+02  -3.0459e+02  -4.2464e+02
  -6.0210e+02  -1.9817e+02  -4.5565e+02
  -6.3781e+02  -8.0485e+01  -4.8447e+02
  -6.4597e+02   4.2313e+01  -5.1095e+02
  -6.2614e+02   1.6380e+02  -5.3497e+02
  -5.7936e+02   2.7763e+02  -5.5642e+02
  -5.0809e+02   3.7785e+02  -5.7519e+02
  -4.1608e+02   4.5923e+02  -5.9119e+02
  -3.0818e+02   5.1754e+02  -6.0434e+02
  -1.9007e+02   5.4976e+02  -6.1459e+02
  -6.7983e+01   5.5425e+02  -6.2188e+02
   5.1652e+01   5.3084e+02  -6.2617e+02
   1.6253e+02   4.8083e+02  -6.2745e+02
   2.5881e+02   4.0692e+02  -6.2571e+02
   3.3543e+02   3.1309e+02  -6.2096e+02
   3.8835e+02   2.0434e+02  -6.1322e+02
   4.1479e+02   8.6482e+01  -6.0252e+02
   4.1339e+02  -3.4194e+01  -5.8893e+02
   3.8422e+02  -1.5125e+02  -5.7250e+02
   3.2886e+02  -2.5846e+02  -5.5332e+02
   2.5024e+02  -3.5007e+02  -5.3147e+02
   1.5253e+02  -4.2121e+02  -5.0706e+02
   4.0929e+01  -4.6804e+02  -4.8021e+02
  -7.8662e+01  -4.8804e+02  -4.5105e+02
  -1.9990e+02  -4.8008e+02  -4.1972e+02
  -3.1636e+02  -4.4453e+02  -3.8637e+02
  -4.2186e+02  -3.8321e+02  -3.5116e+02
  -5.1082e+02  -2.9929e+02  -3.1426e+02
  -5.7850e+02  -1.9714e+02  -2.7585e+02
  -6.2131e+02  -8.2109e+01  -2.3611e+02
  -6.3696e+02   3.9798e+01  -1.9523e+02
  -6.2459e+02   1.6220e+02  -1.5341e+02
  -5.8484e+02   2.7869e+02  -1.1086e+02
  -5.1977e+02   3.8317e+02  -6.7766e+01
  -4.3280e+02   4.7019e+02  -2.4350e+01
  -3.2848e+02   5.3520e+02   1.9183e+01
  -2.1229e+02   5.7483e+02   6.2624e+01
  -9.0349e+01   5.8705e+02   1.0576e+02
   3.0943e+01   5.7126e+02   1.4839e+02
   1.4521e+02   5.2836e+02   1.9031e+02
   2.4645e+02   4.6067e+02   2.3131e+02
   3.2935e+02   3.7182e+02   2.7120e+02
   3.8956e+02   2.6655e+02   3.0978e+02
   4.2394e+02   1.5049e+02   3.4687e+02
   4.3071e+02   2.9809e+01   3.8229e+02
   4.0954e+02  -8.9054e+01   4.1587e+02
   3.6159e+02  -1.9977e+02   4.4745e+02
   2.8943e+02  -2.9644e+02   4.7687e+02
   1.9690e+02  -3.7390e+02   5.0400e+02
   8.8928e+01  -4.2802e+02   5.2870e+02
  -2.8742e+01  -4.5587e+02   5.5086e+02
  -1.4986e+02  -4.5594e+02   5.7036e+02
  -2.6799e+02  -4.2817e+02   5.8713e+02
  -3.7685e+02  -3.7398e+02   6.0106e+02
  -4.7065e+02  -2.9618e+02   6.1210e+02
  -5.4441e+02  -1.9882e+02   6.2019e+02
  -5.9418e+02  -8.6998e+01   6.2530e+02
  -6.1729e+02   3.3427e+01   6.2740e+02
  -6.1248e+02   1.5615e+02   6.2648e+02
  -5.7996e+02   2.7473e+02   6.2254e+02
  -5.2141e+02   3.8296e+02   6.1561e+02
  -4.3987e+02   4.7517e+02   6.0571e+02
  -3.3960e+02   5.4653e+02   5.9290e+02
  -2.2587e+02   5.9333e+02   5.7724e+02
  -1.0462e+02   6.1314e+02   5.5879e+02
   1.7776e+01   6.0496e+02   5.3766e+02
   1.3491e+02   5.6927e+02   5.1393e+02
   2.4064e+02   5.0799e+02   4.8774e+02
   3.2943e+02   4.2441e+02   4.5919e+02
   3.9664e+02   3.2299e+02   4.2844e+02
   4.3876e+02   2.0912e+02   3.9562e+02
   4.5362e+02   8.8866e+01   3.6090e+02
   4.4048e+02  -3.1382e+01   3.2444e+02
   4.0009e+02  -1.4523e+02   2.8642e+02
   3.3463e+02  -2.4663e+02   2.4702e+02
   2.4761e+02  -3.3017e+02   2.0643e+02
   1.4367e+02  -3.9142e+02   1.6484e+02
   2.8360e+01  -4.2708e+02   1.2247e+02
  -9.2188e+01  -4.3525e+02   7.9503e+01
  -2.1155e+02  -4.1545e+02   3.6155e+01
  -3.2338e+02  -3.6869e+02  -7.3668e+00
  -4.2170e+02  -2.9739e+02  -5.0853e+01
  -5.0128e+02  -2.0530e+02  -9.4095e+01
  -5.5786e+02  -9.7229e+01  -1.3688e+02
  -5.8839e+02   2.1142e+01  -1.7901e+02
  -5.9121e+02   1.4360e+02  -2.2028e+02
  -5.6613e+02   2.6371e+02  -2.6049e+02
  -5.1439e+02   3.7517e+02  -2.9944e+02
  -4.3869e+02   4.7212e+02  -3.3696e+02
  -3.4297e+02   5.4947e+02  -3.7285e+02
  -2.3222e+02   6.0318e+02  -4.0694e+02
  -1.1224e+02   6.3043e+02  -4.3908e+02
   1.0691e+01   6.2983e+02  -4.6910e+02
   1.3014e+02   6.0142e+02  -4.9687e+02
   2.3985e+02   5.4675e+02  -5.2224e+02
   3.3409e+02   4.6873e+02  -5.4510e+02
   4.0795e+02   3.7151e+02  -5.6534e+02
   4.5756e+02   2.6026e+02  -5.8285e+02
   4.8039e+02   1.4086e+02  -5.9756e+02
   4.7527e+02   1.9673e+01  -6.0939e+02
   4.4254e+02  -9.6893e+01  -6.1829e+02
   3.8398e+02  -2.0265e+02  -6.2421e+02
   3.0276e+02  -2.9199e+02  -6.2713e+02
   2.0321e+02  -3.6016e+02  -6.2703e+02
   9.0658e+01  -4.0355e+02  -6.2391e+02
  -2.8894e+01  -4.1984e+02  -6.1779e+02
  -1.4907e+02  -4.0814e+02  -6.0869e+02
  -2.6346e+02  -3.6905e+02  -5.9666e+02
  -3.6597e+02  -3.0462e+02  -5.8177e+02
  -4.5112e+02  -2.1823e+02  -5.6407e+02
  -5.1435e+02  -1.1441e+02  -5.4365e+02
  -5.5226e+02   1.3690e+00  -5.2062e+02
  -5.6278e+02   1.2301e+02  -4.9508e+02
  -5.4531e+02   2.4410e+02  -4.6716e+02
  -5.0069e+02   3.5828e+02  -4.3699e+02
  -4.3122e+02   4.5951e+02  -4.0472e+02
  -3.4051e+02   5.4249e+02  -3.7050e+02
  -2.3329e+02   6.0283e+02  -3.3449e+02
  -1.1516e+02   6.3737e+02  -2.9688e+02
   7.7151e+00   6.4430e+02  -2.5784e+02
   1.2890e+02   6.2326e+02  -2.1755e+02
   2.4206e+02   5.7538e+02  -1.7622e+02
   3.4128e+02   5.0320e+02  -1.3404e+02
   4.2138e+02   4.1055e+02  -9.1213e+01
   4.7821e+02   3.0232e+02  -4.7948e+01
   5.0882e+02   1.8425e+02  -4.4522e+00
   5.1165e+02   6.2585e+01   3.9065e+01
   4.8663e+02  -5.6250e+01   8.2394e+01
   4.3514e+02  -1.6596e+02   1.2533e+02
   3.5996e+02  -2.6076e+02   1.6766e+02
   2.6513e+02  -3.3562e+02   2.0918e+02
   1.5572e+02  -3.8658e+02   2.4969e+02
   3.7579e+01  -4.1095e+02   2.8901e+02
  -8.2998e+01  -4.0743e+02   3.2693e+02
  -1.9957e+02  -3.7622e+02   3.6328e+02
  -3.0593e+02  -3.1894e+02   3.9788e+02
  -3.9638e+02  -2.3863e+02   4.3056e+02
  -4.6608e+02  -1.3952e+02   4.6117e+02
  -5.1129e+02  -2.6851e+01   4.8956e+02
  -5.2956e+02   9.3435e+01   5.1560e+02
  -5.1986e+02   2.1498e+02   5.3915e+02
  -4.8263e+02   3.3137e+02   5.6011e+02
  -4.1977e+02   4.3646e+02   5.7837e+02
  -3.3454e+02   5.2468e+02   5.9385e+02
  -2.3139e+02   5.9139e+02   6.0647e+02
  -1.1568e+02   6.3305e+02   6.1617e+02
   6.5314e+00   6.4746e+02   6.2290e+02
   1.2886e+02   6.3386e+02   6.2664e+02
   2.4490e+02   5.9295e+02   6.2736e+02
   3.4859e+02   5.2690e+02   6.2506e+02
   4.3453e+02   4.3918e+02   6.1975e+02
   4.9823e+02   3.3443e+02   6.1145e+02
   5.3640e+02   2.1815e+02   6.0022e+02
   5.4709e+02   9.6499e+01   5.8609e+02
   5.2979e+02  -2.4122e+01   5.6914e+02
   4.8549e+02  -1.3735e+02   5.4946e+02
   4.1658e+02  -2.3721e+02   5.2713e+02
   3.2677e+02  -3.1845e+02   5.0226e+02
   2.2087e+02  -3.7678e+02   4.7497e+02
   1.0453e+02  -4.0914e+02   4.4540e+02
  -1.6036e+01  -4.1383e+02   4.1368e+02
  -1.3440e+02  -3.9062e+02   3.7997e+02
  -2.4425e+02  -3.4074e+02   3.4443e+02
  -3.3972e+02  -2.6685e+02   3.0724e+02
  -4.1570e+02  -1.7287e+02   2.6856e+02
  -4.6812e+02  -6.3774e+01   2.2860e+02
  -4.9415e+02   5.4659e+01   1.8753e+02
  -4.9235e+02   1.7616e+02   1.4556e+02
  -4.6275e+02   2.9428e+02   1.0289e+02
  -4.0686e+02   4.0277e+02   5.9723e+01
  -3.2756e+02   4.9589e+02   1.6270e+01
  -2.2899e+02   5.6869e+02  -2.7262e+01
  -1.1628e+02   6.1730e+02  -7.0663e+01
   4.6700e+00   6.3914e+02  -1.1372e+02
   1.2753e+02   6.3304e+02  -1.5624e+02
   2.4588e+02   5.9928e+02  -1.9800e+02
   3.5353e+02   5.3964e+02  -2.3881e+02
   4.4485e+02   4.5723e+02  -2.7846e+02
   5.1507e+02   3.5639e+02  -3.1678e+02
   5.6056e+02   2.4241e+02  -3.5358e+02
   5.7896e+02   1.2129e+02  -3.8867e+02
   5.6937e+02  -6.0238e-01  -4.2189e+02
   5.3234e+02  -1.1686e+02  -4.5308e+02
   4.6989e+02  -2.2136e+02  -4.8208e+02
   3.8539e+02  -3.0862e+02  -5.0877e+02
   2.8335e+02  -3.7406e+02  -5.3301e+02
   1.6921e+02  -4.1425e+02  -5.5468e+02
   4.9062e+01  -4.2711e+02  -5.7369e+02
  -7.0689e+01  -4.1197e+02  -5.8993e+02
  -1.8366e+02  -3.6968e+02  -6.0333e+02
  -2.8384e+02  -3.0250e+02  -6.1383e+02
  -3.6587e+02  -2.1401e+02  -6.2137e+02
  -4.2537e+02  -1.0892e+02  -6.2592e+02
  -4.5914e+02   7.1940e+00  -6.2746e+02
  -4.6534e+02   1.2816e+02  -6.2598e+02
  -4.4359e+02   2.4755e+02  -6.2148e+02
  -3.9498e+02   3.5903e+02  -6.1400e+02
  -3.2203e+02   4.5668e+02  -6.0355e+02
  -2.2853e+02   5.3529e+02  -5.9021e+02
  -1.1938e+02   5.9069e+02  -5.7402e+02
  -2.8424e-01   6.1990e+02  -5.5507e+02
   1.2252e+02   6.2135e+02  -5.3344e+02
   2.4260e+02   5.9492e+02  -5.0925e+02
   3.5367e+02   5.4197e+02  -4.8261e+02
   4.4990e+02   4.6525e+02  -4.5364e+02
   5.2627e+02   3.6877e+02  -4.2249e+02
   5.7880e+02   2.5760e+02  -3.8931e+02
   6.0475e+02   1.3756e+02  -3.5425e+02
   6.0281e+02   1.4942e+01  -3.1749e+02
   5.7314e+02  -1.0381e+02  -2.7920e+02
   5.1733e+02  -2.1248e+02  -2.3956e+02
   4.3840e+02  -3.0536e+02  -1.9878e+02
   3.4056e+02  -3.7759e+02  -1.5703e+02
   2.2901e+02  -4.2541e+02  -1.1453e+02
   1.0971e+02  -4.4633e+02  -7.1477e+01
  -1.1012e+01  -4.3930e+02  -2.8081e+01
  -1.2672e+02  -4.0472e+02   1.5450e+01
  -2.3127e+02  -3.4448e+02   5.8907e+01
  -3.1909e+02  -2.6180e+02   1.0208e+02
  -3.8550e+02  -1.6110e+02   1.4476e+02
  -4.2694e+02  -4.7743e+01   1.8675e+02
  -4.4119e+02   7.2237e+01   2.2783e+02
  -4.2745e+02   1.9245e+02   2.6782e+02
  -3.8641e+02   3.0651e+02   3.0652e+02
  -3.2018e+02   4.0833e+02   3.4375e+02
  -2.3223e+02   4.9249e+02   3.7932e+02
  -1.2717e+02   5.5449e+02   4.1306e+02
  -1.0490e+01   5.9100e+02   4.4482e+02
   1.1167e+02   6.0005e+02   4.7443e+02
   2.3291e+02   5.8111e+02   5.0176e+02
   3.4686e+02   5.3513e+02   5.2668e+02
   4.4754e+02   4.6448e+02   5.4906e+02
   5.2966e+02   3.7283e+02   5.6880e+02
   5.8894e+02   2.6499e+02   5.8580e+02
   6.2227e+02   1.4658e+02   5.9998e+02
   6.2793e+02   2.3807e+01   6.1127e+02
   6.0565e+02  -9.6895e+01   6.1962e+02
   5.5666e+02  -2.0921e+02   6.2498e+02
   4.8356e+02  -3.0726e+02   6.2734e+02
   3.9025e+02  -3.8592e+02   6.2668e+02
   2.8170e+02  -4.4110e+02   6.2300e+02
   1.6366e+02  -4.6994e+02   6.1632e+02
   4.2413e+01  -4.7096e+02   6.0668e+02
  -7.5618e+01  -4.4418e+02   5.9411e+02
  -1.8417e+02  -3.9106e+02   5.7869e+02
  -2.7747e+02  -3.1447e+02   5.6048e+02
  -3.5057e+02  -2.1852e+02   5.3957e+02
  -3.9958e+02  -1.0831e+02   5.1607e+02
  -4.2188e+02   1.0253e+01   4.9008e+02
  -4.1627e+02   1.3086e+02   4.6173e+02
  -3.8302e+02   2.4709e+02   4.3116e+02

