   7.8682e+02   2.5048e+02   7.1067e+02
   8.1296e+02   2.4994e+02   7.6098e+02
   8.4023e+02   2.4355e+02   8.0763e+02
   8.6726e+02   2.3118e+02   8.5039e+02
   8.9269e+02   2.1302e+02   8.8906e+02
   9.1525e+02   1.8956e+02   9.2345e+02
   9.3381e+02   1.6160e+02   9.5339e+02
   9.4744e+02   1.3013e+02   9.7875e+02
   9.5546e+02   9.6357e+01   9.9939e+02
   9.5751e+02   6.1599e+01   1.0152e+03
   9.5351e+02   2.7225e+01   1.0262e+03
   9.4372e+02  -5.4135e+00   1.0322e+03
   9.2867e+02  -3.5060e+01   1.0332e+03
   9.0919e+02  -6.0614e+01   1.0293e+03
   8.8633e+02  -8.1194e+01   1.0204e+03
   8.6131e+02  -9.6178e+01   1.0066e+03
   8.3547e+02  -1.0524e+02   9.8792e+02
   8.1018e+02  -1.0838e+02   9.6452e+02
   7.8677e+02  -1.0588e+02   9.3647e+02
   7.6647e+02  -9.8350e+01   9.0392e+02
   7.5036e+02  -8.6656e+01   8.6701e+02
   7.3926e+02  -7.1880e+01   8.2593e+02
   7.3375e+02  -5.5268e+01   7.8088e+02
   7.3409e+02  -3.8165e+01   7.3206e+02
   7.4024e+02  -2.1940e+01   6.7972e+02
   7.5185e+02  -7.9167e+00   6.2411e+02
   7.6825e+02   2.7001e+00   5.6550e+02
   7.8854e+02   8.8841e+00   5.0416e+02
   8.1161e+02   9.8441e+00   4.4040e+02
   8.3618e+02   5.0654e+00   3.7451e+02
   8.6089e+02  -5.6631e+00   3.0683e+02
   8.8439e+02  -2.2238e+01   2.3767e+02
   9.0536e+02  -4.4245e+01   1.6736e+02
   9.2262e+02  -7.0985e+01   9.6245e+01
   9.3519e+02  -1.0151e+02   2.4669e+01
   9.4232e+02  -1.3465e+02  -4.7026e+01
   9.4355e+02  -1.6914e+02  -1.1849e+02
   9.3872e+02  -2.0360e+02  -1.8939e+02
   9.2799e+02  -2.3667e+02  -2.5938e+02
   9.1184e+02  -2.6706e+02  -3.2812e+02
   8.9100e+02  -2.9362e+02  -3.9528e+02
   8.6646e+02  -3.1540e+02  -4.6053e+02
   8.3942e+02  -3.3171e+02  -5.2357e+02
   8.1117e+02  -3.4213e+02  -5.8409e+02
   7.8309e+02  -3.4657e+02  -6.4180e+02
   7.5653e+02  -3.4523e+02  -6.9641e+02
   7.3276e+02  -3.3864e+02  -7.4768e+02
   7.1290e+02  -3.2759e+02  -7.9535e+02
   6.9785e+02  -3.1311e+02  -8.3918e+02
   6.8826e+02  -2.9641e+02  -8.7898e+02
   6.8449e+02  -2.7881e+02  -9.1455e+02
   6.8657e+02  -2.6168e+02  -9.4571e+02
   6.9424e+02  -2.4636e+02  -9.7232e+02
   7.0693e+02  -2.3410e+02  -9.9426e+02
   7.2379e+02  -2.2598e+02  -1.0114e+03
   7.4377e+02  -2.2287e+02  -1.0237e+03
   7.6562e+02  -2.2536e+02  -1.0310e+03
   7.8800e+02  -2.3374e+02  -1.0334e+03
   8.0956e+02  -2.4800e+02  -1.0308e+03
   8.2895e+02  -2.6782e+02  -1.0233e+03
   8.4496e+02  -2.9256e+02  -1.0108e+03
   8.5653e+02  -3.2135e+02  -9.9346e+02
   8.6286e+02  -3.5309e+02  -9.7134e+02
   8.6339e+02  -3.8650e+02  -9.4454e+02
   8.5788e+02  -4.2026e+02  -9.1319e+02
   8.4641e+02  -4.5297e+02  -8.7745e+02
   8.2936e+02  -4.8333e+02  -8.3748e+02
   8.0740e+02  -5.1014e+02  -7.9349e+02
   7.8146e+02  -5.3240e+02  -7.4567e+02
   7.5267e+02  -5.4931e+02  -6.9426e+02
   7.2231e+02  -5.6041e+02  -6.3952e+02
   6.9175e+02  -5.6549e+02  -5.8169e+02
   6.6234e+02  -5.6468e+02  -5.2106e+02
   6.3539e+02  -5.5842e+02  -4.5793e+02
   6.1207e+02  -5.4743e+02  -3.9259e+02
   5.9333e+02  -5.3268e+02  -3.2536e+02
   5.7992e+02  -5.1533e+02  -2.5657e+02
   5.7227e+02  -4.9667e+02  -1.8654e+02
   5.7051e+02  -4.7808e+02  -1.1561e+02
   5.7445e+02  -4.6092e+02  -4.4124e+01
   5.8362e+02  -4.4645e+02   2.7573e+01
   5.9723e+02  -4.3582e+02   9.9137e+01
   6.1428e+02  -4.2995e+02   1.7022e+02
   6.3358e+02  -4.2952e+02   2.4049e+02
   6.5381e+02  -4.3491e+02   3.0960e+02
   6.7361e+02  -4.4619e+02   3.7722e+02
   6.9162e+02  -4.6313e+02   4.4302e+02
   7.0659e+02  -4.8519e+02   5.0670e+02
   7.1742e+02  -5.1153e+02   5.6793e+02
   7.2321e+02  -5.4113e+02   6.2643e+02
   7.2335e+02  -5.7275e+02   6.8191e+02
   7.1750e+02  -6.0506e+02   7.3411e+02
   7.0566e+02  -6.3670e+02   7.8278e+02
   6.8811e+02  -6.6633e+02   8.2767e+02
   6.6545e+02  -6.9270e+02   8.6859e+02
   6.3854e+02  -7.1476e+02   9.0532e+02
   6.0847e+02  -7.3165e+02   9.3770e+02
   5.7647e+02  -7.4280e+02   9.6556e+02
   5.4391e+02  -7.4794e+02   9.8877e+02
   5.1213e+02  -7.4711e+02   1.0072e+03
   4.8248e+02  -7.4065e+02   1.0208e+03
   4.5616e+02  -7.2921e+02   1.0295e+03
   4.3420e+02  -7.1370e+02   1.0333e+03
   4.1741e+02  -6.9523e+02   1.0320e+03
   4.0630e+02  -6.7507e+02   1.0258e+03
   4.0109e+02  -6.5456e+02   1.0147e+03
   4.0169e+02  -6.3508e+02   9.9864e+02
   4.0769e+02  -6.1794e+02   9.7781e+02
   4.1840e+02  -6.0431e+02   9.5227e+02
   4.3288e+02  -5.9519e+02   9.2214e+02
   4.4997e+02  -5.9134e+02   8.8758e+02
   4.6839e+02  -5.9321e+02   8.4874e+02
   4.8678e+02  -6.0097e+02   8.0582e+02
   5.0378e+02  -6.1446e+02   7.5901e+02
   5.1809e+02  -6.3323e+02   7.0856e+02
   5.2857e+02  -6.5653e+02   6.5469e+02
   5.3426e+02  -6.8337e+02   5.9768e+02
   5.3447e+02  -7.1258e+02   5.3778e+02
   5.2877e+02  -7.4285e+02   4.7530e+02
   5.1706e+02  -7.7282e+02   4.1053e+02
   4.9956e+02  -8.0112e+02   3.4378e+02
   4.7677e+02  -8.2648e+02   2.7538e+02
   4.4949e+02  -8.4779e+02   2.0565e+02
   4.1875e+02  -8.6413e+02   1.3493e+02
   3.8574e+02  -8.7485e+02   6.3563e+01
   3.5180e+02  -8.7958e+02  -8.1100e+00
   3.1830e+02  -8.7829e+02  -7.9744e+01
   2.8657e+02  -8.7123e+02  -1.5099e+02
   2.5787e+02  -8.5897e+02  -2.2152e+02
   2.3330e+02  -8.4234e+02  -2.9098e+02
   2.1371e+02  -8.2241e+02  -3.5903e+02
   1.9971e+02  -8.0041e+02  -4.2536e+02
   1.9160e+02  -7.7767e+02  -4.8964e+02
   1.8939e+02  -7.5556e+02  -5.5156e+02
   1.9274e+02  -7.3542e+02  -6.1083e+02
   2.0105e+02  -7.1847e+02  -6.6716e+02
   2.1343e+02  -7.0576e+02  -7.2028e+02
   2.2880e+02  -6.9812e+02  -7.6993e+02
   2.4588e+02  -6.9609e+02  -8.1587e+02
   2.6334e+02  -6.9992e+02  -8.5789e+02
   2.7981e+02  -7.0956e+02  -8.9577e+02
   2.9397e+02  -7.2461e+02  -9.2935e+02
   3.0463e+02  -7.4442e+02  -9.5845e+02
   3.1076e+02  -7.6806e+02  -9.8294e+02
   3.1160e+02  -7.9441e+02  -1.0027e+03
   3.0665e+02  -8.2218e+02  -1.0176e+03
   2.9571e+02  -8.5001e+02  -1.0277e+03
   2.7891e+02  -8.7655e+02  -1.0327e+03
   2.5668e+02  -9.0049e+02  -1.0328e+03
   2.2973e+02  -9.2066e+02  -1.0280e+03
   1.9904e+02  -9.3608e+02  -1.0182e+03
   1.6576e+02  -9.4603e+02  -1.0035e+03
   1.3118e+02  -9.5006e+02  -9.8394e+02
   9.6685e+01  -9.4803e+02  -9.5966e+02
   6.3624e+01  -9.4013e+02  -9.3076e+02
   3.3281e+01  -9.2683e+02  -8.9739e+02
   6.7978e+00  -9.0889e+02  -8.5969e+02
  -1.4892e+01  -8.8733e+02  -8.1786e+02
  -3.1106e+01  -8.6334e+02  -7.7209e+02
  -4.1453e+01  -8.3821e+02  -7.2260e+02
  -4.5851e+01  -8.1333e+02  -6.6964e+02
  -4.4535e+01  -7.9005e+02  -6.1345e+02
  -3.8039e+01  -7.6963e+02  -5.5431e+02
  -2.7173e+01  -7.5316e+02  -4.9250e+02
  -1.2976e+01  -7.4156e+02  -4.2832e+02
   3.3337e+00  -7.3543e+02  -3.6207e+02
   2.0429e+01  -7.3513e+02  -2.9409e+02
   3.6940e+01  -7.4067e+02  -2.2469e+02
   5.1527e+01  -7.5177e+02  -1.5420e+02
   6.2953e+01  -7.6783e+02  -8.2980e+01
   7.0149e+01  -7.8801e+02  -1.1356e+01
   7.2266e+01  -8.1121e+02   6.0323e+01
   6.8726e+01  -8.3621e+02   1.3171e+02
   5.9251e+01  -8.6166e+02   2.0247e+02
   4.3873e+01  -8.8618e+02   2.7225e+02
   2.2940e+01  -9.0846e+02   3.4072e+02
  -2.9091e+00  -9.2728e+02   4.0755e+02
  -3.2774e+01  -9.4160e+02   4.7241e+02
  -6.5542e+01  -9.5062e+02   5.3501e+02
  -9.9946e+01  -9.5382e+02   5.9502e+02
  -1.3463e+02  -9.5096e+02   6.5218e+02
  -1.6824e+02  -9.4215e+02   7.0619e+02
  -1.9944e+02  -9.2778e+02   7.5681e+02
  -2.2706e+02  -9.0853e+02   8.0378e+02
  -2.5010e+02  -8.8536e+02   8.4688e+02
  -2.6780e+02  -8.5940e+02   8.8591e+02
  -2.7969e+02  -8.3194e+02   9.2067e+02
  -2.8559e+02  -8.0434e+02   9.5100e+02
  -2.8565e+02  -7.7797e+02   9.7675e+02
  -2.8033e+02  -7.5412e+02   9.9780e+02
  -2.7036e+02  -7.3394e+02   1.0141e+03
  -2.5673e+02  -7.1839e+02   1.0254e+03
  -2.4059e+02  -7.0818e+02   1.0318e+03
  -2.2327e+02  -7.0373e+02   1.0333e+03
  -2.0612e+02  -7.0516e+02   1.0298e+03
  -1.9051e+02  -7.1225e+02   1.0213e+03
  -1.7769e+02  -7.2451e+02   1.0079e+03
  -1.6880e+02  -7.4115e+02   9.8971e+02
  -1.6475e+02  -7.6114e+02   9.6671e+02
  -1.6620e+02  -7.8330e+02   9.3906e+02
  -1.7351e+02  -8.0629e+02   9.0688e+02
  -1.8674e+02  -8.2874e+02   8.7034e+02
  -2.0563e+02  -8.4932e+02   8.2961e+02
  -2.2961e+02  -8.6676e+02   7.8489e+02
  -2.5786e+02  -8.7999e+02   7.3639e+02
  -2.8931e+02  -8.8812e+02   6.8434e+02
  -3.2275e+02  -8.9055e+02   6.2900e+02
  -3.5682e+02  -8.8697e+02   5.7064e+02
  -3.9017e+02  -8.7738e+02   5.0952e+02
  -4.2145e+02  -8.6209e+02   4.4595e+02
  -4.4943e+02  -8.4172e+02   3.8024e+02
  -4.7307e+02  -8.1714e+02   3.1270e+02
  -4.9153e+02  -7.8945e+02   2.4365e+02
  -5.0425e+02  -7.5990e+02   1.7342e+02
  -5.1098e+02  -7.2983e+02   1.0237e+02
  -5.1178e+02  -7.0062e+02   3.0817e+01
  -5.0701e+02  -6.7358e+02  -4.0881e+01
  -4.9733e+02  -6.4992e+02  -1.1238e+02
  -4.8367e+02  -6.3066e+02  -1.8334e+02
  -4.6714e+02  -6.1657e+02  -2.5342e+02
  -4.4902e+02  -6.0818e+02  -3.2228e+02
  -4.3067e+02  -6.0566e+02  -3.8959e+02
  -4.1345e+02  -6.0891e+02  -4.5502e+02
  -3.9866e+02  -6.1751e+02  -5.1826e+02
  -3.8748e+02  -6.3074e+02  -5.7900e+02
  -3.8088e+02  -6.4765e+02  -6.3696e+02
  -3.7961e+02  -6.6708e+02  -6.9186e+02
  -3.8410e+02  -6.8774e+02  -7.4342e+02
  -3.9450e+02  -7.0826e+02  -7.9140e+02
  -4.1063e+02  -7.2728e+02  -8.3558e+02
  -4.3203e+02  -7.4352e+02  -8.7573e+02
  -4.5793e+02  -7.5584e+02  -9.1167e+02
  -4.8733e+02  -7.6330e+02  -9.4322e+02
  -5.1904e+02  -7.6522e+02  -9.7022e+02
  -5.5176e+02  -7.6119e+02  -9.9256e+02
  -5.8410e+02  -7.5113e+02  -1.0101e+03
  -6.1472e+02  -7.3527e+02  -1.0228e+03
  -6.4236e+02  -7.1415e+02  -1.0306e+03
  -6.6590e+02  -6.8856e+02  -1.0334e+03
  -6.8444e+02  -6.5955e+02  -1.0312e+03
  -6.9736e+02  -6.2833e+02  -1.0241e+03
  -7.0430e+02  -5.9622e+02  -1.0121e+03
  -7.0524e+02  -5.6461e+02  -9.9514e+02
  -7.0046e+02  -5.3482e+02  -9.7342e+02
  -6.9054e+02  -5.0811e+02  -9.4702e+02
  -6.7633e+02  -4.8555e+02  -9.1605e+02
  -6.5890e+02  -4.6799e+02  -8.8068e+02
  -6.3949e+02  -4.5602e+02  -8.4107e+02
  -6.1945e+02  -4.4993e+02  -7.9741e+02
  -6.0014e+02  -4.4968e+02  -7.4992e+02
  -5.8289e+02  -4.5495e+02  -6.9881e+02
  -5.6891e+02  -4.6509e+02  -6.4434e+02
  -5.5925e+02  -4.7922e+02  -5.8676e+02
  -5.5470e+02  -4.9623e+02  -5.2637e+02
  -5.5581e+02  -5.1485e+02  -4.6343e+02
  -5.6281e+02  -5.3374e+02  -3.9827e+02
  -5.7560e+02  -5.5153e+02  -3.3119e+02
  -5.9379e+02  -5.6691e+02  -2.6252e+02
  -6.1671e+02  -5.7868e+02  -1.9258e+02
  -6.4341e+02  -5.8585e+02  -1.2172e+02
  -6.7276e+02  -5.8766e+02  -5.0268e+01
  -7.0346e+02  -5.8362e+02   2.1424e+01
  -7.3416e+02  -5.7357e+02   9.3013e+01
  -7.6350e+02  -5.5765e+02   1.6415e+02
  -7.9017e+02  -5.3630e+02   2.3451e+02
  -8.1303e+02  -5.1025e+02   3.0373e+02
  -8.3110e+02  -4.8049e+02   3.7149e+02
  -8.4367e+02  -4.4819e+02   4.3746e+02
  -8.5032e+02  -4.1464e+02   5.0133e+02
  -8.5092e+02  -3.8122e+02   5.6278e+02
  -8.4568e+02  -3.4929e+02   6.2152e+02
  -8.3509e+02  -3.2011e+02   6.7728e+02
  -8.1993e+02  -2.9483e+02   7.2977e+02
  -8.0123e+02  -2.7435e+02   7.7875e+02
  -7.8017e+02  -2.5935e+02   8.2398e+02
  -7.5807e+02  -2.5020e+02   8.6524e+02
  -7.3631e+02  -2.4695e+02   9.0234e+02
  -7.1624e+02  -2.4937e+02   9.3510e+02
  -6.9909e+02  -2.5689e+02   9.6335e+02
  -6.8598e+02  -2.6869e+02   9.8697e+02
  -6.7778e+02  -2.8373e+02   1.0058e+03
  -6.7509e+02  -3.0076e+02   1.0199e+03
  -6.7824e+02  -3.1847e+02   1.0290e+03
  -6.8723e+02  -3.3548e+02   1.0331e+03
  -7.0176e+02  -3.5046e+02   1.0323e+03
  -7.2121e+02  -3.6218e+02   1.0265e+03
  -7.4472e+02  -3.6957e+02   1.0158e+03
  -7.7119e+02  -3.7181e+02   1.0002e+03
  -7.9939e+02  -3.6834e+02   9.7978e+02
  -8.2795e+02  -3.5889e+02   9.5464e+02
  -8.5552e+02  -3.4352e+02   9.2490e+02
  -8.8077e+02  -3.2260e+02   8.9071e+02
  -9.0249e+02  -2.9677e+02   8.5223e+02
  -9.1966e+02  -2.6695e+02   8.0965e+02
  -9.3150e+02  -2.3427e+02   7.6318e+02
  -9.3750e+02  -2.0000e+02   7.1302e+02
  -9.3744e+02  -1.6550e+02   6.5944e+02
  -9.3144e+02  -1.3213e+02   6.0268e+02
  -9.1992e+02  -1.0120e+02   5.4302e+02
  -9.0358e+02  -7.3880e+01   4.8075e+02
  -8.8337e+02  -5.1165e+01   4.1616e+02
  -8.6045e+02  -3.3792e+01   3.4957e+02
  -8.3611e+02  -2.2217e+01   2.8130e+02
  -8.1171e+02  -1.6592e+01   2.1167e+02
  -7.8861e+02  -1.6753e+01   1.4103e+02
  -7.6811e+02  -2.2229e+01   6.9701e+01
  -7.5134e+02  -3.2268e+01  -1.9595e+00
  -7.3925e+02  -4.5876e+01  -7.3611e+01
  -7.3253e+02  -6.1870e+01  -1.4491e+02
  -7.3158e+02  -7.8942e+01  -2.1551e+02
  -7.3650e+02  -9.5725e+01  -2.8507e+02
  -7.4706e+02  -1.1087e+02  -3.5326e+02
  -7.6274e+02  -1.2310e+02  -4.1975e+02
  -7.8275e+02  -1.3132e+02  -4.8422e+02
  -8.0603e+02  -1.3461e+02  -5.4635e+02
  -8.3140e+02  -1.3235e+02  -6.0586e+02
  -8.5751e+02  -1.2418e+02  -6.6245e+02
  -8.8301e+02  -1.1007e+02  -7.1586e+02
  -9.0654e+02  -9.0288e+01  -7.6581e+02
  -9.2686e+02  -6.5425e+01  -8.1208e+02
  -9.4290e+02  -3.6320e+01  -8.5444e+02
  -9.5379e+02  -4.0460e+00  -8.9269e+02
  -9.5895e+02   3.0161e+01  -9.2664e+02
  -9.5809e+02   6.4960e+01  -9.5613e+02
  -9.5121e+02   9.8980e+01  -9.8102e+02
  -9.3866e+02   1.3089e+02  -1.0012e+03
  -9.2107e+02   1.5947e+02  -1.0165e+03
  -8.9932e+02   1.8368e+02  -1.0270e+03
  -8.7452e+02   2.0270e+02  -1.0325e+03
  -8.4792e+02   2.1599e+02  -1.0330e+03
  -8.2088e+02   2.2331e+02  -1.0286e+03
  -7.9477e+02   2.2475e+02  -1.0192e+03
  -7.7090e+02   2.2069e+02  -1.0049e+03
  -7.5046e+02   2.1180e+02  -9.8580e+02
  -7.3446e+02   1.9901e+02  -9.6192e+02
  -7.2367e+02   1.8346e+02  -9.3342e+02
  -7.1857e+02   1.6644e+02  -9.0042e+02
  -7.1934e+02   1.4929e+02  -8.6309e+02
  -7.2585e+02   1.3338e+02  -8.2161e+02
  -7.3765e+02   1.2002e+02  -7.7616e+02
  -7.5403e+02   1.1035e+02  -7.2699e+02
  -7.7401e+02   1.0535e+02  -6.7431e+02
  -7.9642e+02   1.0573e+02  -6.1839e+02
  -8.1996e+02   1.1193e+02  -5.5949e+02
  -8.4327e+02   1.2406e+02  -4.9790e+02
  -8.6498e+02   1.4194e+02  -4.3391e+02
  -8.8383e+02   1.6507e+02  -3.6783e+02
  -8.9868e+02   1.9268e+02  -2.9998e+02
  -9.0861e+02   2.2375e+02  -2.3069e+02
  -9.1294e+02   2.5709e+02  -1.6028e+02
  -9.1130e+02   2.9138e+02  -8.9109e+01
  -9.0362e+02   3.2524e+02  -1.7506e+01
  -8.9015e+02   3.5733e+02   5.4182e+01
  -8.7144e+02   3.8640e+02   1.2561e+02
  -8.4830e+02   4.1133e+02   1.9643e+02
  -8.2179e+02   4.3126e+02   2.6631e+02
  -7.9313e+02   4.4555e+02   3.3490e+02
  -7.6365e+02   4.5389e+02   4.0189e+02
  -7.3472e+02   4.5626e+02   4.6693e+02
  -7.0768e+02   4.5297e+02   5.2973e+02
  -6.8376e+02   4.4460e+02   5.8999e+02
  -6.6403e+02   4.3204e+02   6.4740e+02
  -6.4933e+02   4.1635e+02   7.0169e+02
  -6.4022e+02   3.9879e+02   7.5261e+02
  -6.3697e+02   3.8070e+02   7.9990e+02
  -6.3954e+02   3.6345e+02   8.4334e+02
  -6.4757e+02   3.4836e+02   8.8273e+02
  -6.6040e+02   3.3663e+02   9.1786e+02
  -6.7715e+02   3.2930e+02   9.4858e+02
  -6.9667e+02   3.2716e+02   9.7473e+02
  -7.1772e+02   3.3071e+02   9.9619e+02
  -7.3892e+02   3.4018e+02   1.0128e+03
  -7.5892e+02   3.5545e+02   1.0246e+03
  -7.7641e+02   3.7612e+02   1.0315e+03
  -7.9021e+02   4.0148e+02   1.0334e+03
  -7.9933e+02   4.3059e+02   1.0303e+03
  -8.0303e+02   4.6229e+02   1.0223e+03
  -8.0085e+02   4.9529e+02   1.0093e+03
  -7.9262e+02   5.2823e+02   9.9146e+02
  -7.7852e+02   5.5975e+02   9.6887e+02
  -7.5900e+02   5.8856e+02   9.4161e+02
  -7.3482e+02   6.1350e+02   9.0982e+02
  -7.0696e+02   6.3364e+02   8.7364e+02
  -6.7661e+02   6.4826e+02   8.3327e+02
  -6.4507e+02   6.5697e+02   7.8888e+02
  -6.1372e+02   6.5966e+02   7.4069e+02
  -5.8390e+02   6.5654e+02   6.8894e+02
  -5.5689e+02   6.4814e+02   6.3387e+02
  -5.3380e+02   6.3525e+02   5.7575e+02
  -5.1554e+02   6.1889e+02   5.1486e+02
  -5.0276e+02   6.0027e+02   4.5150e+02
  -4.9582e+02   5.8073e+02   3.8595e+02
  -4.9475e+02   5.6161e+02   3.1855e+02
  -4.9929e+02   5.4428e+02   2.4962e+02
  -5.0886e+02   5.2997e+02   1.7948e+02
  -5.2263e+02   5.1977e+02   1.0849e+02
  -5.3953e+02   5.1453e+02   3.6965e+01
  -5.5833e+02   5.1486e+02  -3.4734e+01
  -5.7770e+02   5.2105e+02  -1.0627e+02
  -5.9625e+02   5.3309e+02  -1.7729e+02
  -6.1267e+02   5.5066e+02  -2.4745e+02
  -6.2573e+02   5.7312e+02  -3.1643e+02
  -6.3438e+02   5.9959e+02  -3.8388e+02
  -6.3781e+02   6.2897e+02  -4.4949e+02
  -6.3548e+02   6.6002e+02  -5.1293e+02
  -6.2713e+02   6.9136e+02  -5.7390e+02
  -6.1285e+02   7.2164e+02  -6.3211e+02
  -5.9301e+02   7.4954e+02  -6.8728e+02
  -5.6829e+02   7.7387e+02  -7.3913e+02
  -5.3962e+02   7.9361e+02  -7.8743e+02
  -5.0812e+02   8.0798e+02  -8.3194e+02
  -4.7508e+02   8.1651e+02  -8.7245e+02
  -4.4186e+02   8.1900e+02  -9.0876e+02
  -4.0983e+02   8.1557e+02  -9.4069e+02
  -3.8027e+02   8.0667e+02  -9.6809e+02
  -3.5437e+02   7.9301e+02  -9.9083e+02
  -3.3308e+02   7.7556e+02  -1.0088e+03
  -3.1714e+02   7.5549e+02  -1.0219e+03
  -3.0699e+02   7.3408e+02  -1.0301e+03
  -3.0275e+02   7.1272e+02  -1.0334e+03
  -3.0425e+02   6.9274e+02  -1.0316e+03
  -3.1099e+02   6.7544e+02  -1.0249e+03
  -3.2221e+02   6.6195e+02  -1.0133e+03
  -3.3690e+02   6.5319e+02  -9.9678e+02
  -3.5388e+02   6.4984e+02  -9.7547e+02
  -3.7181e+02   6.5229e+02  -9.4946e+02
  -3.8935e+02   6.6061e+02  -9.1889e+02
  -4.0513e+02   6.7456e+02  -8.8389e+02
  -4.1790e+02   6.9360e+02  -8.4463e+02
  -4.2656e+02   7.1690e+02  -8.0131e+02
  -4.3023e+02   7.4343e+02  -7.5413e+02
  -4.2827e+02   7.7197e+02  -7.0333e+02
  -4.2036e+02   8.0118e+02  -6.4913e+02
  -4.0649e+02   8.2970e+02  -5.9182e+02
  -3.8695e+02   8.5618e+02  -5.3165e+02
  -3.6233e+02   8.7939e+02  -4.6892e+02
  -3.3350e+02   8.9827e+02  -4.0394e+02
  -3.0154e+02   9.1196e+02  -3.3701e+02
  -2.6769e+02   9.1990e+02  -2.6846e+02
  -2.3329e+02   9.2181e+02  -1.9862e+02
  -1.9972e+02   9.1773e+02  -1.2782e+02
  -1.6831e+02   9.0800e+02  -5.6410e+01
  -1.4026e+02   8.9329e+02   1.5274e+01
  -1.1660e+02   8.7447e+02   8.6886e+01
  -9.8144e+01   8.5268e+02   1.5808e+02
  -8.5400e+01   8.2918e+02   2.2851e+02
  -7.8592e+01   8.0532e+02   2.9784e+02
  -7.7625e+01   7.8247e+02   3.6574e+02
  -8.2095e+01   7.6194e+02   4.3188e+02
  -9.1309e+01   7.4490e+02   4.9594e+02
  -1.0432e+02   7.3236e+02   5.5761e+02
  -1.1999e+02   7.2505e+02   6.1660e+02
  -1.3702e+02   7.2346e+02   6.7262e+02
  -1.5406e+02   7.2774e+02   7.2540e+02
  -1.6974e+02   7.3774e+02   7.7469e+02
  -1.8278e+02   7.5300e+02   8.2025e+02
  -1.9202e+02   7.7278e+02   8.6186e+02
  -1.9652e+02   7.9609e+02   8.9933e+02
  -1.9557e+02   8.2175e+02   9.3246e+02
  -1.8875e+02   8.4846e+02   9.6111e+02
  -1.7596e+02   8.7486e+02   9.8513e+02
  -1.5742e+02   8.9958e+02   1.0044e+03
  -1.3364e+02   9.2136e+02   1.0188e+03
  -1.0540e+02   9.3907e+02   1.0284e+03
  -7.3725e+01   9.5181e+02   1.0330e+03
  -3.9833e+01   9.5892e+02   1.0326e+03
  -5.0402e+00   9.6005e+02   1.0272e+03
   2.9281e+01   9.5513e+02   1.0169e+03
   6.1786e+01   9.4444e+02   1.0017e+03
   9.1224e+01   9.2855e+02   9.8172e+02
   1.1651e+02   9.0828e+02   9.5698e+02
   1.3677e+02   8.8470e+02   9.2763e+02
   1.5141e+02   8.5904e+02   8.9381e+02
   1.6011e+02   8.3263e+02   8.5570e+02
   1.6289e+02   8.0685e+02   8.1346e+02
   1.6006e+02   7.8303e+02   7.6731e+02
   1.5224e+02   7.6239e+02   7.1746e+02
   1.4031e+02   7.4599e+02   6.6416e+02
   1.2536e+02   7.3464e+02   6.0767e+02
   1.0865e+02   7.2891e+02   5.4825e+02
   9.1518e+01   7.2902e+02   4.8619e+02
   7.5340e+01   7.3494e+02   4.2179e+02
   6.1430e+01   7.4627e+02   3.5535e+02
   5.0985e+01   7.6235e+02   2.8721e+02
   4.5018e+01   7.8227e+02   2.1769e+02
   4.4304e+01   8.0488e+02   1.4712e+02
   4.9342e+01   8.2892e+02   7.5836e+01
   6.0324e+01   8.5303e+02   4.1910e+00
   7.7127e+01   8.7584e+02  -6.7474e+01
   9.9321e+01   8.9605e+02  -1.3882e+02
   1.2619e+02   9.1249e+02  -2.0949e+02
   1.5677e+02   9.2420e+02  -2.7915e+02
   1.8990e+02   9.3043e+02  -3.4747e+02
   2.2428e+02   9.3075e+02  -4.1412e+02
   2.5855e+02   9.2501e+02  -4.7877e+02
   2.9134e+02   9.1340e+02  -5.4112e+02
   3.2138e+02   8.9640e+02  -6.0087e+02
   3.4753e+02   8.7478e+02  -6.5772e+02
   3.6884e+02   8.4952e+02  -7.1141e+02
   3.8465e+02   8.2184e+02  -7.6167e+02
   3.9455e+02   7.9303e+02  -8.0826e+02
   3.9846e+02   7.6447e+02  -8.5097e+02
   3.9662e+02   7.3751e+02  -8.8958e+02
   3.8957e+02   7.1341e+02  -9.2390e+02
   3.7811e+02   6.9328e+02  -9.5378e+02
   3.6328e+02   6.7800e+02  -9.7907e+02
   3.4629e+02   6.6822e+02  -9.9965e+02
   3.2848e+02   6.6426e+02  -1.0154e+03
   3.1122e+02   6.6615e+02  -1.0263e+03
   2.9584e+02   6.7360e+02  -1.0322e+03
   2.8358e+02   6.8603e+02  -1.0332e+03
   2.7551e+02   7.0257e+02  -1.0292e+03
   2.7248e+02   7.2216e+02  -1.0202e+03
   2.7507e+02   7.4355e+02  -1.0063e+03
   2.8355e+02   7.6540e+02  -9.8763e+02
   2.9789e+02   7.8634e+02  -9.6416e+02
   3.1775e+02   8.0504e+02  -9.3604e+02
   3.4249e+02   8.2030e+02  -9.0343e+02
   3.7121e+02   8.3108e+02  -8.6646e+02
   4.0279e+02   8.3657e+02  -8.2532e+02
   4.3598e+02   8.3625e+02  -7.8021e+02
   4.6941e+02   8.2990e+02  -7.3135e+02
   5.0172e+02   8.1760e+02  -6.7896e+02
   5.3160e+02   7.9976e+02  -6.2330e+02
   5.5786e+02   7.7706e+02  -5.6465e+02
   5.7951e+02   7.5045e+02  -5.0328e+02
   5.9578e+02   7.2106e+02  -4.3948e+02
   6.0621e+02   6.9019e+02  -3.7357e+02
   6.1062e+02   6.5919e+02  -3.0586e+02
   6.0916e+02   6.2944e+02  -2.3668e+02
   6.0228e+02   6.0221e+02  -1.6636e+02
   5.9071e+02   5.7868e+02  -9.5235e+01
   5.7545e+02   5.5979e+02  -2.3655e+01
   5.5765e+02   5.4625e+02   4.8039e+01
   5.3863e+02   5.3850e+02   1.1950e+02
   5.1974e+02   5.3663e+02   1.9039e+02
   5.0235e+02   5.4044e+02   2.6036e+02
   4.8773e+02   5.4944e+02   3.2908e+02
   4.7699e+02   5.6284e+02   3.9621e+02
   4.7106e+02   5.7961e+02   4.6144e+02
   4.7059e+02   5.9856e+02   5.2444e+02
   4.7595e+02   6.1837e+02   5.8493e+02
   4.8719e+02   6.3767e+02   6.4259e+02
   5.0405e+02   6.5511e+02   6.9716e+02
   5.2597e+02   6.6944e+02   7.4838e+02
   5.5213e+02   6.7958e+02   7.9599e+02
   5.8147e+02   6.8464e+02   8.3977e+02
   6.1275e+02   6.8403e+02   8.7951e+02
   6.4464e+02   6.7744e+02   9.1502e+02
   6.7577e+02   6.6486e+02   9.4612e+02
   7.0481e+02   6.4661e+02   9.7267e+02
   7.3053e+02   6.2330e+02   9.9453e+02
   7.5187e+02   5.9580e+02   1.0116e+03
   7.6800e+02   5.6522e+02   1.0238e+03
   7.7837e+02   5.3280e+02   1.0311e+03
   7.8271e+02   4.9988e+02   1.0334e+03
   7.8110e+02   4.6785e+02   1.0308e+03
   7.7389e+02   4.3802e+02   1.0231e+03
   7.6175e+02   4.1158e+02   1.0106e+03
   7.4559e+02   3.8957e+02   9.9318e+02
   7.2653e+02   3.7276e+02   9.7099e+02
   7.0586e+02   3.6166e+02   9.4413e+02
   6.8493e+02   3.5646e+02   9.1272e+02
   6.6509e+02   3.5706e+02   8.7691e+02
   6.4766e+02   3.6303e+02   8.3689e+02
   6.3381e+02   3.7367e+02   7.9284e+02
   6.2451e+02   3.8800e+02   7.4497e+02
   6.2051e+02   4.0489e+02   6.9351e+02
   6.2224e+02   4.2304e+02   6.3872e+02
   6.2985e+02   4.4107e+02   5.8085e+02
   6.4317e+02   4.5764e+02   5.2019e+02
   6.6173e+02   4.7146e+02   4.5702e+02
   6.8476e+02   4.8140e+02   3.9165e+02
   7.1127e+02   4.8650e+02   3.2440e+02
   7.4006e+02   4.8609e+02   2.5558e+02
   7.6984e+02   4.7977e+02   1.8554e+02
   7.9922e+02   4.6746e+02   1.1460e+02
   8.2686e+02   4.4938e+02   4.3111e+01
   8.5149e+02   4.2606e+02  -2.8587e+01
   8.7201e+02   3.9831e+02  -1.0015e+02
   8.8751e+02   3.6717e+02  -1.7122e+02
   8.9736e+02   3.3385e+02  -2.4148e+02
   9.0122e+02   2.9968e+02  -3.1057e+02
   8.9906e+02   2.6603e+02  -3.7816e+02
   8.9115e+02   2.3425e+02  -4.4394e+02
   8.7809e+02   2.0556e+02  -5.0758e+02
   8.6072e+02   1.8106e+02  -5.6877e+02
   8.4011e+02   1.6158e+02  -6.2723e+02
   8.1750e+02   1.4773e+02  -6.8267e+02
   7.9423e+02   1.3979e+02  -7.3482e+02
   7.7168e+02   1.3772e+02  -7.8344e+02
   7.5116e+02   1.4120e+02  -8.2828e+02
   7.3390e+02   1.4960e+02  -8.6914e+02
   7.2092e+02   1.6201e+02  -9.0581e+02
   7.1305e+02   1.7733e+02  -9.3812e+02
   7.1082e+02   1.9431e+02  -9.6592e+02
   7.1444e+02   2.1159e+02  -9.8907e+02
   7.2385e+02   2.2780e+02  -1.0075e+03
   7.3864e+02   2.4164e+02  -1.0210e+03
   7.5814e+02   2.5191e+02  -1.0296e+03
   7.8141e+02   2.5762e+02  -1.0333e+03
   8.0731e+02   2.5801e+02  -1.0320e+03
   8.3455e+02   2.5259e+02  -1.0257e+03
   8.6177e+02   2.4120e+02  -1.0145e+03
   8.8762e+02   2.2397e+02  -9.9838e+02
   9.1080e+02   2.0134e+02  -9.7748e+02
   9.3014e+02   1.7407e+02  -9.5187e+02
   9.4469e+02   1.4311e+02  -9.2168e+02
   9.5373e+02   1.0965e+02  -8.8706e+02
   9.5684e+02   7.4981e+01  -8.4816e+02
   9.5390e+02   4.0475e+01  -8.0518e+02
   9.4509e+02   7.4873e+00  -7.5833e+02
   9.3094e+02  -2.2705e+01  -7.0782e+02
   9.1220e+02  -4.8973e+01  -6.5391e+02
   8.8991e+02  -7.0396e+01  -5.9685e+02
   8.6525e+02  -8.6310e+01  -5.3691e+02
   8.3955e+02  -9.6339e+01  -4.7440e+02
   8.1417e+02  -1.0042e+02  -4.0959e+02
   7.9046e+02  -9.8811e+01  -3.4282e+02
   7.6968e+02  -9.2056e+01  -2.7440e+02
   7.5291e+02  -8.0982e+01  -2.0465e+02
   7.4105e+02  -6.6640e+01  -1.3392e+02
   7.3469e+02  -5.0256e+01  -6.2551e+01
   7.3416e+02  -3.3160e+01   9.1243e+00
   7.3947e+02  -1.6722e+01   8.0756e+01
   7.5030e+02  -2.2762e+00   1.5200e+02
   7.6605e+02   8.9480e+00   2.2251e+02
   7.8585e+02   1.5893e+01   2.9195e+02
   8.0862e+02   1.7726e+01   3.5998e+02
   8.3310e+02   1.3887e+01   4.2628e+02
   8.5795e+02   4.1130e+00   4.9053e+02
   8.8180e+02  -1.1542e+01   5.5242e+02
   9.0333e+02  -3.2715e+01   6.1165e+02
   9.2133e+02  -5.8749e+01   6.6794e+02
   9.3479e+02  -8.8731e+01   7.2101e+02
   9.4291e+02  -1.2154e+02   7.7060e+02
   9.4519e+02  -1.5590e+02   8.1649e+02
   9.4142e+02  -1.9046e+02   8.5845e+02
   9.3171e+02  -2.2384e+02   8.9628e+02
   9.1648e+02  -2.5475e+02   9.2979e+02
   8.9642e+02  -2.8201e+02   9.5883e+02
   8.7251e+02  -3.0463e+02   9.8325e+02
   8.4588e+02  -3.2188e+02   1.0029e+03
   8.1783e+02  -3.3329e+02   1.0178e+03
   7.8972e+02  -3.3871e+02   1.0278e+03
   7.6292e+02  -3.3831e+02   1.0328e+03
   7.3871e+02  -3.3255e+02   1.0328e+03
   7.1823e+02  -3.2220e+02   1.0279e+03
   7.0244e+02  -3.0823e+02   1.0180e+03
   6.9201e+02  -2.9185e+02   1.0032e+03
   6.8737e+02  -2.7434e+02   9.8362e+02
   6.8859e+02  -2.5708e+02   9.5928e+02
   6.9545e+02  -2.4143e+02   9.3032e+02
   7.0745e+02  -2.2864e+02   8.9689e+02
   7.2376e+02  -2.1983e+02   8.5913e+02
   7.4337e+02  -2.1589e+02   8.1724e+02
   7.6507e+02  -2.1748e+02   7.7142e+02
   7.8752e+02  -2.2493e+02   7.2188e+02
   8.0936e+02  -2.3828e+02   6.6886e+02
   8.2925e+02  -2.5726e+02   6.1263e+02
   8.4594e+02  -2.8129e+02   5.5345e+02
   8.5836e+02  -3.0952e+02   4.9160e+02
   8.6564e+02  -3.4088e+02   4.2739e+02
   8.6720e+02  -3.7414e+02   3.6112e+02
   8.6275e+02  -4.0795e+02   2.9312e+02
   8.5231e+02  -4.4095e+02   2.2370e+02
   8.3620e+02  -4.7180e+02   1.5320e+02
   8.1506e+02  -4.9929e+02   8.1969e+01
   7.8977e+02  -5.2237e+02   1.0341e+01
   7.6144e+02  -5.4023e+02  -6.1336e+01
   7.3134e+02  -5.5232e+02  -1.3272e+02
   7.0080e+02  -5.5842e+02  -2.0346e+02
   6.7120e+02  -5.5859e+02  -2.7322e+02
   6.4385e+02  -5.5322e+02  -3.4167e+02
   6.1994e+02  -5.4300e+02  -4.0848e+02
   6.0049e+02  -5.2884e+02  -4.7331e+02
   5.8625e+02  -5.1188e+02  -5.3587e+02
   5.7772e+02  -4.9341e+02  -5.9585e+02
   5.7507e+02  -4.7478e+02  -6.5296e+02
   5.7817e+02  -4.5736e+02  -7.0693e+02
   5.8659e+02  -4.4244e+02  -7.5750e+02
   5.9960e+02  -4.3117e+02  -8.0442e+02
   6.1622e+02  -4.2454e+02  -8.4746e+02
   6.3529e+02  -4.2325e+02  -8.8643e+02
   6.5551e+02  -4.2774e+02  -9.2113e+02
   6.7552e+02  -4.3813e+02  -9.5140e+02
   6.9396e+02  -4.5423e+02  -9.7708e+02
   7.0955e+02  -4.7555e+02  -9.9807e+02
   7.2116e+02  -5.0131e+02  -1.0142e+03
   7.2787e+02  -5.3049e+02  -1.0255e+03
   7.2901e+02  -5.6192e+02  -1.0319e+03
   7.2420e+02  -5.9425e+02  -1.0333e+03
   7.1337e+02  -6.2614e+02  -1.0297e+03
   6.9678e+02  -6.5622e+02  -1.0212e+03
   6.7496e+02  -6.8324e+02  -1.0077e+03
   6.4874e+02  -7.0611e+02  -9.8942e+02
   6.1917e+02  -7.2393e+02  -9.6635e+02
   5.8747e+02  -7.3610e+02  -9.3863e+02
   5.5497e+02  -7.4228e+02  -9.0640e+02
   5.2304e+02  -7.4246e+02  -8.6980e+02
   4.9303e+02  -7.3694e+02  -8.2901e+02
   4.6616e+02  -7.2633e+02  -7.8423e+02
   4.4350e+02  -7.1148e+02  -7.3568e+02
   4.2588e+02  -6.9349e+02  -6.8358e+02
   4.1388e+02  -6.7358e+02  -6.2820e+02
   4.0777e+02  -6.5312e+02  -5.6979e+02
   4.0749e+02  -6.3347e+02  -5.0864e+02
   4.1270e+02  -6.1594e+02  -4.4504e+02
   4.2274e+02  -6.0175e+02  -3.7930e+02
   4.3672e+02  -5.9192e+02  -3.1173e+02
   4.5350e+02  -5.8724e+02  -2.4266e+02
   4.7183e+02  -5.8824e+02  -1.7242e+02
   4.9035e+02  -5.9511e+02  -1.0136e+02
   5.0769e+02  -6.0776e+02  -2.9803e+01
   5.2255e+02  -6.2578e+02   4.1894e+01
   5.3375e+02  -6.4846e+02   1.1339e+02
   5.4030e+02  -6.7487e+02   1.8434e+02
   5.4147e+02  -7.0384e+02   2.5440e+02
   5.3678e+02  -7.3408e+02   3.2324e+02
   5.2608e+02  -7.6424e+02   3.9052e+02
   5.0953e+02  -7.9296e+02   4.5593e+02
   4.8760e+02  -8.1893e+02   5.1914e+02
   4.6104e+02  -8.4103e+02   5.7984e+02
   4.3082e+02  -8.5829e+02   6.3776e+02
   3.9815e+02  -8.7002e+02   6.9261e+02
   3.6432e+02  -8.7581e+02   7.4412e+02
   3.3070e+02  -8.7556e+02   7.9206e+02
   2.9865e+02  -8.6948e+02   8.3617e+02
   2.6943e+02  -8.5809e+02   8.7627e+02
   2.4416e+02  -8.4220e+02   9.1214e+02
   2.2376e+02  -8.2281e+02   9.4363e+02
   2.0886e+02  -8.0114e+02   9.7057e+02
   1.9982e+02  -7.7852e+02   9.9284e+02
   1.9669e+02  -7.5631e+02   1.0103e+03
   1.9920e+02  -7.3585e+02   1.0230e+03
   2.0678e+02  -7.1840e+02   1.0307e+03
   2.1858e+02  -7.0503e+02   1.0334e+03
   2.3356e+02  -6.9660e+02   1.0312e+03
   2.5046e+02  -6.9372e+02   1.0240e+03
   2.6796e+02  -6.9668e+02   1.0119e+03
   2.8469e+02  -7.0546e+02   9.9486e+02
   2.9932e+02  -7.1975e+02   9.7308e+02
   3.1063e+02  -7.3891e+02   9.4661e+02
   3.1756e+02  -7.6207e+02   9.1558e+02
   3.1932e+02  -7.8813e+02   8.8015e+02
   3.1534e+02  -8.1582e+02   8.4048e+02
   3.0539e+02  -8.4380e+02   7.9677e+02
   2.8954e+02  -8.7071e+02   7.4922e+02
   2.6817e+02  -8.9522e+02   6.9806e+02
   2.4196e+02  -9.1613e+02   6.4354e+02
   2.1182e+02  -9.3245e+02   5.8593e+02
   1.7890e+02  -9.4340e+02   5.2549e+02
   1.4448e+02  -9.4848e+02   4.6253e+02
   1.0990e+02  -9.4751e+02   3.9734e+02
   7.6547e+01  -9.4062e+02   3.3023e+02
   4.5708e+01  -9.2824e+02   2.6154e+02
   1.8552e+01  -9.1108e+02   1.9159e+02
  -3.9496e+00  -8.9013e+02   1.2071e+02
  -2.1071e+01  -8.6653e+02   4.9255e+01
  -3.2372e+01  -8.4160e+02  -2.2438e+01
  -3.7722e+01  -8.1669e+02  -9.4023e+01
  -3.7302e+01  -7.9315e+02  -1.6516e+02
  -3.1600e+01  -7.7228e+02  -2.3549e+02
  -2.1384e+01  -7.5520e+02  -3.0470e+02
  -7.6583e+00  -7.4284e+02  -3.7243e+02
   8.3847e+00  -7.3589e+02  -4.3838e+02
   2.5431e+01  -7.3472e+02  -5.0221e+02
   4.2114e+01  -7.3940e+02  -5.6363e+02
   5.7086e+01  -7.4971e+02  -6.2233e+02
   6.9088e+01  -7.6509e+02  -6.7804e+02
   7.7021e+01  -7.8473e+02  -7.3048e+02
   7.9997e+01  -8.0760e+02  -7.7941e+02
   7.7393e+01  -8.3246e+02  -8.2459e+02
   6.8881e+01  -8.5799e+02  -8.6579e+02
   5.4442e+01  -8.8282e+02  -9.0283e+02
   3.4373e+01  -9.0562e+02  -9.3553e+02
   9.2689e+00  -9.2514e+02  -9.6372e+02
  -2.0011e+01  -9.4032e+02  -9.8727e+02
  -5.2385e+01  -9.5032e+02  -1.0061e+03
  -8.6609e+01  -9.5456e+02  -1.0200e+03
  -1.2134e+02  -9.5277e+02  -1.0291e+03
  -1.5520e+02  -9.4498e+02  -1.0332e+03
  -1.8688e+02  -9.3156e+02  -1.0323e+03
  -2.1515e+02  -9.1314e+02  -1.0264e+03
  -2.3899e+02  -8.9062e+02  -1.0156e+03
  -2.5761e+02  -8.6512e+02  -9.9995e+02
  -2.7047e+02  -8.3791e+02  -9.7946e+02
  -2.7735e+02  -8.1034e+02  -9.5425e+02
  -2.7836e+02  -7.8377e+02  -9.2445e+02
  -2.7390e+02  -7.5952e+02  -8.9020e+02
  -2.6465e+02  -7.3876e+02  -8.5166e+02
  -2.5156e+02  -7.2250e+02  -8.0902e+02
  -2.3578e+02  -7.1147e+02  -7.6249e+02
  -2.1860e+02  -7.0616e+02  -7.1229e+02
  -2.0137e+02  -7.0671e+02  -6.5866e+02
  -1.8545e+02  -7.1299e+02  -6.0186e+02
  -1.7214e+02  -7.2453e+02  -5.4216e+02
  -1.6258e+02  -7.4059e+02  -4.7985e+02
  -1.5773e+02  -7.6018e+02  -4.1523e+02
  -1.5828e+02  -7.8213e+02  -3.4862e+02
  -1.6466e+02  -8.0514e+02  -2.8032e+02
  -1.7697e+02  -8.2784e+02  -2.1068e+02
  -1.9499e+02  -8.4886e+02  -1.4002e+02
  -2.1821e+02  -8.6696e+02  -6.8689e+01
  -2.4586e+02  -8.8100e+02   2.9739e+00
  -2.7689e+02  -8.9007e+02   7.4622e+01
  -3.1011e+02  -8.9352e+02   1.4591e+02
  -3.4419e+02  -8.9100e+02   2.1650e+02
  -3.7776e+02  -8.8244e+02   2.8604e+02
  -4.0948e+02  -8.6812e+02   3.5421e+02
  -4.3810e+02  -8.4861e+02   4.2067e+02
  -4.6253e+02  -8.2473e+02   4.8511e+02
  -4.8190e+02  -7.9755e+02   5.4721e+02
  -4.9561e+02  -7.6829e+02   6.0668e+02
  -5.0335e+02  -7.3830e+02   6.6323e+02
  -5.0514e+02  -7.0895e+02   7.1659e+02
  -5.0127e+02  -6.8156e+02   7.6649e+02
  -4.9239e+02  -6.5736e+02   8.1271e+02
  -4.7935e+02  -6.3741e+02   8.5501e+02
  -4.6326e+02  -6.2252e+02   8.9320e+02
  -4.4536e+02  -6.1325e+02   9.2709e+02
  -4.2701e+02  -6.0985e+02   9.5652e+02
  -4.0958e+02  -6.1225e+02   9.8134e+02
  -3.9437e+02  -6.2009e+02   1.0014e+03
  -3.8259e+02  -6.3269e+02   1.0167e+03
  -3.7525e+02  -6.4913e+02   1.0271e+03
  -3.7313e+02  -6.6829e+02   1.0325e+03
  -3.7671e+02  -6.8889e+02   1.0330e+03
  -3.8621e+02  -7.0957e+02   1.0285e+03
  -4.0148e+02  -7.2898e+02   1.0190e+03
  -4.2211e+02  -7.4580e+02   1.0047e+03
  -4.4738e+02  -7.5888e+02   9.8549e+02
  -4.7633e+02  -7.6724e+02   9.6155e+02
  -5.0779e+02  -7.7014e+02   9.3298e+02
  -5.4047e+02  -7.6715e+02   8.9992e+02
  -5.7300e+02  -7.5812e+02   8.6253e+02
  -6.0403e+02  -7.4325e+02   8.2099e+02
  -6.3227e+02  -7.2300e+02   7.7549e+02
  -6.5658e+02  -6.9814e+02   7.2627e+02
  -6.7604e+02  -6.6968e+02   6.7354e+02
  -6.8995e+02  -6.3880e+02   6.1757e+02
  -6.9792e+02  -6.0682e+02   5.5863e+02
  -6.9988e+02  -5.7511e+02   4.9701e+02
  -6.9606e+02  -5.4501e+02   4.3299e+02
  -6.8698e+02  -5.1780e+02   3.6688e+02
  -6.7347e+02  -4.9456e+02   2.9901e+02
  -6.5656e+02  -4.7621e+02   2.2970e+02
  -6.3746e+02  -4.6337e+02   1.5928e+02
  -6.1750e+02  -4.5637e+02   8.8099e+01
  -5.9806e+02  -4.5524e+02   1.6491e+01
  -5.8046e+02  -4.5970e+02  -5.5195e+01
  -5.6595e+02  -4.6915e+02  -1.2662e+02
  -5.5560e+02  -4.8274e+02  -1.9743e+02
  -5.5025e+02  -4.9940e+02  -2.6729e+02
  -5.5049e+02  -5.1789e+02  -3.3586e+02
  -5.5659e+02  -5.3687e+02  -4.0282e+02
  -5.6852e+02  -5.5496e+02  -4.6784e+02
  -5.8594e+02  -5.7084e+02  -5.3061e+02
  -6.0821e+02  -5.8331e+02  -5.9082e+02
  -6.3442e+02  -5.9132e+02  -6.4819e+02
  -6.6348e+02  -5.9408e+02  -7.0243e+02
  -6.9410e+02  -5.9105e+02  -7.5330e+02
  -7.2495e+02  -5.8202e+02  -8.0054e+02
  -7.5465e+02  -5.6707e+02  -8.4393e+02
  -7.8189e+02  -5.4661e+02  -8.8325e+02
  -8.0549e+02  -5.2132e+02  -9.1833e+02
  -8.2445e+02  -4.9214e+02  -9.4898e+02
  -8.3801e+02  -4.6022e+02  -9.7506e+02
  -8.4571e+02  -4.2684e+02  -9.9646e+02
  -8.4736e+02  -3.9336e+02  -1.0130e+03
  -8.4311e+02  -3.6115e+02  -1.0248e+03
  -8.3342e+02  -3.3150e+02  -1.0316e+03
  -8.1903e+02  -3.0557e+02  -1.0334e+03
  -8.0090e+02  -2.8430e+02  -1.0302e+03
  -7.8022e+02  -2.6842e+02  -1.0221e+03
  -7.5829e+02  -2.5835e+02  -1.0091e+03
  -7.3648e+02  -2.5419e+02  -9.9118e+02
  -7.1613e+02  -2.5575e+02  -9.6851e+02
  -6.9852e+02  -2.6252e+02  -9.4119e+02
  -6.8477e+02  -2.7371e+02  -9.0933e+02
  -6.7581e+02  -2.8832e+02  -8.7310e+02
  -6.7228e+02  -3.0514e+02  -8.3267e+02
  -6.7455e+02  -3.2284e+02  -7.8822e+02
  -6.8268e+02  -3.4007e+02  -7.3998e+02
  -6.9641e+02  -3.5548e+02  -6.8818e+02
  -7.1519e+02  -3.6781e+02  -6.3307e+02
  -7.3817e+02  -3.7599e+02  -5.7491e+02
  -7.6431e+02  -3.7913e+02  -5.1398e+02
  -7.9238e+02  -3.7663e+02  -4.5058e+02
  -8.2104e+02  -3.6818e+02  -3.8501e+02
  -8.4892e+02  -3.5378e+02  -3.1759e+02
  -8.7469e+02  -3.3375e+02  -2.4864e+02
  -8.9713e+02  -3.0869e+02  -1.7849e+02
  -9.1517e+02  -2.7948e+02  -1.0748e+02
  -9.2798e+02  -2.4722e+02  -3.5951e+01
  -9.3502e+02  -2.1315e+02   3.5748e+01
  -9.3603e+02  -1.7863e+02   1.0728e+02
  -9.3105e+02  -1.4501e+02   1.7829e+02
  -9.2047e+02  -1.1363e+02   2.4844e+02
  -9.0494e+02  -8.5687e+01   3.1739e+02
  -8.8538e+02  -6.2195e+01   3.8482e+02
  -8.6290e+02  -4.3938e+01   4.5040e+02
  -8.3880e+02  -3.1422e+01   5.1381e+02
  -8.1441e+02  -2.4849e+01   5.7474e+02
  -7.9111e+02  -2.4104e+01   6.3291e+02
  -7.7020e+02  -2.8767e+01   6.8803e+02
  -7.5285e+02  -3.8127e+01   7.3984e+02
  -7.4003e+02  -5.1230e+01   7.8809e+02
  -7.3250e+02  -6.6918e+01   8.3255e+02
  -7.3068e+02  -8.3899e+01   8.7299e+02
  -7.3474e+02  -1.0081e+02   9.0924e+02
  -7.4449e+02  -1.1630e+02   9.4111e+02
  -7.5946e+02  -1.2908e+02   9.6844e+02
  -7.7890e+02  -1.3800e+02   9.9112e+02
  -8.0180e+02  -1.4214e+02   1.0090e+03
  -8.2698e+02  -1.4081e+02   1.0221e+03
  -8.5313e+02  -1.3361e+02   1.0302e+03
  -8.7888e+02  -1.2045e+02   1.0334e+03
  -9.0289e+02  -1.0157e+02   1.0316e+03
  -9.2387e+02  -7.7484e+01   1.0248e+03
  -9.4074e+02  -4.9009e+01   1.0131e+03
  -9.5259e+02  -1.7180e+01   9.9651e+02
  -9.5878e+02   1.6790e+01   9.7513e+02
  -9.5898e+02   5.1575e+01   9.4906e+02
  -9.5315e+02   8.5802e+01   9.1842e+02
  -9.4157e+02   1.1813e+02   8.8336e+02
  -9.2483e+02   1.4732e+02   8.4405e+02
  -9.0378e+02   1.7229e+02   8.0067e+02
  -8.7948e+02   1.9220e+02   7.5344e+02
  -8.5318e+02   2.0645e+02   7.0258e+02
  -8.2622e+02   2.1475e+02   6.4834e+02
  -7.9996e+02   2.1714e+02   5.9098e+02
  -7.7574e+02   2.1395e+02   5.3078e+02
  -7.5477e+02   2.0580e+02   4.6802e+02
  -7.3808e+02   1.9360e+02   4.0301e+02
  -7.2649e+02   1.7845e+02   3.3605e+02
  -7.2053e+02   1.6160e+02   2.6748e+02
  -7.2042e+02   1.4441e+02   1.9763e+02
  -7.2610e+02   1.2825e+02   1.2682e+02
  -7.3716e+02   1.1442e+02   5.5398e+01
  -7.5293e+02   1.0411e+02  -1.6289e+01
  -7.7246e+02   9.8326e+01  -8.7897e+01
  -7.9463e+02   9.7824e+01  -1.5908e+02
  -8.1814e+02   1.0308e+02  -2.2950e+02
  -8.4164e+02   1.1428e+02  -2.9881e+02
  -8.6377e+02   1.3128e+02  -3.6669e+02
  -8.8323e+02   1.5362e+02  -4.3280e+02
  -8.9886e+02   1.8058e+02  -4.9683e+02
  -9.0971e+02   2.1117e+02  -5.5846e+02
  -9.1505e+02   2.4424e+02  -6.1741e+02
  -9.1447e+02   2.7848e+02  -6.7339e+02
  -9.0784e+02   3.1251e+02  -7.2612e+02
  -8.9536e+02   3.4499e+02  -7.7536e+02
  -8.7753e+02   3.7464e+02  -8.2087e+02
  -8.5513e+02   4.0033e+02  -8.6242e+02
  -8.2917e+02   4.2114e+02  -8.9982e+02
  -8.0086e+02   4.3640e+02  -9.3290e+02
  -7.7151e+02   4.4575e+02  -9.6148e+02
  -7.4249e+02   4.4911e+02  -9.8543e+02
  -7.1515e+02   4.4674e+02  -1.0046e+03
  -6.9073e+02   4.3919e+02  -1.0190e+03
  -6.7035e+02   4.2728e+02  -1.0285e+03
  -6.5486e+02   4.1207e+02  -1.0330e+03
  -6.4490e+02   3.9477e+02  -1.0325e+03
  -6.4077e+02   3.7673e+02  -1.0271e+03
  -6.4248e+02   3.5930e+02  -1.0168e+03
  -6.4972e+02   3.4383e+02  -1.0015e+03
  -6.6190e+02   3.3154e+02  -9.8140e+02
  -6.7814e+02   3.2348e+02  -9.5659e+02
  -6.9735e+02   3.2050e+02  -9.2718e+02
  -7.1829e+02   3.2316e+02  -8.9330e+02
  -7.3962e+02   3.3171e+02  -8.5513e+02
  -7.5996e+02   3.4610e+02  -8.1283e+02
  -7.7799e+02   3.6597e+02  -7.6663e+02
  -7.9252e+02   3.9066e+02  -7.1673e+02
  -8.0251e+02   4.1927e+02  -6.6339e+02
  -8.0719e+02   4.5067e+02  -6.0685e+02
  -8.0604e+02   4.8358e+02  -5.4739e+02
  -7.9886e+02   5.1666e+02  -4.8529e+02
  -7.8575e+02   5.4853e+02  -4.2086e+02
  -7.6714e+02   5.7789e+02  -3.5440e+02
  -7.4373e+02   6.0357e+02  -2.8624e+02
  -7.1647e+02   6.2458e+02  -2.1670e+02
  -6.8651e+02   6.4018e+02  -1.4611e+02
  -6.5515e+02   6.4991e+02  -7.4825e+01
  -6.2376e+02   6.5362e+02  -3.1767e+00
  -5.9368e+02   6.5147e+02   6.8487e+01
  -5.6620e+02   6.4394e+02   1.3982e+02
  -5.4249e+02   6.3178e+02   2.1048e+02
  -5.2346e+02   6.1597e+02   2.8013e+02
  -5.0983e+02   5.9771e+02   3.4843e+02
  -5.0199e+02   5.7829e+02   4.1505e+02
  -5.0003e+02   5.5909e+02   4.7967e+02
  -5.0374e+02   5.4145e+02   5.4199e+02
  -5.1260e+02   5.2664e+02   6.0169e+02
  -5.2580e+02   5.1578e+02   6.5850e+02
  -5.4232e+02   5.0976e+02   7.1214e+02
  -5.6094e+02   5.0922e+02   7.6235e+02
  -5.8035e+02   5.1452e+02   8.0890e+02
  -5.9916e+02   5.2568e+02   8.5154e+02
  -6.1605e+02   5.4244e+02   8.9009e+02
  -6.2977e+02   5.6421e+02   9.2436e+02

