   8.6338e+02   8.8988e+02   3.6040e+02
   9.1898e+02   8.8727e+02   3.8021e+02
   9.7481e+02   8.7332e+02   3.9818e+02
   1.0283e+03   8.4826e+02   4.1425e+02
   1.0769e+03   8.1290e+02   4.2831e+02
   1.1185e+03   7.6859e+02   4.4032e+02
   1.1513e+03   7.1715e+02   4.5020e+02
   1.1738e+03   6.6076e+02   4.5792e+02
   1.1851e+03   6.0187e+02   4.6344e+02
   1.1851e+03   5.4307e+02   4.6672e+02
   1.1741e+03   4.8691e+02   4.6776e+02
   1.1529e+03   4.3583e+02   4.6654e+02
   1.1231e+03   3.9197e+02   4.6308e+02
   1.0864e+03   3.5711e+02   4.5739e+02
   1.0452e+03   3.3254e+02   4.4950e+02
   1.0019e+03   3.1900e+02   4.3945e+02
   9.5907e+02   3.1665e+02   4.2728e+02
   9.1932e+02   3.2505e+02   4.1305e+02
   8.8500e+02   3.4320e+02   3.9684e+02
   8.5821e+02   3.6957e+02   3.7871e+02
   8.4064e+02   4.0220e+02   3.5876e+02
   8.3347e+02   4.3880e+02   3.3709e+02
   8.3736e+02   4.7686e+02   3.1379e+02
   8.5234e+02   5.1378e+02   2.8898e+02
   8.7787e+02   5.4706e+02   2.6278e+02
   9.1286e+02   5.7433e+02   2.3531e+02
   9.5568e+02   5.9358e+02   2.0672e+02
   1.0043e+03   6.0320e+02   1.7712e+02
   1.0564e+03   6.0210e+02   1.4668e+02
   1.1094e+03   5.8975e+02   1.1553e+02
   1.1608e+03   5.6619e+02   8.3821e+01
   1.2080e+03   5.3208e+02   5.1711e+01
   1.2487e+03   4.8862e+02   1.9351e+01
   1.2810e+03   4.3752e+02  -1.3102e+01
   1.3034e+03   3.8085e+02  -4.5492e+01
   1.3148e+03   3.2101e+02  -7.7662e+01
   1.3149e+03   2.6057e+02  -1.0946e+02
   1.3037e+03   2.0209e+02  -1.4073e+02
   1.2821e+03   1.4806e+02  -1.7132e+02
   1.2514e+03   1.0072e+02  -2.0109e+02
   1.2132e+03   6.1962e+01  -2.2989e+02
   1.1699e+03   3.3213e+01  -2.5758e+02
   1.1237e+03   1.5379e+01  -2.8404e+02
   1.0773e+03   8.7821e+00  -3.0912e+02
   1.0332e+03   1.3153e+01  -3.3272e+02
   9.9390e+02   2.7642e+01  -3.5472e+02
   9.6158e+02   5.0861e+01  -3.7501e+02
   9.3803e+02   8.0963e+01  -3.9349e+02
   9.2460e+02   1.1574e+02  -4.1008e+02
   9.2208e+02   1.5272e+02  -4.2470e+02
   9.3070e+02   1.8933e+02  -4.3727e+02
   9.5008e+02   2.2301e+02  -4.4773e+02
   9.7926e+02   2.5136e+02  -4.5604e+02
   1.0168e+03   2.7225e+02  -4.6216e+02
   1.0607e+03   2.8395e+02  -4.6605e+02
   1.1087e+03   2.8521e+02  -4.6770e+02
   1.1584e+03   2.7534e+02  -4.6710e+02
   1.2071e+03   2.5423e+02  -4.6424e+02
   1.2524e+03   2.2237e+02  -4.5916e+02
   1.2918e+03   1.8080e+02  -4.5186e+02
   1.3233e+03   1.3110e+02  -4.4239e+02
   1.3452e+03   7.5247e+01  -4.3079e+02
   1.3564e+03   1.5575e+01  -4.1711e+02
   1.3563e+03  -4.5401e+01  -4.0143e+02
   1.3449e+03  -1.0509e+02  -3.8381e+02
   1.3227e+03  -1.6097e+02  -3.6435e+02
   1.2910e+03  -2.1072e+02  -3.4313e+02
   1.2513e+03  -2.5235e+02  -3.2027e+02
   1.2058e+03  -2.8428e+02  -2.9586e+02
   1.1567e+03  -3.0545e+02  -2.7002e+02
   1.1067e+03  -3.1538e+02  -2.4289e+02
   1.0583e+03  -3.1418e+02  -2.1458e+02
   1.0141e+03  -3.0253e+02  -1.8525e+02
   9.7621e+02  -2.8167e+02  -1.5502e+02
   9.4664e+02  -2.5334e+02  -1.2405e+02
   9.2687e+02  -2.1965e+02  -9.2474e+01
   9.1785e+02  -1.8301e+02  -6.0458e+01
   9.1996e+02  -1.4598e+02  -2.8150e+01
   9.3300e+02  -1.1113e+02   4.2926e+00
   9.5616e+02  -8.0931e+01   3.6715e+01
   9.8811e+02  -5.7596e+01   6.8960e+01
   1.0270e+03  -4.2975e+01   1.0087e+02
   1.0708e+03  -3.8459e+01   1.3230e+02
   1.1169e+03  -4.4902e+01   1.6309e+02
   1.1628e+03  -6.2581e+01   1.9310e+02
   1.2058e+03  -9.1174e+01   2.2218e+02
   1.2437e+03  -1.2978e+02   2.5018e+02
   1.2742e+03  -1.7698e+02   2.7699e+02
   1.2956e+03  -2.3088e+02   3.0246e+02
   1.3065e+03  -2.8925e+02   3.2647e+02
   1.3062e+03  -3.4960e+02   3.4891e+02
   1.2946e+03  -4.0935e+02   3.6967e+02
   1.2720e+03  -4.6596e+02   3.8866e+02
   1.2395e+03  -5.1702e+02   4.0577e+02
   1.1985e+03  -5.6044e+02   4.2093e+02
   1.1511e+03  -5.9452e+02   4.3406e+02
   1.0994e+03  -6.1805e+02   4.4510e+02
   1.0461e+03  -6.3039e+02   4.5400e+02
   9.9372e+02  -6.3146e+02   4.6072e+02
   9.4476e+02  -6.2180e+02   4.6522e+02
   9.0160e+02  -6.0251e+02   4.6747e+02
   8.6626e+02  -5.7517e+02   4.6748e+02
   8.4035e+02  -5.4181e+02   4.6524e+02
   8.2500e+02  -5.0478e+02   4.6076e+02
   8.2074e+02  -4.6659e+02   4.5406e+02
   8.2753e+02  -4.2984e+02   4.4517e+02
   8.4474e+02  -3.9704e+02   4.3414e+02
   8.7118e+02  -3.7047e+02   4.2103e+02
   9.0516e+02  -3.5211e+02   4.0588e+02
   9.4459e+02  -3.4349e+02   3.8878e+02
   9.8710e+02  -3.4560e+02   3.6981e+02
   1.0301e+03  -3.5891e+02   3.4906e+02
   1.0711e+03  -3.8324e+02   3.2663e+02
   1.1075e+03  -4.1786e+02   3.0263e+02
   1.1372e+03  -4.6149e+02   2.7717e+02
   1.1581e+03  -5.1235e+02   2.5037e+02
   1.1690e+03  -5.6831e+02   2.2237e+02
   1.1688e+03  -6.2693e+02   1.9330e+02
   1.1573e+03  -6.8564e+02   1.6330e+02
   1.1346e+03  -7.4188e+02   1.3252e+02
   1.1017e+03  -7.9319e+02   1.0109e+02
   1.0599e+03  -8.3738e+02   6.9184e+01
   1.0110e+03  -8.7262e+02   3.6940e+01
   9.5732e+02  -8.9758e+02   4.5183e+00
   9.0126e+02  -9.1143e+02  -2.7925e+01
   8.4539e+02  -9.1394e+02  -6.0234e+01
   7.9229e+02  -9.0549e+02  -9.2253e+01
   7.4437e+02  -8.8700e+02  -1.2383e+02
   7.0375e+02  -8.5995e+02  -1.5481e+02
   6.7219e+02  -8.2625e+02  -1.8504e+02
   6.5094e+02  -7.8816e+02  -2.1438e+02
   6.4071e+02  -7.4817e+02  -2.4269e+02
   6.4163e+02  -7.0886e+02  -2.6984e+02
   6.5321e+02  -6.7278e+02  -2.9568e+02
   6.7443e+02  -6.4230e+02  -3.2010e+02
   7.0373e+02  -6.1949e+02  -3.4298e+02
   7.3913e+02  -6.0599e+02  -3.6421e+02
   7.7830e+02  -6.0299e+02  -3.8368e+02
   8.1875e+02  -6.1108e+02  -4.0131e+02
   8.5788e+02  -6.3027e+02  -4.1701e+02
   8.9316e+02  -6.5999e+02  -4.3070e+02
   9.2228e+02  -6.9910e+02  -4.4232e+02
   9.4324e+02  -7.4596e+02  -4.5180e+02
   9.5445e+02  -7.9851e+02  -4.5911e+02
   9.5485e+02  -8.5440e+02  -4.6422e+02
   9.4394e+02  -9.1109e+02  -4.6708e+02
   9.2182e+02  -9.6599e+02  -4.6770e+02
   8.8917e+02  -1.0166e+03  -4.6607e+02
   8.4721e+02  -1.0606e+03  -4.6220e+02
   7.9768e+02  -1.0962e+03  -4.5609e+02
   7.4269e+02  -1.1217e+03  -4.4780e+02
   6.8464e+02  -1.1363e+03  -4.3735e+02
   6.2610e+02  -1.1396e+03  -4.2479e+02
   5.6963e+02  -1.1316e+03  -4.1019e+02
   5.1771e+02  -1.1133e+03  -3.9361e+02
   4.7257e+02  -1.0860e+03  -3.7514e+02
   4.3606e+02  -1.0514e+03  -3.5486e+02
   4.0959e+02  -1.0117e+03  -3.3288e+02
   3.9403e+02  -9.6945e+02  -3.0929e+02
   3.8966e+02  -9.2708e+02  -2.8422e+02
   3.9618e+02  -8.8722e+02  -2.5777e+02
   4.1271e+02  -8.5229e+02  -2.3009e+02
   4.3783e+02  -8.2447e+02  -2.0129e+02
   4.6967e+02  -8.0553e+02  -1.7153e+02
   5.0599e+02  -7.9678e+02  -1.4094e+02
   5.4432e+02  -7.9900e+02  -1.0968e+02
   5.8209e+02  -8.1235e+02  -7.7885e+01
   6.1674e+02  -8.3643e+02  -4.5716e+01
   6.4588e+02  -8.7025e+02  -1.3328e+01
   6.6740e+02  -9.1231e+02   1.9125e+01
   6.7960e+02  -9.6065e+02   5.1486e+01
   6.8127e+02  -1.0130e+03   8.3599e+01
   6.7174e+02  -1.0668e+03   1.1531e+02
   6.5093e+02  -1.1196e+03   1.4647e+02
   6.1938e+02  -1.1687e+03   1.7692e+02
   5.7816e+02  -1.2119e+03   2.0651e+02
   5.2887e+02  -1.2470e+03   2.3512e+02
   4.7352e+02  -1.2725e+03   2.6259e+02
   4.1445e+02  -1.2873e+03   2.8880e+02
   3.5419e+02  -1.2907e+03   3.1362e+02
   2.9533e+02  -1.2828e+03   3.3693e+02
   2.4037e+02  -1.2643e+03   3.5862e+02
   1.9163e+02  -1.2363e+03   3.7858e+02
   1.5107e+02  -1.2004e+03   3.9672e+02
   1.2024e+02  -1.1589e+03   4.1294e+02
   1.0017e+02  -1.1139e+03   4.2719e+02
   9.1303e+01  -1.0682e+03   4.3937e+02
   9.3504e+01  -1.0243e+03   4.4944e+02
   1.0605e+02  -9.8460e+02   4.5735e+02
   1.2766e+02  -9.5143e+02   4.6305e+02
   1.5659e+02  -9.2668e+02   4.6653e+02
   1.9069e+02  -9.1180e+02   4.6776e+02
   2.2754e+02  -9.0771e+02   4.6674e+02
   2.6459e+02  -9.1475e+02   4.6347e+02
   2.9926e+02  -9.3269e+02   4.5797e+02
   3.2910e+02  -9.6068e+02   4.5027e+02
   3.5191e+02  -9.9737e+02   4.4039e+02
   3.6586e+02  -1.0409e+03   4.2840e+02
   3.6960e+02  -1.0891e+03   4.1435e+02
   3.6230e+02  -1.1395e+03   3.9830e+02
   3.4372e+02  -1.1896e+03   3.8034e+02
   3.1423e+02  -1.2367e+03   3.6054e+02
   2.7475e+02  -1.2784e+03   3.3901e+02
   2.2673e+02  -1.3127e+03   3.1585e+02
   1.7210e+02  -1.3377e+03   2.9116e+02
   1.1310e+02  -1.3522e+03   2.6508e+02
   5.2215e+01  -1.3555e+03   2.3772e+02
  -7.9583e+00  -1.3474e+03   2.0921e+02
  -6.4876e+01  -1.3284e+03   1.7970e+02
  -1.1616e+02  -1.2996e+03   1.4932e+02
  -1.5974e+02  -1.2624e+03   1.1822e+02
  -1.9393e+02  -1.2188e+03   8.6559e+01
  -2.1757e+02  -1.1713e+03   5.4476e+01
  -2.3004e+02  -1.1221e+03   2.2132e+01
  -2.3130e+02  -1.0741e+03  -1.0319e+01
  -2.2193e+02  -1.0296e+03  -4.2720e+01
  -2.0304e+02  -9.9098e+02  -7.4916e+01
  -1.7627e+02  -9.6032e+02  -1.0675e+02
  -1.4366e+02  -9.3917e+02  -1.3807e+02
  -1.0756e+02  -9.2860e+02  -1.6873e+02
  -7.0501e+01  -9.2913e+02  -1.9857e+02
  -3.5077e+01  -9.4068e+02  -2.2746e+02
  -3.7827e+00  -9.6257e+02  -2.5525e+02
   2.1101e+01  -9.9359e+02  -2.8182e+02
   3.7633e+01  -1.0320e+03  -3.0703e+02
   4.4316e+01  -1.0758e+03  -3.3076e+02
   4.0171e+01  -1.1224e+03  -3.5290e+02
   2.4794e+01  -1.1694e+03  -3.7334e+02
  -1.6262e+00  -1.2142e+03  -3.9198e+02
  -3.8316e+01  -1.2543e+03  -4.0873e+02
  -8.3959e+01  -1.2874e+03  -4.2352e+02
  -1.3676e+02  -1.3118e+03  -4.3627e+02
  -1.9456e+02  -1.3260e+03  -4.4692e+02
  -2.5491e+02  -1.3290e+03  -4.5542e+02
  -3.1524e+02  -1.3207e+03  -4.6172e+02
  -3.7299e+02  -1.3013e+03  -4.6581e+02
  -4.2571e+02  -1.2717e+03  -4.6765e+02
  -4.7123e+02  -1.2333e+03  -4.6724e+02
  -5.0775e+02  -1.1879e+03  -4.6458e+02
  -5.3396e+02  -1.1379e+03  -4.5968e+02
  -5.4908e+02  -1.0855e+03  -4.5257e+02
  -5.5290e+02  -1.0336e+03  -4.4329e+02
  -5.4584e+02  -9.8447e+02  -4.3186e+02
  -5.2886e+02  -9.4067e+02  -4.1836e+02
  -5.0346e+02  -9.0428e+02  -4.0285e+02
  -4.7158e+02  -8.7700e+02  -3.8540e+02
  -4.3548e+02  -8.6007e+02  -3.6609e+02
  -3.9768e+02  -8.5416e+02  -3.4502e+02
  -3.6076e+02  -8.5935e+02  -3.2229e+02
  -3.2724e+02  -8.7515e+02  -2.9801e+02
  -2.9950e+02  -9.0047e+02  -2.7229e+02
  -2.7956e+02  -9.3375e+02  -2.4526e+02
  -2.6907e+02  -9.7296e+02  -2.1705e+02
  -2.6916e+02  -1.0158e+03  -1.8780e+02
  -2.8039e+02  -1.0597e+03  -1.5764e+02
  -3.0274e+02  -1.1021e+03  -1.2673e+02
  -3.3561e+02  -1.1405e+03  -9.5202e+01
  -3.7781e+02  -1.1726e+03  -6.3217e+01
  -4.2768e+02  -1.1964e+03  -3.0929e+01
  -4.8315e+02  -1.2103e+03   1.5087e+00
  -5.4184e+02  -1.2134e+03   3.3939e+01
  -6.0121e+02  -1.2051e+03   6.6206e+01
  -6.5868e+02  -1.1855e+03   9.8154e+01
  -7.1174e+02  -1.1555e+03   1.2963e+02
  -7.5815e+02  -1.1163e+03   1.6048e+02
  -7.9599e+02  -1.0695e+03   1.9056e+02
  -8.2379e+02  -1.0174e+03   2.1972e+02
  -8.4064e+02  -9.6241e+02   2.4783e+02
  -8.4615e+02  -9.0700e+02   2.7474e+02
  -8.4058e+02  -8.5380e+02   3.0033e+02
  -8.2472e+02  -8.0525e+02   3.2447e+02
  -7.9995e+02  -7.6356e+02   3.4705e+02
  -7.6808e+02  -7.3058e+02   3.6796e+02
  -7.3131e+02  -7.0766e+02   3.8710e+02
  -6.9208e+02  -6.9565e+02   4.0438e+02
  -6.5297e+02  -6.9480e+02   4.1971e+02
  -6.1655e+02  -7.0478e+02   4.3301e+02
  -5.8523e+02  -7.2465e+02   4.4424e+02
  -5.6115e+02  -7.5297e+02   4.5333e+02
  -5.4608e+02  -7.8786e+02   4.6023e+02
  -5.4129e+02  -8.2705e+02   4.6492e+02
  -5.4752e+02  -8.6807e+02   4.6737e+02
  -5.6490e+02  -9.0834e+02   4.6757e+02
  -5.9300e+02  -9.4530e+02   4.6552e+02
  -6.3078e+02  -9.7658e+02   4.6123e+02
  -6.7672e+02  -1.0001e+03   4.5472e+02
  -7.2885e+02  -1.0142e+03   4.4602e+02
  -7.8485e+02  -1.0176e+03   4.3517e+02
  -8.4223e+02  -1.0098e+03   4.2223e+02
  -8.9839e+02  -9.9070e+02   4.0726e+02
  -9.5081e+02  -9.6087e+02   3.9032e+02
  -9.9714e+02  -9.2141e+02   3.7151e+02
  -1.0354e+03  -8.7395e+02   3.5091e+02
  -1.0639e+03  -8.2053e+02   3.2862e+02
  -1.0816e+03  -7.6350e+02   3.0474e+02
  -1.0881e+03  -7.0539e+02   2.7941e+02
  -1.0833e+03  -6.4879e+02   2.5272e+02
  -1.0679e+03  -5.9620e+02   2.2482e+02
  -1.0431e+03  -5.4992e+02   1.9584e+02
  -1.0107e+03  -5.1189e+02   1.6591e+02
  -9.7264e+02  -4.8362e+02   1.3519e+02
  -9.3143e+02  -4.6611e+02   1.0381e+02
  -8.8960e+02  -4.5977e+02   7.1936e+01
  -8.4971e+02  -4.6443e+02   3.9714e+01
  -8.1424e+02  -4.7933e+02   7.3020e+00
  -7.8543e+02  -5.0317e+02  -2.5146e+01
  -7.6516e+02  -5.3416e+02  -5.7472e+01
  -7.5484e+02  -5.7014e+02  -8.9522e+01
  -7.5536e+02  -6.0869e+02  -1.2114e+02
  -7.6704e+02  -6.4724e+02  -1.5218e+02
  -7.8958e+02  -6.8321e+02  -1.8248e+02
  -8.2214e+02  -7.1417e+02  -2.1191e+02
  -8.6330e+02  -7.3794e+02  -2.4031e+02
  -9.1122e+02  -7.5272e+02  -2.6756e+02
  -9.6367e+02  -7.5718e+02  -2.9352e+02
  -1.0182e+03  -7.5053e+02  -3.1807e+02
  -1.0722e+03  -7.3257e+02  -3.4108e+02
  -1.1231e+03  -7.0369e+02  -3.6246e+02
  -1.1686e+03  -6.6485e+02  -3.8209e+02
  -1.2065e+03  -6.1754e+02  -3.9988e+02
  -1.2350e+03  -5.6369e+02  -4.1574e+02
  -1.2530e+03  -5.0557e+02  -4.2961e+02
  -1.2597e+03  -4.4569e+02  -4.4140e+02
  -1.2551e+03  -3.8662e+02  -4.5107e+02
  -1.2397e+03  -3.3092e+02  -4.5857e+02
  -1.2145e+03  -2.8093e+02  -4.6387e+02
  -1.1810e+03  -2.3872e+02  -4.6693e+02
  -1.1414e+03  -2.0593e+02  -4.6774e+02
  -1.0978e+03  -1.8371e+02  -4.6630e+02
  -1.0529e+03  -1.7263e+02  -4.6262e+02
  -1.0092e+03  -1.7269e+02  -4.5670e+02
  -9.6922e+02  -1.8330e+02  -4.4859e+02
  -9.3529e+02  -2.0328e+02  -4.3833e+02
  -9.0940e+02  -2.3100e+02  -4.2595e+02
  -8.9310e+02  -2.6437e+02  -4.1152e+02
  -8.8743e+02  -3.0105e+02  -3.9511e+02
  -8.9288e+02  -3.3848e+02  -3.7680e+02
  -9.0932e+02  -3.7408e+02  -3.5667e+02
  -9.3605e+02  -4.0537e+02  -3.3483e+02
  -9.7182e+02  -4.3007e+02  -3.1137e+02
  -1.0149e+03  -4.4628e+02  -2.8642e+02
  -1.0631e+03  -4.5252e+02  -2.6009e+02
  -1.1141e+03  -4.4784e+02  -2.3251e+02
  -1.1654e+03  -4.3189e+02  -2.0380e+02
  -1.2142e+03  -4.0488e+02  -1.7412e+02
  -1.2582e+03  -3.6762e+02  -1.4360e+02
  -1.2951e+03  -3.2146e+02  -1.1238e+02
  -1.3232e+03  -2.6822e+02  -8.0629e+01
  -1.3410e+03  -2.1008e+02  -4.8486e+01
  -1.3476e+03  -1.4948e+02  -1.6110e+01
  -1.3429e+03  -8.9020e+01   1.6343e+01
  -1.3271e+03  -3.1251e+01   4.8718e+01
  -1.3012e+03   2.1400e+01   8.0859e+01
  -1.2666e+03   6.6778e+01   1.1261e+02
  -1.2251e+03   1.0311e+02   1.4382e+02
  -1.1791e+03   1.2912e+02   1.7434e+02
  -1.1310e+03   1.4404e+02   2.0401e+02
  -1.0833e+03   1.4773e+02   2.3271e+02
  -1.0387e+03   1.4062e+02   2.6028e+02
  -9.9956e+02   1.2372e+02   2.8661e+02
  -9.6789e+02   9.8539e+01   3.1155e+02
  -9.4541e+02   6.7049e+01   3.3499e+02
  -9.3333e+02   3.1539e+01   3.5682e+02
  -9.3228e+02  -5.4826e+00   3.7694e+02
  -9.4231e+02  -4.1431e+01   3.9523e+02
  -9.6288e+02  -7.3777e+01   4.1163e+02
  -9.9290e+02  -1.0018e+02   4.2604e+02
  -1.0307e+03  -1.1862e+02   4.3841e+02
  -1.0744e+03  -1.2749e+02   4.4866e+02
  -1.1215e+03  -1.2569e+02   4.5675e+02
  -1.1695e+03  -1.1269e+02   4.6265e+02
  -1.2158e+03  -8.8549e+01   4.6632e+02
  -1.2580e+03  -5.3909e+01   4.6774e+02
  -1.2937e+03  -9.9756e+00   4.6691e+02
  -1.3211e+03   4.1559e+01   4.6384e+02
  -1.3384e+03   9.8598e+01   4.5853e+02
  -1.3448e+03   1.5875e+02   4.5101e+02
  -1.3399e+03   2.1948e+02   4.4132e+02
  -1.3238e+03   2.7818e+02   4.2951e+02
  -1.2972e+03   3.3238e+02   4.1563e+02
  -1.2614e+03   3.7985e+02   3.9975e+02
  -1.2183e+03   4.1868e+02   3.8195e+02
  -1.1699e+03   4.4746e+02   3.6231e+02
  -1.1187e+03   4.6528e+02   3.4092e+02
  -1.0673e+03   4.7181e+02   3.1789e+02
  -1.0182e+03   4.6733e+02   2.9334e+02
  -9.7388e+02   4.5268e+02   2.6737e+02
  -9.3654e+02   4.2924e+02   2.4011e+02
  -9.0797e+02   3.9887e+02   2.1170e+02
  -8.8952e+02   3.6378e+02   1.8227e+02
  -8.8198e+02   3.2642e+02   1.5196e+02
  -8.8558e+02   2.8938e+02   1.2092e+02
  -8.9994e+02   2.5521e+02   8.9293e+01
  -9.2410e+02   2.2632e+02   5.7240e+01
  -9.5660e+02   2.0483e+02   2.4913e+01
  -9.9550e+02   1.9247e+02  -7.5354e+00
  -1.0385e+03   1.9049e+02  -3.9947e+01
  -1.0832e+03   1.9959e+02  -7.2166e+01
  -1.1270e+03   2.1987e+02  -1.0404e+02
  -1.1673e+03   2.5086e+02  -1.3541e+02
  -1.2018e+03   2.9149e+02  -1.6613e+02
  -1.2283e+03   3.4021e+02  -1.9605e+02
  -1.2453e+03   3.9502e+02  -2.2502e+02
  -1.2516e+03   4.5360e+02  -2.5292e+02
  -1.2466e+03   5.1344e+02  -2.7959e+02
  -1.2303e+03   5.7194e+02  -3.0492e+02
  -1.2033e+03   6.2659e+02  -3.2878e+02
  -1.1667e+03   6.7507e+02  -3.5106e+02
  -1.1222e+03   7.1537e+02  -3.7165e+02
  -1.0719e+03   7.4592e+02  -3.9045e+02
  -1.0180e+03   7.6568e+02  -4.0737e+02
  -9.6325e+02   7.7415e+02  -4.2233e+02
  -9.1010e+02   7.7144e+02  -4.3526e+02
  -8.6107e+02   7.5823e+02  -4.4609e+02
  -8.1844e+02   7.3577e+02  -4.5477e+02
  -7.8414e+02   7.0578e+02  -4.6127e+02
  -7.5964e+02   6.7039e+02  -4.6554e+02
  -7.4591e+02   6.3200e+02  -4.6758e+02
  -7.4333e+02   5.9316e+02  -4.6736e+02
  -7.5168e+02   5.5645e+02  -4.6489e+02
  -7.7018e+02   5.2434e+02  -4.6019e+02
  -7.9748e+02   4.9904e+02  -4.5327e+02
  -8.3179e+02   4.8240e+02  -4.4417e+02
  -8.7093e+02   4.7581e+02  -4.3293e+02
  -9.1244e+02   4.8013e+02  -4.1960e+02
  -9.5377e+02   4.9564e+02  -4.0426e+02
  -9.9233e+02   5.2201e+02  -3.8697e+02
  -1.0257e+03   5.5834e+02  -3.6782e+02
  -1.0518e+03   6.0322e+02  -3.4689e+02
  -1.0687e+03   6.5475e+02  -3.2430e+02
  -1.0752e+03   7.1070e+02  -3.0015e+02
  -1.0705e+03   7.6859e+02  -2.7455e+02
  -1.0545e+03   8.2585e+02  -2.4763e+02
  -1.0276e+03   8.7991e+02  -2.1952e+02
  -9.9077e+02   9.2838e+02  -1.9035e+02
  -9.4554e+02   9.6918e+02  -1.6026e+02
  -8.9385e+02   1.0006e+03  -1.2941e+02
  -8.3801e+02   1.0214e+03  -9.7926e+01
  -7.8052e+02   1.0310e+03  -6.5975e+01
  -7.2396e+02   1.0293e+03  -3.3706e+01
  -6.7087e+02   1.0168e+03  -1.2753e+00
  -6.2360e+02   9.9466e+02   3.1162e+01
  -5.8418e+02   9.6442e+02   6.3449e+01
  -5.5421e+02   9.2811e+02   9.5430e+01
  -5.3483e+02   8.8809e+02   1.2695e+02
  -5.2657e+02   8.4686e+02   1.5786e+02
  -5.2939e+02   8.0703e+02   1.8801e+02
  -5.4265e+02   7.7110e+02   2.1726e+02
  -5.6517e+02   7.4136e+02   2.4546e+02
  -5.9527e+02   7.1978e+02   2.7248e+02
  -6.3086e+02   7.0789e+02   2.9819e+02
  -6.6956e+02   7.0670e+02   3.2246e+02
  -7.0881e+02   7.1664e+02   3.4518e+02
  -7.4605e+02   7.3758e+02   3.6624e+02
  -7.7879e+02   7.6877e+02   3.8553e+02
  -8.0478e+02   8.0892e+02   4.0297e+02
  -8.2213e+02   8.5627e+02   4.1847e+02
  -8.2940e+02   9.0868e+02   4.3195e+02
  -8.2569e+02   9.6371e+02   4.4336e+02
  -8.1065e+02   1.0188e+03   4.5263e+02
  -7.8455e+02   1.0714e+03   4.5972e+02
  -7.4822e+02   1.1190e+03   4.6460e+02
  -7.0304e+02   1.1595e+03   4.6725e+02
  -6.5086e+02   1.1910e+03   4.6764e+02
  -5.9388e+02   1.2122e+03   4.6578e+02
  -5.3457e+02   1.2222e+03   4.6169e+02
  -4.7549e+02   1.2209e+03   4.5536e+02
  -4.1921e+02   1.2086e+03   4.4685e+02
  -3.6814e+02   1.1862e+03   4.3619e+02
  -3.2443e+02   1.1552e+03   4.2342e+02
  -2.8980e+02   1.1175e+03   4.0862e+02
  -2.6552e+02   1.0755e+03   3.9185e+02
  -2.5229e+02   1.0314e+03   3.7319e+02
  -2.5025e+02   9.8807e+02   3.5274e+02
  -2.5892e+02   9.4789e+02   3.3059e+02
  -2.7727e+02   9.1328e+02   3.0685e+02
  -3.0374e+02   8.8630e+02   2.8163e+02
  -3.3634e+02   8.6861e+02   2.5506e+02
  -3.7278e+02   8.6137e+02   2.2726e+02
  -4.1053e+02   8.6519e+02   1.9836e+02
  -4.4701e+02   8.8009e+02   1.6851e+02
  -4.7970e+02   9.0548e+02   1.3785e+02
  -5.0627e+02   9.4024e+02   1.0652e+02
  -5.2473e+02   9.8271e+02   7.4685e+01
  -5.3349e+02   1.0309e+03   4.2488e+01
  -5.3149e+02   1.0823e+03   1.0085e+01
  -5.1824e+02   1.1346e+03  -2.2365e+01
  -4.9382e+02   1.1850e+03  -5.4708e+01
  -4.5892e+02   1.2311e+03  -8.6788e+01
  -4.1476e+02   1.2706e+03  -1.1845e+02
  -3.6308e+02   1.3016e+03  -1.4954e+02
  -3.0599e+02   1.3226e+03  -1.7991e+02
  -2.4588e+02   1.3326e+03  -2.0942e+02
  -1.8532e+02   1.3313e+03  -2.3792e+02
  -1.2689e+02   1.3188e+03  -2.6527e+02
  -7.3044e+01   1.2959e+03  -2.9135e+02
  -2.6021e+01   1.2639e+03  -3.1602e+02
   1.2324e+01   1.2246e+03  -3.3917e+02
   4.0586e+01   1.1803e+03  -3.6069e+02
   5.7896e+01   1.1333e+03  -3.8047e+02
   6.3965e+01   1.0862e+03  -3.9842e+02
   5.9098e+01   1.0416e+03  -4.1446e+02
   4.4177e+01   1.0019e+03  -4.2850e+02
   2.0617e+01   9.6932e+02  -4.4047e+02
  -9.7089e+00   9.4558e+02  -4.5033e+02
  -4.4572e+01   9.3201e+02  -4.5802e+02
  -8.1502e+01   9.2938e+02  -4.6350e+02
  -1.1792e+02   9.3788e+02  -4.6675e+02
  -1.5127e+02   9.5708e+02  -4.6776e+02
  -1.7917e+02   9.8601e+02  -4.6651e+02
  -1.9950e+02   1.0232e+03  -4.6302e+02
  -2.1057e+02   1.0666e+03  -4.5730e+02
  -2.1116e+02   1.1140e+03  -4.4938e+02
  -2.0061e+02   1.1629e+03  -4.3929e+02
  -1.7885e+02   1.2107e+03  -4.2709e+02
  -1.4638e+02   1.2549e+03  -4.1283e+02
  -1.0431e+02   1.2931e+03  -3.9659e+02
  -5.4215e+01   1.3233e+03  -3.7844e+02
   1.8840e+00   1.3438e+03  -3.5847e+02
   6.1654e+01   1.3536e+03  -3.3677e+02
   1.2257e+02   1.3520e+03  -3.1345e+02
   1.8204e+02   1.3392e+03  -2.8862e+02
   2.3755e+02   1.3157e+03  -2.6240e+02
   2.8680e+02   1.2827e+03  -2.3492e+02
   3.2781e+02   1.2419e+03  -2.0631e+02
   3.5905e+02   1.1953e+03  -1.7670e+02
   3.7949e+02   1.1454e+03  -1.4624e+02
   3.8867e+02   1.0947e+03  -1.1508e+02
   3.8673e+02   1.0457e+03  -8.3369e+01
   3.7441e+02   1.0011e+03  -5.1254e+01
   3.5296e+02   9.6287e+02  -1.8892e+01
   3.2415e+02   9.3309e+02   1.3561e+01
   2.9011e+02   9.1318e+02   4.5949e+01
   2.5326e+02   9.0405e+02   7.8115e+01
   2.1616e+02   9.0606e+02   1.0991e+02
   1.8138e+02   9.1895e+02   1.4117e+02
   1.5139e+02   9.4190e+02   1.7175e+02
   1.2836e+02   9.7355e+02   2.0150e+02
   1.1413e+02   1.0121e+03   2.3029e+02
   1.1006e+02   1.0552e+03   2.5797e+02
   1.1697e+02   1.1006e+03   2.8440e+02
   1.3509e+02   1.1456e+03   3.0947e+02
   1.6408e+02   1.1877e+03   3.3304e+02
   2.0301e+02   1.2245e+03   3.5502e+02
   2.5041e+02   1.2537e+03   3.7528e+02
   3.0439e+02   1.2738e+03   3.9374e+02
   3.6267e+02   1.2833e+03   4.1030e+02
   4.2279e+02   1.2816e+03   4.2489e+02
   4.8215e+02   1.2686e+03   4.3743e+02
   5.3821e+02   1.2447e+03   4.4787e+02
   5.8859e+02   1.2109e+03   4.5615e+02
   6.3121e+02   1.1688e+03   4.6223e+02
   6.6441e+02   1.1203e+03   4.6609e+02
   6.8700e+02   1.0679e+03   4.6771e+02
   6.9837e+02   1.0138e+03   4.6707e+02
   6.9849e+02   9.6090e+02   4.6419e+02
   6.8793e+02   9.1154e+02   4.5907e+02
   6.6780e+02   8.6810e+02   4.5174e+02
   6.3974e+02   8.3259e+02   4.4224e+02
   6.0578e+02   8.0659e+02   4.3061e+02
   5.6829e+02   7.9119e+02   4.1690e+02
   5.2979e+02   7.8690e+02   4.0119e+02
   4.9286e+02   7.9364e+02   3.8355e+02
   4.6002e+02   8.1074e+02   3.6406e+02
   4.3353e+02   8.3698e+02   3.4282e+02
   4.1533e+02   8.7065e+02   3.1993e+02
   4.0693e+02   9.0964e+02   2.9550e+02
   4.0931e+02   9.5157e+02   2.6965e+02
   4.2286e+02   9.9387e+02   2.4249e+02
   4.4740e+02   1.0340e+03   2.1418e+02
   4.8217e+02   1.0694e+03   1.8483e+02
   5.2583e+02   1.0979e+03   1.5459e+02
   5.7661e+02   1.1177e+03   1.2360e+02
   6.3233e+02   1.1272e+03   9.2024e+01
   6.9057e+02   1.1258e+03   6.0002e+01
   7.4874e+02   1.1129e+03   2.7692e+01
   8.0427e+02   1.0890e+03  -4.7517e+00
   8.5474e+02   1.0549e+03  -3.7173e+01
   8.9797e+02   1.0121e+03  -6.9414e+01
   9.3216e+02   9.6227e+02  -1.0132e+02
   9.5600e+02   9.0780e+02  -1.3274e+02
   9.6869e+02   8.5109e+02  -1.6352e+02
   9.7006e+02   7.9475e+02  -1.9352e+02
   9.6049e+02   7.4132e+02  -2.2258e+02
   9.4097e+02   6.9321e+02  -2.5057e+02
   9.1298e+02   6.5252e+02  -2.7736e+02
   8.7846e+02   6.2097e+02  -3.0281e+02
   8.3969e+02   5.9980e+02  -3.2680e+02
   7.9916e+02   5.8966e+02  -3.4922e+02
   7.5946e+02   5.9066e+02  -3.6995e+02
   7.2313e+02   6.0229e+02  -3.8891e+02
   6.9251e+02   6.2347e+02  -4.0600e+02
   6.6966e+02   6.5263e+02  -4.2113e+02
   6.5621e+02   6.8775e+02  -4.3423e+02
   6.5329e+02   7.2653e+02  -4.4524e+02
   6.6146e+02   7.6643e+02  -4.5411e+02
   6.8071e+02   8.0486e+02  -4.6080e+02
   7.1043e+02   8.3932e+02  -4.6526e+02
   7.4944e+02   8.6749e+02  -4.6749e+02
   7.9608e+02   8.8741e+02  -4.6747e+02
   8.4828e+02   8.9751e+02  -4.6519e+02
   9.0367e+02   8.9677e+02  -4.6068e+02
   9.5970e+02   8.8472e+02  -4.5395e+02
   1.0138e+03   8.6149e+02  -4.4503e+02
   1.0634e+03   8.2780e+02  -4.3397e+02
   1.1064e+03   7.8491e+02  -4.2083e+02
   1.1407e+03   7.3457e+02  -4.0565e+02
   1.1650e+03   6.7891e+02  -3.8853e+02
   1.1783e+03   6.2034e+02  -3.6953e+02
   1.1803e+03   5.6144e+02  -3.4876e+02
   1.1711e+03   5.0477e+02  -3.2630e+02
   1.1516e+03   4.5279e+02  -3.0228e+02
   1.1231e+03   4.0771e+02  -2.7680e+02
   1.0875e+03   3.7136e+02  -2.4999e+02
   1.0470e+03   3.4512e+02  -2.2197e+02
   1.0040e+03   3.2983e+02  -1.9289e+02
   9.6105e+02   3.2572e+02  -1.6287e+02
   9.2076e+02   3.3248e+02  -1.3208e+02
   8.8554e+02   3.4917e+02  -1.0065e+02
   8.5752e+02   3.7436e+02  -6.8730e+01
   8.3848e+02   4.0614e+02  -3.6482e+01
   8.2968e+02   4.4228e+02  -4.0592e+00
   8.3185e+02   4.8029e+02   2.8383e+01
   8.4515e+02   5.1759e+02   6.0689e+01
   8.6913e+02   5.5164e+02   9.2703e+01
   9.0277e+02   5.8004e+02   1.2427e+02
   9.4452e+02   6.0074e+02   1.5524e+02
   9.9244e+02   6.1203e+02   1.8546e+02
   1.0442e+03   6.1275e+02   2.1479e+02
   1.0973e+03   6.0227e+02   2.4309e+02
   1.1492e+03   5.8054e+02   2.7021e+02
   1.1973e+03   5.4812e+02   2.9604e+02
   1.2393e+03   5.0613e+02   3.2044e+02
   1.2732e+03   4.5618e+02   3.4329e+02
   1.2973e+03   4.0032e+02   3.6450e+02
   1.3107e+03   3.4089e+02   3.8395e+02
   1.3127e+03   2.8042e+02   4.0155e+02
   1.3035e+03   2.2151e+02   4.1722e+02
   1.2836e+03   1.6665e+02   4.3088e+02
   1.2543e+03   1.1814e+02   4.4246e+02
   1.2174e+03   7.7928e+01   4.5192e+02
   1.1748e+03   4.7519e+01   4.5920e+02
   1.1291e+03   2.7908e+01   4.6427e+02
   1.0827e+03   1.9514e+01   4.6711e+02
   1.0382e+03   2.2164e+01   4.6770e+02
   9.9809e+02   3.5100e+01   4.6603e+02
   9.6463e+02   5.7018e+01   4.6212e+02
   9.3968e+02   8.6140e+01   4.5599e+02
   9.2466e+02   1.2031e+02   4.4767e+02
   9.2046e+02   1.5709e+02   4.3718e+02
   9.2739e+02   1.9392e+02   4.2460e+02
   9.4517e+02   2.2823e+02   4.0997e+02
   9.7295e+02   2.5758e+02   3.9336e+02
   1.0093e+03   2.7980e+02   3.7487e+02
   1.0524e+03   2.9308e+02   3.5456e+02
   1.1000e+03   2.9609e+02   3.3256e+02
   1.1497e+03   2.8805e+02   3.0895e+02
   1.1989e+03   2.6876e+02   2.8385e+02
   1.2449e+03   2.3859e+02   2.5739e+02
   1.2855e+03   1.9852e+02   2.2969e+02
   1.3185e+03   1.5004e+02   2.0088e+02
   1.3421e+03   9.5059e+01   1.7110e+02
   1.3552e+03   3.5868e+01   1.4051e+02
   1.3571e+03  -2.5043e+01   1.0923e+02
   1.3476e+03  -8.5087e+01   7.7432e+01
   1.3272e+03  -1.4172e+02   4.5259e+01
   1.2971e+03  -1.9259e+02   1.2869e+01
   1.2587e+03  -2.3564e+02  -1.9584e+01
   1.2141e+03  -2.6922e+02  -5.1942e+01
   1.1656e+03  -2.9218e+02  -8.4051e+01
   1.1157e+03  -3.0395e+02  -1.1575e+02
   1.0670e+03  -3.0454e+02  -1.4690e+02
   1.0221e+03  -2.9453e+02  -1.7734e+02
   9.8314e+02  -2.7509e+02  -2.0693e+02
   9.5224e+02  -2.4787e+02  -2.3552e+02
   9.3093e+02  -2.1493e+02  -2.6297e+02
   9.2024e+02  -1.7865e+02  -2.8916e+02
   9.2065e+02  -1.4155e+02  -3.1396e+02
   9.3206e+02  -1.0622e+02  -3.3725e+02
   9.5375e+02  -7.5159e+01  -3.5891e+02
   9.8448e+02  -5.0618e+01  -3.7885e+02
   1.0225e+03  -3.4517e+01  -3.9696e+02
   1.0657e+03  -2.8326e+01  -4.1316e+02
   1.1117e+03  -3.2989e+01  -4.2737e+02
   1.1578e+03  -4.8876e+01  -4.3953e+02
   1.2016e+03  -7.5764e+01  -4.4957e+02
   1.2406e+03  -1.1285e+02  -4.5744e+02
   1.2725e+03  -1.5878e+02  -4.6312e+02
   1.2955e+03  -2.1174e+02  -4.6656e+02
   1.3083e+03  -2.6955e+02  -4.6776e+02
   1.3100e+03  -3.2975e+02  -4.6671e+02
   1.3003e+03  -3.8978e+02  -4.6341e+02
   1.2795e+03  -4.4707e+02  -4.5788e+02
   1.2486e+03  -4.9919e+02  -4.5014e+02
   1.2090e+03  -5.4399e+02  -4.4024e+02
   1.1626e+03  -5.7970e+02  -4.2822e+02
   1.1116e+03  -6.0503e+02  -4.1414e+02
   1.0585e+03  -6.1924e+02  -3.9806e+02
   1.0059e+03  -6.2216e+02  -3.8007e+02
   9.5640e+02  -6.1423e+02  -3.6025e+02
   9.1227e+02  -5.9645e+02  -3.3869e+02
   8.7566e+02  -5.7036e+02  -3.1551e+02
   8.4826e+02  -5.3790e+02  -2.9080e+02
   8.3125e+02  -5.0137e+02  -2.6470e+02
   8.2528e+02  -4.6327e+02  -2.3732e+02
   8.3040e+02  -4.2619e+02  -2.0880e+02
   8.4608e+02  -3.9266e+02  -1.7927e+02
   8.7120e+02  -3.6501e+02  -1.4889e+02
   9.0417e+02  -3.4528e+02  -1.1778e+02
   9.4294e+02  -3.3505e+02  -8.6107e+01
   9.8519e+02  -3.3544e+02  -5.4020e+01
   1.0284e+03  -3.4698e+02  -2.1673e+01
   1.0699e+03  -3.6961e+02   1.0778e+01
   1.1073e+03  -4.0268e+02   4.3177e+01
   1.1383e+03  -4.4499e+02   7.5369e+01
   1.1608e+03  -4.9486e+02   1.0720e+02
   1.1735e+03  -5.5018e+02   1.3851e+02
   1.1752e+03  -6.0857e+02   1.6916e+02
   1.1656e+03  -6.6747e+02   1.9899e+02
   1.1448e+03  -7.2432e+02   2.2786e+02
   1.1135e+03  -7.7662e+02   2.5564e+02
   1.0732e+03  -8.2213e+02   2.8219e+02
   1.0254e+03  -8.5898e+02   3.0737e+02
   9.7248e+02  -8.8573e+02   3.3108e+02
   9.1674e+02  -9.0147e+02   3.5320e+02
   8.6078e+02  -9.0588e+02   3.7361e+02
   8.0718e+02  -8.9923e+02   3.9223e+02
   7.5838e+02  -8.8236e+02   4.0896e+02
   7.1656e+02  -8.5667e+02   4.2372e+02
   6.8353e+02  -8.2400e+02   4.3644e+02
   6.6064e+02  -7.8656e+02   4.4705e+02
   6.4869e+02  -7.4680e+02   4.5552e+02
   6.4789e+02  -7.0731e+02   4.6180e+02
   6.5787e+02  -6.7065e+02   4.6585e+02
   6.7769e+02  -6.3921e+02   4.6766e+02
   7.0586e+02  -6.1512e+02   4.6721e+02
   7.4047e+02  -6.0012e+02   4.6452e+02
   7.7925e+02  -5.9544e+02   4.5960e+02
   8.1971e+02  -6.0180e+02   4.5246e+02
   8.5928e+02  -6.1929e+02   4.4314e+02
   8.9540e+02  -6.4744e+02   4.3169e+02
   9.2571e+02  -6.8518e+02   4.1816e+02
   9.4816e+02  -7.3098e+02   4.0262e+02
   9.6110e+02  -7.8282e+02   3.8514e+02
   9.6336e+02  -8.3839e+02   3.6580e+02
   9.5437e+02  -8.9518e+02   3.4471e+02
   9.3411e+02  -9.5059e+02   3.2196e+02
   9.0317e+02  -1.0021e+03   2.9765e+02
   8.6271e+02  -1.0474e+03   2.7192e+02
   8.1436e+02  -1.0845e+03   2.4487e+02
   7.6019e+02  -1.1118e+03   2.1665e+02
   7.0256e+02  -1.1283e+03   1.8738e+02
   6.4401e+02  -1.1335e+03   1.5721e+02
   5.8713e+02  -1.1274e+03   1.2629e+02
   5.3441e+02  -1.1109e+03   9.4752e+01
   4.8812e+02  -1.0850e+03   6.2762e+01
   4.5018e+02  -1.0515e+03   3.0471e+01
   4.2208e+02  -1.0127e+03  -1.9678e+00
   4.0478e+02  -9.7074e+02  -3.4397e+01
   3.9866e+02  -9.2833e+02  -6.6660e+01
   4.0352e+02  -8.8802e+02  -9.8603e+01
   4.1855e+02  -8.5226e+02  -1.3007e+02
   4.4243e+02  -8.2326e+02  -1.6091e+02
   4.7335e+02  -8.0290e+02  -1.9098e+02
   5.0913e+02  -7.9254e+02  -2.2013e+02
   5.4734e+02  -7.9305e+02  -2.4822e+02
   5.8539e+02  -8.0471e+02  -2.7511e+02
   6.2074e+02  -8.2719e+02  -3.0068e+02
   6.5094e+02  -8.5960e+02  -3.2480e+02
   6.7385e+02  -9.0052e+02  -3.4736e+02
   6.8769e+02  -9.4807e+02  -3.6824e+02
   6.9116e+02  -1.0000e+03  -3.8736e+02
   6.8350e+02  -1.0538e+03  -4.0461e+02
   6.6456e+02  -1.1070e+03  -4.1991e+02
   6.3474e+02  -1.1570e+03  -4.3319e+02
   5.9505e+02  -1.2013e+03  -4.4438e+02
   5.4700e+02  -1.2380e+03  -4.5344e+02
   4.9255e+02  -1.2652e+03  -4.6031e+02
   4.3398e+02  -1.2818e+03  -4.6497e+02
   3.7381e+02  -1.2872e+03  -4.6739e+02
   3.1461e+02  -1.2812e+03  -4.6756e+02
   2.5892e+02  -1.2645e+03  -4.6548e+02
   2.0908e+02  -1.2380e+03  -4.6115e+02
   1.6714e+02  -1.2035e+03  -4.5461e+02
   1.3470e+02  -1.1628e+03  -4.4588e+02
   1.1287e+02  -1.1184e+03  -4.3500e+02
   1.0222e+02  -1.0728e+03  -4.2203e+02
   1.0268e+02  -1.0285e+03  -4.0703e+02
   1.1363e+02  -9.8809e+02  -3.9007e+02
   1.3389e+02  -9.5386e+02  -3.7123e+02
   1.6177e+02  -9.2776e+02  -3.5060e+02
   1.9519e+02  -9.1133e+02  -3.2829e+02
   2.3177e+02  -9.0556e+02  -3.0440e+02
   2.6895e+02  -9.1091e+02  -2.7904e+02
   3.0417e+02  -9.2722e+02  -2.5233e+02
   3.3494e+02  -9.5376e+02  -2.2442e+02
   3.5902e+02  -9.8924e+02  -1.9542e+02
   3.7451e+02  -1.0319e+03  -1.6548e+02
   3.7998e+02  -1.0796e+03  -1.3475e+02
   3.7451e+02  -1.1299e+03  -1.0336e+02
   3.5777e+02  -1.1803e+03  -7.1482e+01
   3.3002e+02  -1.2281e+03  -3.9257e+01
   2.9210e+02  -1.2709e+03  -6.8429e+00
   2.4538e+02  -1.3066e+03   2.5604e+01
   1.9171e+02  -1.3334e+03   5.7928e+01
   1.3328e+02  -1.3497e+03   8.9973e+01
   7.2571e+01  -1.3550e+03   1.2158e+02
   1.2144e+01  -1.3488e+03   1.5261e+02
  -4.5435e+01  -1.3317e+03   1.8290e+02
  -9.7754e+01  -1.3044e+03   2.1231e+02
  -1.4268e+02  -1.2686e+03   2.4070e+02
  -1.7847e+02  -1.2261e+03   2.6793e+02
  -2.0387e+02  -1.1791e+03   2.9388e+02
  -2.1816e+02  -1.1302e+03   3.1840e+02
  -2.2122e+02  -1.0819e+03   3.4140e+02
  -2.1352e+02  -1.0368e+03   3.6275e+02
  -1.9610e+02  -9.9725e+02   3.8235e+02
  -1.7051e+02  -9.6532e+02   4.0011e+02
  -1.3872e+02  -9.4267e+02   4.1595e+02
  -1.0305e+02  -9.3045e+02   4.2979e+02
  -6.6012e+01  -9.2928e+02   4.4155e+02
  -3.0190e+01  -9.3918e+02   4.5119e+02
   1.8972e+00  -9.5956e+02   4.5866e+02
   2.7925e+01  -9.8930e+02   4.6392e+02
   4.5893e+01  -1.0268e+03   4.6695e+02
   5.4225e+01  -1.0699e+03   4.6773e+02
   5.1855e+01  -1.1163e+03   4.6626e+02
   3.8284e+01  -1.1635e+03   4.6255e+02
   1.3604e+01  -1.2089e+03   4.5660e+02
  -2.1503e+01  -1.2500e+03   4.4846e+02
  -6.5806e+01  -1.2845e+03   4.3817e+02
  -1.1759e+02  -1.3105e+03   4.2576e+02
  -1.7473e+02  -1.3264e+03   4.1130e+02
  -2.3483e+02  -1.3315e+03   3.9486e+02
  -2.9534e+02  -1.3251e+03   3.7652e+02
  -3.5367e+02  -1.3076e+03   3.5637e+02
  -4.0736e+02  -1.2796e+03   3.3451e+02
  -4.5418e+02  -1.2427e+03   3.1103e+02
  -4.9228e+02  -1.1984e+03   2.8606e+02
  -5.2025e+02  -1.1491e+03   2.5971e+02
  -5.3721e+02  -1.0971e+03   2.3211e+02
  -5.4289e+02  -1.0450e+03   2.0339e+02
  -5.3758e+02  -9.9541e+02   1.7369e+02
  -5.2217e+02  -9.5073e+02   1.4316e+02
  -4.9807e+02  -9.1313e+02   1.1194e+02
  -4.6715e+02  -8.8440e+02   8.0176e+01
  -4.3164e+02  -8.6585e+02   4.8029e+01
  -3.9401e+02  -8.5823e+02   1.5651e+01
  -3.5684e+02  -8.6175e+02  -1.6802e+01
  -3.2268e+02  -8.7597e+02  -4.9175e+01
  -2.9391e+02  -8.9993e+02  -8.1311e+01
  -2.7265e+02  -9.3212e+02  -1.1306e+02
  -2.6060e+02  -9.7060e+02  -1.4426e+02
  -2.5898e+02  -1.0131e+03  -1.7476e+02
  -2.6844e+02  -1.0571e+03  -2.0443e+02
  -2.8906e+02  -1.1000e+03  -2.3311e+02
  -3.2032e+02  -1.1392e+03  -2.6066e+02
  -3.6114e+02  -1.1726e+03  -2.8697e+02
  -4.0993e+02  -1.1979e+03  -3.1189e+02
  -4.6467e+02  -1.2136e+03  -3.3531e+02
  -5.2303e+02  -1.2185e+03  -3.5712e+02
  -5.8249e+02  -1.2122e+03  -3.7721e+02
  -6.4046e+02  -1.1946e+03  -3.9548e+02
  -6.9443e+02  -1.1663e+03  -4.1185e+02
  -7.4208e+02  -1.1285e+03  -4.2623e+02
  -7.8146e+02  -1.0830e+03  -4.3857e+02
  -8.1102e+02  -1.0317e+03  -4.4879e+02
  -8.2973e+02  -9.7711e+02  -4.5685e+02
  -8.3714e+02  -9.2171e+02  -4.6272e+02
  -8.3339e+02  -8.6809e+02  -4.6635e+02
  -8.1920e+02  -8.1875e+02  -4.6774e+02
  -7.9584e+02  -7.7593e+02  -4.6688e+02
  -7.6507e+02  -7.4153e+02  -4.6378e+02
  -7.2903e+02  -7.1701e+02  -4.5844e+02
  -6.9012e+02  -7.0330e+02  -4.5089e+02
  -6.5091e+02  -7.0074e+02  -4.4117e+02
  -6.1398e+02  -7.0908e+02  -4.2933e+02
  -5.8177e+02  -7.2750e+02  -4.1542e+02
  -5.5648e+02  -7.5464e+02  -3.9952e+02
  -5.3994e+02  -7.8867e+02  -3.8169e+02
  -5.3350e+02  -8.2738e+02  -3.6202e+02
  -5.3799e+02  -8.6833e+02  -3.4061e+02
  -5.5366e+02  -9.0895e+02  -3.1756e+02
  -5.8013e+02  -9.4667e+02  -2.9298e+02
  -6.1650e+02  -9.7907e+02  -2.6699e+02
  -6.6129e+02  -1.0040e+03  -2.3972e+02
  -7.1261e+02  -1.0198e+03  -2.1129e+02
  -7.6821e+02  -1.0251e+03  -1.8184e+02
  -8.2558e+02  -1.0192e+03  -1.5152e+02
  -8.8217e+02  -1.0020e+03  -1.2047e+02
  -9.3540e+02  -9.7391e+02  -8.8842e+01
  -9.8292e+02  -9.3600e+02  -5.6785e+01
  -1.0226e+03  -8.8981e+02  -2.4454e+01
  -1.0529e+03  -8.3730e+02   7.9945e+00
  -1.0725e+03  -7.8079e+02   4.0404e+01
  -1.0809e+03  -7.2278e+02   7.2620e+01
  -1.0780e+03  -6.6586e+02   1.0449e+02
  -1.0643e+03  -6.1256e+02   1.3585e+02
  -1.0411e+03  -5.6520e+02   1.6656e+02
  -1.0098e+03  -5.2581e+02   1.9647e+02
  -9.7267e+02  -4.9596e+02   2.2543e+02
  -9.3192e+02  -4.7673e+02   2.5330e+02
  -8.9013e+02  -4.6864e+02   2.7996e+02
  -8.4987e+02  -4.7162e+02   3.0527e+02
  -8.1365e+02  -4.8498e+02   3.2911e+02
  -7.8374e+02  -5.0752e+02   3.5137e+02
  -7.6208e+02  -5.3753e+02   3.7193e+02
  -7.5018e+02  -5.7290e+02   3.9070e+02
  -7.4900e+02  -6.1123e+02   4.0760e+02
  -7.5897e+02  -6.4999e+02   4.2253e+02
  -7.7988e+02  -6.8658e+02   4.3543e+02
  -8.1098e+02  -7.1853e+02   4.4623e+02
  -8.5094e+02  -7.4364e+02   4.5488e+02
  -8.9797e+02  -7.6001e+02   4.6134e+02
  -9.4992e+02  -7.6626e+02   4.6559e+02
  -1.0043e+03  -7.6148e+02   4.6759e+02
  -1.0587e+03  -7.4540e+02   4.6734e+02
  -1.1103e+03  -7.1829e+02   4.6484e+02
  -1.1569e+03  -6.8104e+02   4.6011e+02
  -1.1962e+03  -6.3506e+02   4.5315e+02
  -1.2264e+03  -5.8219e+02   4.4402e+02
  -1.2463e+03  -5.2468e+02   4.3275e+02
  -1.2550e+03  -4.6498e+02   4.1940e+02
  -1.2523e+03  -4.0568e+02   4.0403e+02
  -1.2387e+03  -3.4933e+02   3.8671e+02
  -1.2151e+03  -2.9834e+02   3.6753e+02
  -1.1830e+03  -2.5481e+02   3.4659e+02
  -1.1443e+03  -2.2046e+02   3.2397e+02
  -1.1013e+03  -1.9652e+02   2.9979e+02
  -1.0566e+03  -1.8366e+02   2.7418e+02
  -1.0126e+03  -1.8197e+02   2.4724e+02
  -9.7203e+02  -1.9095e+02   2.1911e+02
  -9.3711e+02  -2.0954e+02   1.8993e+02
  -9.0992e+02  -2.3614e+02   1.5983e+02
  -8.9210e+02  -2.6876e+02   1.2896e+02
  -8.8477e+02  -3.0508e+02   9.7477e+01
  -8.8851e+02  -3.4256e+02   6.5520e+01
  -9.0331e+02  -3.7863e+02   3.3248e+01
  -9.2854e+02  -4.1078e+02   8.1615e-01
  -9.6304e+02  -4.3669e+02  -3.1620e+01
  -1.0051e+03  -4.5439e+02  -6.3903e+01
  -1.0528e+03  -4.6234e+02  -9.5879e+01
  -1.1036e+03  -4.5949e+02  -1.2739e+02
  -1.1550e+03  -4.4539e+02  -1.5830e+02
  -1.2045e+03  -4.2016e+02  -1.8843e+02
  -1.2495e+03  -3.8452e+02  -2.1767e+02
  -1.2878e+03  -3.3973e+02  -2.4585e+02
  -1.3175e+03  -2.8753e+02  -2.7285e+02
  -1.3371e+03  -2.3007e+02  -2.9854e+02
  -1.3457e+03  -1.6975e+02  -3.2279e+02
  -1.3430e+03  -1.0913e+02  -3.4549e+02
  -1.3290e+03  -5.0795e+01  -3.6652e+02
  -1.3048e+03   2.8005e+00  -3.8579e+02
  -1.2716e+03   4.9454e+01  -4.0320e+02
  -1.2312e+03   8.7329e+01  -4.1867e+02
  -1.1859e+03   1.1505e+02  -4.3213e+02
  -1.1381e+03   1.3179e+02  -4.4351e+02
  -1.0904e+03   1.3728e+02  -4.5275e+02
  -1.0452e+03   1.3187e+02  -4.5981e+02
  -1.0052e+03   1.1647e+02  -4.6466e+02
  -9.7228e+02   9.2530e+01  -4.6727e+02
  -9.4834e+02   6.1938e+01  -4.6763e+02
  -9.3463e+02   2.6941e+01  -4.6574e+02
  -9.3189e+02  -9.9807e+00  -4.6161e+02
  -9.4025e+02  -4.6246e+01  -4.5526e+02
  -9.5928e+02  -7.9311e+01  -4.4671e+02
  -9.8795e+02  -1.0680e+02  -4.3602e+02
  -1.0247e+03  -1.2662e+02  -4.2323e+02
  -1.0677e+03  -1.3711e+02  -4.0840e+02
  -1.1145e+03  -1.3708e+02  -3.9160e+02
  -1.1626e+03  -1.2589e+02  -3.7292e+02
  -1.2095e+03  -1.0352e+02  -3.5244e+02
  -1.2526e+03  -7.0517e+01  -3.3027e+02
  -1.2896e+03  -2.7993e+01  -3.0650e+02
  -1.3184e+03   2.2433e+01  -2.8127e+02
  -1.3376e+03   7.8723e+01  -2.5467e+02
  -1.3459e+03   1.3853e+02  -2.2686e+02
  -1.3430e+03   1.9932e+02  -1.9795e+02
  -1.3287e+03   2.5851e+02  -1.6808e+02
  -1.3038e+03   3.1359e+02  -1.3741e+02
  -1.2696e+03   3.6229e+02  -1.0608e+02
  -1.2276e+03   4.0263e+02  -7.4232e+01
  -1.1801e+03   4.3313e+02  -4.2030e+01
  -1.1293e+03   4.5278e+02  -9.6265e+00
  -1.0779e+03   4.6116e+02   2.2824e+01
  -1.0284e+03   4.5845e+02   5.5164e+01
  -9.8328e+02   4.4540e+02   8.7239e+01
  -9.4481e+02   4.2333e+02   1.1889e+02
  -9.1483e+02   3.9399e+02   1.4998e+02
  -8.9479e+02   3.5956e+02   1.8034e+02
  -8.8557e+02   3.2246e+02   2.0983e+02
  -8.8748e+02   2.8525e+02   2.3831e+02
  -9.0024e+02   2.5051e+02   2.6565e+02
  -9.2299e+02   2.2067e+02   2.9170e+02
  -9.5433e+02   1.9790e+02   3.1636e+02
  -9.9242e+02   1.8402e+02   3.3949e+02
  -1.0350e+03   1.8035e+02   3.6098e+02
  -1.0797e+03   1.8767e+02   3.8074e+02
  -1.1239e+03   2.0620e+02   3.9866e+02
  -1.1650e+03   2.3553e+02   4.1467e+02
  -1.2006e+03   2.7472e+02   4.2868e+02
  -1.2286e+03   3.2228e+02   4.4063e+02

