   5.4635e+02   2.9764e+01   2.0692e+02
   2.6661e+02   8.0626e+01   1.0898e+02
   2.9282e+02   1.3508e+01   7.7329e+01
   3.0297e+02  -5.7975e+01   4.5308e+01
   2.9648e+02  -1.3004e+02   1.3069e+01
   2.7367e+02  -1.9888e+02  -1.9233e+01
   2.3569e+02  -2.6084e+02  -5.1442e+01
   1.8453e+02  -3.1265e+02  -8.3404e+01
   1.2283e+02  -3.5157e+02  -1.1496e+02
   5.3825e+01  -3.7552e+02  -1.4597e+02
  -1.8881e+01  -3.8324e+02  -1.7627e+02
  -9.1486e+01  -3.7431e+02  -2.0573e+02
  -1.6019e+02  -3.4919e+02  -2.3419e+02
  -2.2141e+02  -3.0920e+02  -2.6153e+02
  -2.7194e+02  -2.5644e+02  -2.8761e+02
  -3.0916e+02  -1.9368e+02  -3.1231e+02
  -3.3113e+02  -1.2423e+02  -3.3550e+02
  -3.3673e+02  -5.1745e+01  -3.5707e+02
  -3.2571e+02   1.9957e+01  -3.7693e+02
  -2.9867e+02   8.7103e+01  -3.9497e+02
  -2.5709e+02   1.4616e+02  -4.1112e+02
  -2.0320e+02   1.9402e+02  -4.2528e+02
  -1.3988e+02   2.2817e+02  -4.3739e+02
  -7.0513e+01   2.4682e+02  -4.4740e+02
   1.2054e+00   2.4900e+02  -4.5526e+02
   7.1450e+01   2.3461e+02  -4.6092e+02
   1.3647e+02   2.0443e+02  -4.6437e+02
   1.9281e+02   1.6006e+02  -4.6558e+02
   2.3745e+02   1.0386e+02  -4.6455e+02
   2.6799e+02   3.8813e+01  -4.6128e+02
   2.8279e+02  -3.1621e+01  -4.5580e+02
   2.8104e+02  -1.0371e+02  -4.4812e+02
   2.6278e+02  -1.7363e+02  -4.3828e+02
   2.2896e+02  -2.3767e+02  -4.2633e+02
   1.8132e+02  -2.9243e+02  -4.1233e+02
   1.2234e+02  -3.3500e+02  -3.9635e+02
   5.5112e+01  -3.6311e+02  -3.7845e+02
  -1.6857e+01  -3.7527e+02  -3.5874e+02
  -8.9796e+01  -3.7080e+02  -3.3730e+02
  -1.5989e+02  -3.4992e+02  -3.1423e+02
  -2.2346e+02  -3.1373e+02  -2.8965e+02
  -2.7719e+02  -2.6410e+02  -2.6368e+02
  -3.1827e+02  -2.0364e+02  -2.3644e+02
  -3.4457e+02  -1.3552e+02  -2.0806e+02
  -3.5473e+02  -6.3320e+01  -1.7868e+02
  -3.4825e+02   9.1720e+00  -1.4844e+02
  -3.2549e+02   7.8148e+01  -1.1748e+02
  -2.8769e+02   1.3999e+02  -8.5963e+01
  -2.3689e+02   1.9145e+02  -5.4028e+01
  -1.7579e+02   2.2984e+02  -2.1833e+01
  -1.0765e+02   2.5314e+02   1.0467e+01
  -3.6104e+01   2.6017e+02   4.2717e+01
   3.5043e+01   2.5056e+02   7.4761e+01
   1.0200e+02   2.2485e+02   1.0645e+02
   1.6121e+02   1.8442e+02   1.3762e+02
   2.0950e+02   1.3143e+02   1.6813e+02
   2.4430e+02   6.8710e+01   1.9783e+02
   2.6375e+02  -4.0670e-01   2.2657e+02
   2.6678e+02  -7.2244e+01   2.5423e+02
   2.5321e+02  -1.4298e+02   2.8066e+02
   2.2373e+02  -2.0886e+02   3.0575e+02
   1.7986e+02  -2.6636e+02   3.2936e+02
   1.2390e+02  -3.1244e+02   3.5138e+02
   5.8767e+01  -3.4462e+02   3.7172e+02
  -1.2117e+01  -3.6118e+02   3.9026e+02
  -8.5039e+01  -3.6122e+02   4.0693e+02
  -1.5617e+02  -3.4471e+02   4.2163e+02
  -2.2179e+02  -3.1248e+02   4.3431e+02
  -2.7845e+02  -2.6623e+02   4.4490e+02
  -3.2318e+02  -2.0835e+02   4.5334e+02
  -3.5366e+02  -1.4187e+02   4.5961e+02
  -3.6829e+02  -7.0286e+01   4.6366e+02
  -3.6632e+02   2.6623e+00   4.6547e+02
  -3.4789e+02   7.3150e+01   4.6505e+02
  -3.1399e+02   1.3748e+02   4.6239e+02
  -2.6644e+02   1.9230e+02   4.5751e+02
  -2.0777e+02   2.3473e+02   4.5042e+02
  -1.4110e+02   2.6256e+02   4.4116e+02
  -6.9980e+01   2.7436e+02   4.2978e+02
   1.8155e+00   2.6954e+02   4.1633e+02
   7.0472e+01   2.4837e+02   4.0088e+02
   1.3234e+02   2.1202e+02   3.8349e+02
   1.8413e+02   1.6243e+02   3.6426e+02
   2.2309e+02   1.0226e+02   3.4328e+02
   2.4714e+02   3.4709e+01   3.2065e+02
   2.5499e+02  -3.6614e+01   2.9647e+02
   2.4620e+02  -1.0791e+02   2.7086e+02
   2.2122e+02  -1.7539e+02   2.4395e+02
   1.8135e+02  -2.3544e+02   2.1587e+02
   1.2867e+02  -2.8486e+02   1.8675e+02
   6.5949e+01  -3.2102e+02   1.5672e+02
  -3.5181e+00  -3.4196e+02   1.2595e+02
  -7.6082e+01  -3.4655e+02   9.4566e+01
  -1.4793e+02  -3.3451e+02   6.2728e+01
  -2.1528e+02  -3.0643e+02   3.0589e+01
  -2.7459e+02  -2.6378e+02  -1.6983e+00
  -3.2276e+02  -2.0876e+02  -3.3977e+01
  -3.5724e+02  -1.4425e+02  -6.6092e+01
  -3.7624e+02  -7.3615e+01  -9.7889e+01
  -3.7877e+02  -5.5660e-01  -1.2921e+02
  -3.6471e+02   7.1106e+01  -1.5992e+02
  -3.3481e+02   1.3762e+02  -1.8985e+02
  -2.9068e+02   1.9552e+02  -2.1887e+02
  -2.3465e+02   2.4177e+02  -2.4684e+02
  -1.6970e+02   2.7396e+02  -2.7362e+02
  -9.9265e+01   2.9045e+02  -2.9908e+02
  -2.7088e+01   2.9038e+02  -3.2310e+02
   4.3011e+01   2.7381e+02  -3.4557e+02
   1.0732e+02   2.4164e+02  -3.6637e+02
   1.6242e+02   1.9561e+02  -3.8541e+02
   2.0541e+02   1.3819e+02  -4.0259e+02
   2.3399e+02   7.2441e+01  -4.1784e+02
   2.4664e+02   1.8815e+00  -4.3107e+02
   2.4270e+02  -6.9728e+01  -4.4223e+02
   2.2235e+02  -1.3857e+02  -4.5126e+02
   1.8667e+02  -2.0096e+02  -4.5812e+02
   1.3752e+02  -2.5358e+02  -4.6278e+02
   7.7499e+01  -2.9361e+02  -4.6520e+02
   9.7642e+00  -3.1889e+02  -4.6539e+02
  -6.2114e+01  -3.2806e+02  -4.6333e+02
  -1.3435e+02  -3.2058e+02  -4.5905e+02
  -2.0313e+02  -2.9682e+02  -4.5256e+02
  -2.6483e+02  -2.5800e+02  -4.4388e+02
  -3.1620e+02  -2.0612e+02  -4.3308e+02
  -3.5453e+02  -1.4389e+02  -4.2018e+02
  -3.7780e+02  -7.4558e+01  -4.0527e+02
  -3.8479e+02  -1.7435e+00  -3.8840e+02
  -3.7513e+02   7.0744e+01  -3.6966e+02
  -3.4935e+02   1.3912e+02  -3.4914e+02
  -3.0879e+02   1.9980e+02  -3.2695e+02
  -2.5562e+02   2.4962e+02  -3.0318e+02
  -1.9263e+02   2.8600e+02  -2.7795e+02
  -1.2316e+02   3.0705e+02  -2.5138e+02
  -5.0886e+01   3.1169e+02  -2.2360e+02
   2.0381e+01   2.9973e+02  -1.9475e+02
   8.6873e+01   2.7182e+02  -1.6495e+02
   1.4508e+02   2.2949e+02  -1.3437e+02
   1.9192e+02   1.7500e+02  -1.0314e+02
   2.2493e+02   1.1128e+02  -7.1407e+01
   2.4236e+02   4.1720e+01  -3.9334e+01
   2.4329e+02  -2.9955e+01  -7.0714e+00
   2.2768e+02  -9.9927e+01   2.5225e+01
   1.9634e+02  -1.6446e+02   5.7400e+01
   1.5094e+02  -2.2011e+02   8.9298e+01
   9.3876e+01  -2.6389e+02   1.2077e+02
   2.8166e+01  -2.9347e+02   1.5165e+02
  -4.2718e+01  -3.0722e+02   1.8181e+02
  -1.1503e+02  -3.0440e+02   2.1109e+02
  -1.8494e+02  -2.8511e+02   2.3936e+02
  -2.4876e+02  -2.5034e+02   2.6647e+02
  -3.0311e+02  -2.0187e+02   2.9231e+02
  -3.4512e+02  -1.4223e+02   3.1673e+02
  -3.7256e+02  -7.4539e+01   3.3963e+02
  -3.8398e+02  -2.3264e+00   3.6089e+02
  -3.7876e+02   7.0631e+01   3.8042e+02
  -3.5718e+02   1.4052e+02   3.9812e+02
  -3.2037e+02   2.0368e+02   4.1390e+02
  -2.7027e+02   2.5682e+02   4.2768e+02
  -2.0951e+02   2.9717e+02   4.3941e+02
  -1.4129e+02   3.2264e+02   4.4903e+02
  -6.9213e+01   3.3192e+02   4.5648e+02
   2.9279e+00   3.2455e+02   4.6173e+02
   7.1332e+01   3.0097e+02   4.6476e+02
   1.3240e+02   2.6245e+02   4.6556e+02
   1.8291e+02   2.1107e+02   4.6411e+02
   2.2020e+02   1.4958e+02   4.6043e+02
   2.4233e+02   8.1266e+01   4.5454e+02
   2.4813e+02   9.7669e+00   4.4645e+02
   2.3731e+02  -6.1101e+01   4.3622e+02
   2.1045e+02  -1.2756e+02   4.2388e+02
   1.6898e+02  -1.8606e+02   4.0951e+02
   1.1511e+02  -2.3347e+02   3.9316e+02
   5.1694e+01  -2.6727e+02   3.7493e+02
  -1.7906e+01  -2.8562e+02   3.5488e+02
  -8.9998e+01  -2.8752e+02   3.3313e+02
  -1.6076e+02  -2.7283e+02   3.0978e+02
  -2.2644e+02  -2.4230e+02   2.8493e+02
  -2.8356e+02  -1.9749e+02   2.5872e+02
  -3.2908e+02  -1.4076e+02   2.3125e+02
  -3.6058e+02  -7.5040e+01   2.0268e+02
  -3.7638e+02  -3.7829e+00   1.7313e+02
  -3.7564e+02   6.9286e+01   1.4274e+02
  -3.5836e+02   1.4034e+02   1.1167e+02
  -3.2546e+02   2.0567e+02   8.0060e+01
  -2.7865e+02   2.6185e+02   4.8065e+01
  -2.2038e+02   3.0595e+02   1.5839e+01
  -1.5371e+02   3.3568e+02  -1.6464e+01
  -8.2141e+01   3.4950e+02  -4.8687e+01
  -9.4397e+00   3.4671e+02  -8.0676e+01
   6.0577e+01   3.2750e+02  -1.1228e+02
   1.2423e+02   2.9291e+02  -1.4334e+02
   1.7818e+02   2.4479e+02  -1.7371e+02
   2.1960e+02   1.8574e+02  -2.0324e+02
   2.4631e+02   1.1889e+02  -2.3180e+02
   2.5694e+02   4.7816e+01  -2.5924e+02
   2.5094e+02  -2.3706e+01  -2.8543e+02
   2.2865e+02  -9.1862e+01  -3.1025e+02
   1.9127e+02  -1.5302e+02  -3.3357e+02
   1.4080e+02  -2.0392e+02  -3.5529e+02
   7.9917e+01  -2.4185e+02  -3.7530e+02
   1.1872e+01  -2.6476e+02  -3.9350e+02
  -5.9723e+01  -2.7142e+02  -4.0981e+02
  -1.3106e+02  -2.6145e+02  -4.2414e+02
  -1.9835e+02  -2.3534e+02  -4.3644e+02
  -2.5802e+02  -1.9444e+02  -4.4663e+02
  -3.0688e+02  -1.4089e+02  -4.5467e+02
  -3.4233e+02  -7.7472e+01  -4.6053e+02
  -3.6248e+02  -7.5171e+00  -4.6416e+02
  -3.6623e+02   6.5311e+01  -4.6557e+02
  -3.5337e+02   1.3719e+02  -4.6473e+02
  -3.2453e+02   2.0436e+02  -4.6165e+02
  -2.8123e+02   2.6330e+02  -4.5635e+02
  -2.2572e+02   3.1092e+02  -4.4886e+02
  -1.6090e+02   3.4474e+02  -4.3921e+02
  -9.0169e+01   3.6299e+02  -4.2744e+02
  -1.7238e+01   3.6475e+02  -4.1361e+02
   5.4071e+01   3.4993e+02  -3.9779e+02
   1.2002e+02   3.1936e+02  -3.8006e+02
   1.7716e+02   2.7467e+02  -3.6050e+02
   2.2249e+02   2.1825e+02  -3.3920e+02
   2.5365e+02   1.5311e+02  -3.1627e+02
   2.6904e+02   8.2704e+01  -2.9182e+02
   2.6785e+02   1.0781e+01  -2.6596e+02
   2.5019e+02  -5.8836e+01  -2.3882e+02
   2.1702e+02  -1.2245e+02  -2.1054e+02
   1.7012e+02  -1.7667e+02  -1.8124e+02
   1.1200e+02  -2.1861e+02  -1.5106e+02
   4.5756e+01  -2.4603e+02  -1.2016e+02
  -2.5077e+01  -2.5748e+02  -8.8684e+01
  -9.6729e+01  -2.5230e+02  -5.6779e+01
  -1.6538e+02  -2.3077e+02  -2.4600e+01
  -2.2738e+02  -1.9398e+02   7.6969e+00
  -2.7942e+02  -1.4387e+02   3.9957e+01
  -3.1872e+02  -8.3062e+01   7.2025e+01
  -3.4316e+02  -1.4742e+01   1.0375e+02
  -3.5144e+02   5.7501e+01   1.3497e+02
  -3.4307e+02   1.2987e+02   1.6554e+02
  -3.1846e+02   1.9856e+02   1.9531e+02
  -2.7888e+02   2.5998e+02   2.2415e+02
  -2.2640e+02   3.1088e+02   2.5191e+02
  -1.6374e+02   3.4860e+02   2.7845e+02
  -9.4180e+01   3.7118e+02   3.0365e+02
  -2.1362e+01   3.7743e+02   3.2739e+02
   5.0903e+01   3.6704e+02   3.4956e+02
   1.1883e+02   3.4058e+02   3.7004e+02
   1.7888e+02   2.9946e+02   3.8874e+02
   2.2789e+02   2.4588e+02   4.0557e+02
   2.6334e+02   1.8267e+02   4.2045e+02
   2.8336e+02   1.1319e+02   4.3330e+02
   2.8696e+02   4.1132e+01   4.4407e+02
   2.7396e+02  -2.9690e+01   4.5270e+02
   2.4509e+02  -9.5520e+01   4.5915e+02
   2.0192e+02  -1.5286e+02   4.6340e+02
   1.4675e+02  -1.9868e+02   4.6541e+02
   8.2542e+01  -2.3054e+02   4.6518e+02
   1.2720e+01  -2.4674e+02   4.6271e+02
  -5.8992e+01  -2.4642e+02   4.5801e+02
  -1.2877e+02  -2.2958e+02   4.5111e+02
  -1.9289e+02  -1.9710e+02   4.4204e+02
  -2.4794e+02  -1.5067e+02   4.3084e+02
  -2.9096e+02  -9.2749e+01   4.1756e+02
  -3.1964e+02  -2.6377e+01   4.0228e+02
  -3.3245e+02   4.4951e+01   3.8506e+02
  -3.2865e+02   1.1748e+02   3.6598e+02
  -3.0843e+02   1.8738e+02   3.4515e+02
  -2.7279e+02   2.5098e+02   3.2265e+02
  -2.2360e+02   3.0493e+02   2.9860e+02
  -1.6341e+02   3.4638e+02   2.7311e+02
  -9.5357e+01   3.7316e+02   2.4631e+02
  -2.3005e+01   3.8385e+02   2.1832e+02
   4.9866e+01   3.7790e+02   1.8928e+02
   1.1944e+02   3.5564e+02   1.5933e+02
   1.8210e+02   3.1824e+02   1.2861e+02
   2.3455e+02   2.6769e+02   9.7278e+01
   2.7407e+02   2.0666e+02   6.5473e+01
   2.9861e+02   1.3838e+02   3.3353e+01
   3.0691e+02   6.6459e+01   1.0727e+00
   2.9857e+02  -5.2949e+00  -3.1213e+01
   2.7408e+02  -7.3090e+01  -6.3348e+01
   2.3476e+02  -1.3334e+02  -9.5178e+01
   1.8273e+02  -1.8287e+02  -1.2655e+02
   1.2077e+02  -2.1904e+02  -1.5731e+02
   5.2197e+01  -2.3996e+02  -1.8732e+02
  -1.9329e+01  -2.4451e+02  -2.1642e+02
  -8.9992e+01  -2.3244e+02  -2.4449e+02
  -1.5602e+02  -2.0441e+02  -2.7137e+02
  -2.1390e+02  -1.6188e+02  -2.9695e+02
  -2.6051e+02  -1.0710e+02  -3.2110e+02
  -2.9338e+02  -4.2969e+01  -3.4370e+02
  -3.1071e+02   2.7133e+01  -3.6465e+02
  -3.1156e+02   9.9501e+01  -3.8385e+02
  -2.9585e+02   1.7031e+02  -4.0119e+02
  -2.6436e+02   2.3582e+02  -4.1661e+02
  -2.1872e+02   2.9258e+02  -4.3002e+02
  -1.6130e+02   3.3757e+02  -4.4136e+02
  -9.5093e+01   3.6842e+02  -4.5057e+02
  -2.3561e+01   3.8350e+02  -4.5762e+02
   4.9559e+01   3.8202e+02  -4.6246e+02
   1.2044e+02   3.6403e+02  -4.6508e+02
   1.8539e+02   3.3050e+02  -4.6546e+02
   2.4100e+02   2.8318e+02  -4.6360e+02
   2.8438e+02   2.2457e+02  -4.5950e+02
   3.1327e+02   1.5777e+02  -4.5320e+02
   3.2620e+02   8.6281e+01  -4.4471e+02
   3.2251e+02   1.3888e+01  -4.3408e+02
   3.0243e+02  -5.5596e+01  -4.2137e+02
   2.6707e+02  -1.1851e+02  -4.0662e+02
   2.1833e+02  -1.7154e+02  -3.8992e+02
   1.5883e+02  -2.1188e+02  -3.7134e+02
   9.1737e+01  -2.3743e+02  -3.5097e+02
   2.0640e+01  -2.4683e+02  -3.2891e+02
  -5.0670e+01  -2.3960e+02  -3.0527e+02
  -1.1839e+02  -2.1614e+02  -2.8017e+02
  -1.7891e+02  -1.7768e+02  -2.5371e+02
  -2.2898e+02  -1.2627e+02  -2.2603e+02
  -2.6594e+02  -6.4645e+01  -1.9726e+02
  -2.8779e+02   3.9411e+00  -1.6754e+02
  -2.9334e+02   7.5851e+01  -1.3702e+02
  -2.8226e+02   1.4727e+02  -1.0584e+02
  -2.5509e+02   2.1443e+02  -7.4144e+01
  -2.1325e+02   2.7375e+02  -4.2094e+01
  -1.5889e+02   3.2210e+02  -9.8420e+00
  -9.4865e+01   3.5691e+02   2.2458e+01
  -2.4506e+01   3.7632e+02   5.4649e+01
   4.8504e+01   3.7931e+02   8.6577e+01
   1.2034e+02   3.6568e+02   1.1809e+02
   1.8725e+02   3.3616e+02   1.4903e+02
   2.4574e+02   2.9228e+02   1.7926e+02
   2.9274e+02   2.3635e+02   2.0862e+02
   3.2582e+02   1.7130e+02   2.3698e+02
   3.4326e+02   1.0055e+02   2.6420e+02
   3.4417e+02   2.7830e+01   2.9014e+02
   3.2854e+02  -4.3044e+01   3.1469e+02
   2.9724e+02  -1.0835e+02   3.3773e+02
   2.5195e+02  -1.6464e+02   3.5914e+02
   1.9509e+02  -2.0898e+02   3.7882e+02
   1.2970e+02  -2.3904e+02   3.9667e+02
   5.9274e+01  -2.5324e+02   4.1262e+02
  -1.2440e+01  -2.5086e+02   4.2658e+02
  -8.1619e+01  -2.3205e+02   4.3849e+02
  -1.4458e+02  -1.9781e+02   4.4829e+02
  -1.9796e+02  -1.4997e+02   4.5592e+02
  -2.3891e+02  -9.1091e+01   4.6137e+02
  -2.6523e+02  -2.4291e+01   4.6459e+02
  -2.7551e+02   4.6878e+01   4.6558e+02
  -2.6916e+02   1.1863e+02   4.6432e+02
  -2.4649e+02   1.8717e+02   4.6084e+02
  -2.0867e+02   2.4884e+02   4.5513e+02
  -1.5766e+02   3.0036e+02   4.4723e+02
  -9.6119e+01   3.3900e+02   4.3718e+02
  -2.7276e+01   3.6268e+02   4.2502e+02
   4.5268e+01   3.7014e+02   4.1082e+02
   1.1771e+02   3.6095e+02   3.9464e+02
   1.8626e+02   3.3558e+02   3.7656e+02
   2.4733e+02   2.9535e+02   3.5667e+02
   2.9771e+02   2.4234e+02   3.3506e+02
   3.3478e+02   1.7935e+02   3.1184e+02
   3.5661e+02   1.0966e+02   2.8712e+02
   3.6207e+02   3.6937e+01   2.6101e+02
   3.5091e+02  -3.5008e+01   2.3365e+02
   3.2374e+02  -1.0240e+02   2.0517e+02
   2.8203e+02  -1.6171e+02   1.7570e+02
   2.2801e+02  -2.0983e+02   1.4538e+02
   1.6455e+02  -2.4424e+02   1.1436e+02
   9.5038e+01  -2.6316e+02   8.2788e+01
   2.3172e+01  -2.6561e+02   5.0820e+01
  -4.7227e+01  -2.5150e+02   1.8608e+01
  -1.1242e+02  -2.2159e+02  -1.3694e+01
  -1.6892e+02  -1.7750e+02  -4.5930e+01
  -2.1374e+02  -1.2158e+02  -7.7945e+01
  -2.4448e+02  -5.6811e+01  -1.0959e+02
  -2.5948e+02   1.3351e+01  -1.4070e+02
  -2.5794e+02   8.5174e+01  -1.7113e+02
  -2.3990e+02   1.5483e+02  -2.0074e+02
  -2.0630e+02   2.1862e+02  -2.2939e+02
  -1.5889e+02   2.7314e+02  -2.5693e+02
  -1.0015e+02   3.1548e+02  -2.8323e+02
  -3.3149e+01   3.4337e+02  -3.0817e+02
   3.8585e+01   3.5530e+02  -3.3163e+02
   1.1129e+02   3.5063e+02  -3.5349e+02
   1.8115e+02   3.2955e+02  -3.7365e+02
   2.4450e+02   2.9316e+02  -3.9201e+02
   2.9801e+02   2.4334e+02  -4.0848e+02
   3.3887e+02   1.8270e+02  -4.2299e+02
   3.6496e+02   1.1439e+02  -4.3546e+02
   3.7491e+02   4.2007e+01  -4.4584e+02
   3.6822e+02  -3.0672e+01  -4.5407e+02
   3.4526e+02  -9.9839e+01  -4.6011e+02
   3.0727e+02  -1.6187e+02  -4.6394e+02
   2.5626e+02  -2.1353e+02  -4.6553e+02
   1.9496e+02  -2.5212e+02  -4.6489e+02
   1.2662e+02  -2.7564e+02  -4.6200e+02
   5.4859e+01  -2.8287e+02  -4.5690e+02
  -1.6505e+01  -2.7348e+02  -4.4959e+02
  -8.3688e+01  -2.4799e+02  -4.4012e+02
  -1.4312e+02  -2.0778e+02  -4.2853e+02
  -1.9166e+02  -1.5501e+02  -4.1487e+02
  -2.2671e+02  -9.2501e+01  -3.9922e+02
  -2.4642e+02  -2.3595e+01  -3.8165e+02
  -2.4972e+02   4.8037e+01  -3.6224e+02
  -2.3643e+02   1.1858e+02  -3.4109e+02
  -2.0722e+02   1.8426e+02  -3.1830e+02
  -1.6364e+02   2.4159e+02  -2.9397e+02
  -1.0797e+02   2.8749e+02  -2.6823e+02
  -4.3132e+01   3.1951e+02  -2.4120e+02
   2.7461e+01   3.3593e+02  -2.1300e+02
   1.0009e+02   3.3582e+02  -1.8379e+02
   1.7094e+02   3.1918e+02  -1.5368e+02
   2.3628e+02   2.8683e+02  -1.2284e+02
   2.9266e+02   2.4045e+02  -9.1403e+01
   3.3712e+02   1.8245e+02  -5.9528e+01
   3.6733e+02   1.1586e+02  -2.7367e+01
   3.8170e+02   4.4161e+01   4.9262e+00
   3.7948e+02  -2.8903e+01   3.7196e+01
   3.6080e+02  -9.9508e+01   6.9286e+01
   3.2665e+02  -1.6396e+02   1.0104e+02
   2.7885e+02  -2.1890e+02   1.3231e+02
   2.1993e+02  -2.6146e+02   1.6295e+02
   1.5301e+02  -2.8942e+02   1.9280e+02
   8.1634e+01  -3.0136e+02   2.2172e+02
   9.5781e+00  -2.9668e+02   2.4957e+02
  -5.9344e+01  -2.7565e+02   2.7622e+02
  -1.2149e+02  -2.3944e+02   3.0155e+02
  -1.7356e+02  -1.9000e+02   3.2542e+02
  -2.1281e+02  -1.2996e+02   3.4772e+02
  -2.3716e+02  -6.2547e+01   3.6835e+02
  -2.4531e+02   8.6469e+00   3.8721e+02
  -2.3684e+02   7.9823e+01   4.0420e+02
  -2.1217e+02   1.4718e+02   4.1925e+02
  -1.7262e+02   2.0713e+02   4.3228e+02
  -1.2027e+02   2.5646e+02   4.4323e+02
  -5.7880e+01   2.9254e+02   4.5205e+02
   1.1260e+01   3.1340e+02   4.5869e+02
   8.3499e+01   3.1793e+02   4.6312e+02
   1.5502e+02   3.0583e+02   4.6532e+02
   2.2206e+02   2.7771e+02   4.6528e+02
   2.8106e+02   2.3501e+02   4.6301e+02
   3.2892e+02   1.7996e+02   4.5850e+02
   3.6311e+02   1.1541e+02   4.5179e+02
   3.8182e+02   4.4750e+01   4.4290e+02
   3.8406e+02  -2.8341e+01   4.3188e+02
   3.6972e+02  -1.0004e+02   4.1878e+02
   3.3955e+02  -1.6659e+02   4.0367e+02
   2.9514e+02  -2.2452e+02   3.8661e+02
   2.3884e+02  -2.7082e+02   3.6769e+02
   1.7361e+02  -3.0306e+02   3.4700e+02
   1.0290e+02  -3.1960e+02   3.2464e+02
   3.0443e+01  -3.1959e+02   3.0072e+02
  -3.9941e+01  -3.0307e+02   2.7535e+02
  -1.0454e+02  -2.7096e+02   2.4866e+02
  -1.5995e+02  -2.2498e+02   2.2076e+02
  -2.0324e+02  -1.6761e+02   1.9181e+02
  -2.3213e+02  -1.0192e+02   1.6193e+02
  -2.4511e+02  -3.1402e+01   1.3127e+02
  -2.4149e+02   4.0169e+01   9.9986e+01
  -2.2148e+02   1.0898e+02   6.8215e+01
  -1.8613e+02   1.7135e+02   3.6116e+01
  -1.3732e+02   2.2396e+02   3.8437e+00
  -7.7639e+01   2.6399e+02  -2.8447e+01
  -1.0242e+01   2.8929e+02  -6.0602e+01
   6.1301e+01   2.9847e+02  -9.2464e+01
   1.3320e+02   2.9103e+02  -1.2388e+02
   2.0166e+02   2.6731e+02  -1.5470e+02
   2.6304e+02   2.2853e+02  -1.8478e+02
   3.1409e+02   1.7670e+02  -2.1397e+02
   3.5212e+02   1.1452e+02  -2.4212e+02
   3.7509e+02   4.5242e+01  -2.6911e+02
   3.8179e+02  -2.7517e+01  -2.9481e+02
   3.7185e+02  -9.9950e+01  -3.1909e+02
   3.4578e+02  -1.6827e+02  -3.4183e+02
   3.0495e+02  -2.2890e+02  -3.6292e+02
   2.5150e+02  -2.7868e+02  -3.8227e+02
   1.8824e+02  -3.1502e+02  -3.9978e+02
   1.1850e+02  -3.3603e+02  -4.1536e+02
   4.5945e+01  -3.4064e+02  -4.2895e+02
  -2.5604e+01  -3.2864e+02  -4.4047e+02
  -9.2384e+01  -3.0070e+02  -4.4987e+02
  -1.5088e+02  -2.5834e+02  -4.5710e+02
  -1.9802e+02  -2.0382e+02  -4.6214e+02
  -2.3134e+02  -1.4006e+02  -4.6494e+02
  -2.4908e+02  -7.0464e+01  -4.6552e+02
  -2.5033e+02   1.2594e+00  -4.6385e+02
  -2.3503e+02   7.1286e+01  -4.5994e+02
  -2.0402e+02   1.3588e+02  -4.5383e+02
  -1.5895e+02   1.9161e+02  -4.4552e+02
  -1.0221e+02   2.3548e+02  -4.3508e+02
  -3.6830e+01   2.6514e+02  -4.2254e+02
   3.3731e+01   2.7900e+02  -4.0796e+02
   1.0572e+02   2.7630e+02  -3.9143e+02
   1.7532e+02   2.5713e+02  -3.7300e+02
   2.3884e+02   2.2248e+02  -3.5279e+02
   2.9289e+02   1.7415e+02  -3.3087e+02
   3.3461e+02   1.1465e+02  -3.0736e+02
   3.6177e+02   4.7097e+01  -2.8237e+02
   3.7292e+02  -2.4975e+01  -2.5603e+02
   3.6743e+02  -9.7792e+01  -2.2845e+02
   3.4560e+02  -1.6754e+02  -1.9977e+02
   3.0853e+02  -2.3057e+02  -1.7013e+02
   2.5817e+02  -2.8358e+02  -1.3967e+02
   1.9716e+02  -3.2381e+02  -1.0853e+02
   1.2870e+02  -3.4915e+02  -7.6878e+01
   5.6372e+01  -3.5831e+02  -4.4853e+01
  -1.6022e+01  -3.5083e+02  -1.2612e+01
  -8.4683e+01  -3.2713e+02   1.9689e+01
  -1.4601e+02  -2.8850e+02   5.1896e+01
  -1.9679e+02  -2.3701e+02   8.3853e+01
  -2.3436e+02  -1.7540e+02   1.1541e+02
  -2.5676e+02  -1.0696e+02   1.4640e+02
  -2.6285e+02  -3.5336e+01   1.7670e+02
  -2.5231e+02   3.5666e+01   2.0614e+02
  -2.2574e+02   1.0227e+02   2.3459e+02
  -1.8457e+02   1.6092e+02   2.6191e+02
  -1.3099e+02   2.0849e+02   2.8797e+02
  -6.7860e+01   2.4246e+02   3.1264e+02
   1.4527e+00   2.6099e+02   3.3581e+02
   7.3263e+01   2.6308e+02   3.5737e+02
   1.4375e+02   2.4859e+02   3.7720e+02
   2.0917e+02   2.1826e+02   3.9522e+02
   2.6602e+02   1.7367e+02   4.1133e+02
   3.1129e+02   1.1715e+02   4.2546e+02
   3.4255e+02   5.1646e+01   4.3755e+02
   3.5812e+02  -1.9393e+01   4.4753e+02
   3.5715e+02  -9.2246e+01   4.5535e+02
   3.3967e+02  -1.6309e+02   4.6099e+02
   3.0655e+02  -2.2821e+02   4.6440e+02
   2.5953e+02  -2.8418e+02   4.6558e+02
   2.0106e+02  -3.2808e+02   4.6452e+02
   1.3419e+02  -3.5761e+02   4.6122e+02
   6.2422e+01  -3.7124e+02   4.5570e+02
  -1.0482e+01  -3.6826e+02   4.4799e+02
  -8.0704e+01  -3.4886e+02   4.3812e+02
  -1.4457e+02  -3.1408e+02   4.2615e+02
  -1.9873e+02  -2.6579e+02   4.1212e+02
  -2.4037e+02  -2.0655e+02   3.9611e+02
  -2.6731e+02  -1.3951e+02   3.7819e+02
  -2.7816e+02  -6.8241e+01   3.5845e+02
  -2.7240e+02   3.4809e+00   3.3698e+02
  -2.5034e+02   7.1845e+01   3.1389e+02
  -2.1319e+02   1.3322e+02   2.8930e+02
  -1.6296e+02   1.8435e+02   2.6330e+02
  -1.0231e+02   2.2251e+02   2.3605e+02
  -3.4494e+01   2.4567e+02   2.0765e+02
   3.6877e+01   2.5258e+02   1.7826e+02
   1.0800e+02   2.4287e+02   1.4801e+02
   1.7508e+02   2.1703e+02   1.1704e+02
   2.3454e+02   1.7640e+02   8.5513e+01
   2.8321e+02   1.2312e+02   5.3574e+01
   3.1849e+02   5.9981e+01   2.1376e+01
   3.3846e+02  -9.6952e+00  -1.0924e+01
   3.4205e+02  -8.2246e+01  -4.3172e+01
   3.2903e+02  -1.5385e+02  -7.5212e+01
   3.0005e+02  -2.2075e+02  -1.0689e+02
   2.5661e+02  -2.7943e+02  -1.3805e+02
   2.0096e+02  -3.2679e+02  -1.6855e+02
   1.3600e+02  -3.6035e+02  -1.9824e+02
   6.5139e+01  -3.7835e+02  -2.2697e+02
  -7.9264e+00  -3.7986e+02  -2.5461e+02
  -7.9372e+01  -3.6480e+02  -2.8103e+02
  -1.4546e+02  -3.3399e+02  -3.0609e+02
  -2.0274e+02  -2.8907e+02  -3.2968e+02
  -2.4822e+02  -2.3241e+02  -3.5168e+02
  -2.7954e+02  -1.6702e+02  -3.7199e+02
  -2.9508e+02  -9.6374e+01  -3.9051e+02
  -2.9405e+02  -2.4202e+01  -4.0715e+02
  -2.7655e+02   4.5670e+01  -4.2183e+02
  -2.4354e+02   1.0954e+02  -4.3447e+02
  -1.9681e+02   1.6403e+02  -4.4503e+02
  -1.3885e+02   2.0626e+02  -4.5345e+02
  -7.2760e+01   2.3397e+02  -4.5968e+02
  -2.0787e+00   2.4571e+02  -4.6370e+02
   6.9429e+01   2.4084e+02  -4.6548e+02
   1.3795e+02   2.1961e+02  -4.6503e+02
   1.9982e+02   1.8314e+02  -4.6234e+02
   2.5174e+02   1.3335e+02  -4.5742e+02
   2.9093e+02   7.2861e+01  -4.5030e+02
   3.1528e+02   4.8603e+00  -4.4101e+02
   3.2346e+02  -6.7064e+01  -4.2960e+02
   3.1501e+02  -1.3912e+02  -4.1612e+02
   2.9034e+02  -2.0750e+02  -4.0064e+02
   2.5070e+02  -2.6861e+02  -3.8323e+02
   1.9815e+02  -3.1921e+02  -3.6398e+02
   1.3544e+02  -3.5664e+02  -3.4297e+02
   6.5824e+01  -3.7893e+02  -3.2031e+02
  -7.0477e+00  -3.8490e+02  -2.9612e+02
  -7.9368e+01  -3.7423e+02  -2.7049e+02
  -1.4736e+02  -3.4750e+02  -2.4356e+02
  -2.0746e+02  -3.0611e+02  -2.1546e+02
  -2.5654e+02  -2.5226e+02  -1.8633e+02
  -2.9205e+02  -1.8878e+02  -1.5629e+02
  -3.1215e+02  -1.1903e+02  -1.2551e+02
  -3.1582e+02  -4.6694e+01  -9.4118e+01
  -3.0290e+02   2.4410e+01  -6.2275e+01
  -2.7411e+02   9.0527e+01  -3.0133e+01
  -2.3102e+02   1.4817e+02   2.1552e+00
  -1.7593e+02   1.9429e+02   3.4433e+01
  -1.1180e+02   2.2646e+02   6.6544e+01
  -4.2043e+01   2.4298e+02   9.8336e+01
   2.9607e+01   2.4298e+02   1.2965e+02
   9.9332e+01   2.2647e+02   1.6035e+02
   1.6341e+02   1.9432e+02   1.9027e+02
   2.1842e+02   1.4823e+02   2.1928e+02
   2.6141e+02   9.0646e+01   2.4723e+02
   2.9009e+02   2.4612e+01   2.7399e+02
   3.0289e+02  -4.6380e+01   2.9943e+02
   2.9910e+02  -1.1857e+02   3.2343e+02
   2.7888e+02  -1.8815e+02   3.4587e+02
   2.4327e+02  -2.5143e+02   3.6665e+02
   1.9410e+02  -3.0506e+02   3.8566e+02
   1.3394e+02  -3.4620e+02   4.0282e+02
   6.5924e+01  -3.7268e+02   4.1804e+02
  -6.3954e+00  -3.8308e+02   4.3125e+02
  -7.9234e+01  -3.7685e+02   4.4238e+02
  -1.4878e+02  -3.5430e+02   4.5138e+02
  -2.1141e+02  -3.1662e+02   4.5820e+02
  -2.6383e+02  -2.6579e+02   4.6283e+02
  -3.0333e+02  -2.0448e+02   4.6522e+02
  -3.2786e+02  -1.3593e+02   4.6537e+02
  -3.3615e+02  -6.3729e+01   4.6329e+02
  -3.2780e+02   8.3088e+00   4.5897e+02
  -3.0330e+02   7.6393e+01   4.5245e+02
  -2.6397e+02   1.3694e+02   4.4375e+02
  -2.1193e+02   1.8676e+02   4.3291e+02
  -1.4996e+02   2.2325e+02   4.1998e+02
  -8.1371e+01   2.4448e+02   4.0504e+02
  -9.8211e+00   2.4935e+02   3.8815e+02
   6.0874e+01   2.3761e+02   3.6938e+02
   1.2695e+02   2.0991e+02   3.4884e+02
   1.8487e+02   1.6771e+02   3.2662e+02
   2.3155e+02   1.1327e+02   3.0283e+02
   2.6448e+02   4.9464e+01   2.7758e+02
   2.8189e+02  -2.0309e+01   2.5099e+02
   2.8284e+02  -9.2352e+01   2.2320e+02
   2.6722e+02  -1.6284e+02   1.9433e+02
   2.3583e+02  -2.2804e+02   1.6453e+02
   1.9031e+02  -2.8449e+02   1.3393e+02
   1.3300e+02  -3.2918e+02   1.0269e+02
   6.6915e+01  -3.5975e+02   7.0955e+01
  -4.4978e+00  -3.7455e+02   3.8878e+01
  -7.7498e+01  -3.7278e+02   6.6145e+00
  -1.4827e+02  -3.5453e+02  -2.5681e+01
  -2.1309e+02  -3.2073e+02  -5.7853e+01
  -2.6859e+02  -2.7316e+02  -8.9747e+01
  -3.1187e+02  -2.1429e+02  -1.2121e+02
  -3.4066e+02  -1.4722e+02  -1.5209e+02
  -3.5349e+02  -7.5480e+01  -1.8223e+02
  -3.4970e+02  -2.8257e+00  -2.1150e+02
  -3.2953e+02   6.6924e+01  -2.3975e+02
  -2.9408e+02   1.3011e+02  -2.6685e+02
  -2.4525e+02   1.8341e+02  -2.9266e+02
  -1.8565e+02   2.2404e+02  -3.1706e+02
  -1.1846e+02   2.4987e+02  -3.3994e+02
  -4.7254e+01   2.5957e+02  -3.6118e+02
   2.4169e+01   2.5264e+02  -3.8068e+02
   9.2009e+01   2.2947e+02  -3.9835e+02
   1.5265e+02   1.9132e+02  -4.1411e+02
   2.0287e+02   1.4021e+02  -4.2786e+02
   2.3998e+02   7.8887e+01  -4.3956e+02
   2.6198e+02   1.0600e+01  -4.4915e+02
   2.6770e+02  -6.1015e+01  -4.5657e+02
   2.5680e+02  -1.3215e+02  -4.6179e+02
   2.2982e+02  -1.9902e+02  -4.6479e+02
   1.8817e+02  -2.5807e+02  -4.6555e+02
   1.3401e+02  -3.0616e+02  -4.6408e+02
   7.0175e+01  -3.4071e+02  -4.6036e+02
   1.4760e-02  -3.5988e+02  -4.5444e+02
  -7.2796e+01  -3.6262e+02  -4.4632e+02
  -1.4444e+02  -3.4877e+02  -4.3606e+02
  -2.1116e+02  -3.1902e+02  -4.2369e+02
  -2.6945e+02  -2.7492e+02  -4.0929e+02
  -3.1627e+02  -2.1877e+02  -3.9292e+02
  -3.4917e+02  -1.5350e+02  -3.7466e+02
  -3.6643e+02  -8.2541e+01  -3.5459e+02
  -3.6717e+02  -9.6027e+00  -3.3281e+02
  -3.5138e+02   6.1492e+01  -3.0944e+02
  -3.1990e+02   1.2702e+02  -2.8457e+02
  -2.7444e+02   1.8354e+02  -2.5834e+02
  -2.1741e+02   2.2811e+02  -2.3086e+02
  -1.5186e+02   2.5841e+02  -2.0227e+02
  -8.1252e+01   2.7285e+02  -1.7270e+02
  -9.3560e+00   2.7072e+02  -1.4231e+02
   6.0014e+01   2.5216e+02  -1.1123e+02
   1.2317e+02   2.1817e+02  -7.9609e+01
   1.7676e+02   1.7059e+02  -4.7610e+01
   2.1793e+02   1.1196e+02  -1.5382e+01
   2.4448e+02   4.5403e+01   1.6920e+01
   2.5499e+02  -2.5523e+01   4.9141e+01
   2.4888e+02  -9.7044e+01   8.1126e+01
   2.2646e+02  -1.6535e+02   1.1272e+02
   1.8890e+02  -2.2680e+02   1.4377e+02
   1.3815e+02  -2.7811e+02   1.7413e+02
   7.6874e+01  -3.1655e+02   2.0365e+02
   8.2958e+00  -3.4004e+02   2.3219e+02
  -6.3985e+01  -3.4732e+02   2.5962e+02
  -1.3617e+02  -3.3796e+02   2.8579e+02
  -2.0446e+02  -3.1242e+02   3.1059e+02
  -2.6527e+02  -2.7202e+02   3.3389e+02
  -3.1540e+02  -2.1886e+02   3.5558e+02
  -3.5223e+02  -1.5571e+02   3.7557e+02
  -3.7382e+02  -8.5870e+01   3.9374e+02
  -3.7905e+02  -1.2993e+01   4.1002e+02
  -3.6766e+02   5.9107e+01   4.2433e+02
  -3.4026e+02   1.2666e+02   4.3659e+02
  -2.9833e+02   1.8613e+02   4.4676e+02
  -2.4407e+02   2.3441e+02   4.5477e+02
  -1.8039e+02   2.6900e+02   4.6059e+02
  -1.1065e+02   2.8809e+02   4.6420e+02
  -3.8544e+01   2.9072e+02   4.6557e+02
   3.2099e+01   2.7679e+02   4.6470e+02
   9.7538e+01   2.4707e+02   4.6159e+02
   1.5430e+02   2.0316e+02   4.5626e+02
   1.9939e+02   1.4742e+02   4.4874e+02
   2.3040e+02   8.2827e+01   4.3905e+02
   2.4569e+02   1.2838e+01   4.2725e+02
   2.4444e+02  -5.8819e+01   4.1340e+02
   2.2670e+02  -1.2832e+02   3.9755e+02
   1.9341e+02  -1.9196e+02   3.7980e+02
   1.4630e+02  -2.4634e+02   3.6021e+02
   8.7870e+01  -2.8854e+02   3.3889e+02
   2.1185e+01  -3.1631e+02   3.1593e+02
  -5.0239e+01  -3.2814e+02   2.9146e+02
  -1.2264e+02  -3.2336e+02   2.6559e+02
  -1.9219e+02  -3.0219e+02   2.3843e+02
  -2.5524e+02  -2.6571e+02   2.1013e+02
  -3.0846e+02  -2.1581e+02   1.8081e+02
  -3.4904e+02  -1.5509e+02   1.5063e+02
  -3.7484e+02  -8.6710e+01   1.1972e+02
  -3.8452e+02  -1.4248e+01   8.8236e+01
  -3.7756e+02   5.8508e+01   5.6325e+01
  -3.5433e+02   1.2775e+02   2.4144e+01
  -3.1607e+02   1.8987e+02  -8.1538e+00
  -2.6480e+02   2.4161e+02  -4.0412e+01
  -2.0323e+02   2.8029e+02  -7.2476e+01
  -1.3462e+02   3.0390e+02  -1.0419e+02
  -6.2596e+01   3.1124e+02  -1.3540e+02
   9.0426e+00   3.0194e+02  -1.6597e+02
   7.6507e+01   2.7655e+02  -1.9573e+02
   1.3623e+02   2.3644e+02  -2.2455e+02
   1.8507e+02   1.8377e+02  -2.5229e+02
   2.2042e+02   1.2136e+02  -2.7881e+02
   2.4044e+02   5.2551e+01  -3.0400e+02
   2.4406e+02  -1.8996e+01  -3.2772e+02
   2.3109e+02  -8.9457e+01  -3.4986e+02
   2.0222e+02  -1.5507e+02  -3.7032e+02
   1.5897e+02  -2.1234e+02  -3.8899e+02
   1.0364e+02  -2.5820e+02  -4.0580e+02
   3.9134e+01  -2.9018e+02  -4.2065e+02
  -3.1125e+01  -3.0656e+02  -4.3347e+02
  -1.0343e+02  -3.0644e+02  -4.4421e+02
  -1.7395e+02  -2.8978e+02  -4.5281e+02
  -2.3896e+02  -2.5743e+02  -4.5923e+02
  -2.9503e+02  -2.1105e+02  -4.6344e+02
  -3.3918e+02  -1.5306e+02  -4.6542e+02
  -3.6909e+02  -8.6480e+01  -4.6516e+02
  -3.8316e+02  -1.4789e+01  -4.6266e+02
  -3.8065e+02   5.8264e+01  -4.5793e+02
  -3.6169e+02   1.2886e+02  -4.5100e+02
  -3.2726e+02   1.9331e+02  -4.4189e+02
  -2.7918e+02   2.4825e+02  -4.3066e+02
  -2.1998e+02   2.9080e+02  -4.1736e+02
  -1.5279e+02   3.1878e+02  -4.0205e+02
  -8.1131e+01   3.3072e+02  -3.8480e+02
  -8.7914e+00   3.2605e+02  -3.6570e+02
   6.0420e+01   3.0504e+02  -3.4484e+02
   1.2286e+02   2.6885e+02  -3.2232e+02
   1.7523e+02   2.1942e+02  -2.9825e+02
   2.1479e+02   1.5939e+02  -2.7274e+02
   2.3946e+02   9.1983e+01  -2.4592e+02
   2.4793e+02   2.0789e+01  -2.1792e+02
   2.3978e+02  -5.0394e+01  -1.8886e+02
   2.1545e+02  -1.1777e+02  -1.5890e+02
   1.7624e+02  -1.7774e+02  -1.2817e+02
   1.2422e+02  -2.2711e+02  -9.6831e+01
   6.2168e+01  -2.6323e+02  -6.5020e+01
  -6.6377e+00  -2.8415e+02  -3.2897e+01
  -7.8546e+01  -2.8874e+02  -6.1574e-01
  -1.4974e+02  -2.7672e+02   3.1669e+01
  -2.1646e+02  -2.4868e+02   6.3801e+01
  -2.7515e+02  -2.0607e+02   9.5626e+01
  -3.2271e+02  -1.5111e+02   1.2699e+02
  -3.5660e+02  -8.6663e+01   1.5774e+02
  -3.7502e+02  -1.6096e+01   1.8774e+02
  -3.7698e+02   5.6897e+01   2.1683e+02
  -3.6236e+02   1.2850e+02   2.4487e+02
  -3.3192e+02   1.9496e+02   2.7174e+02
  -2.8724e+02   2.5280e+02   2.9730e+02
  -2.3067e+02   2.9901e+02   3.2143e+02
  -1.6518e+02   3.3117e+02   3.4401e+02
  -9.4204e+01   3.4763e+02   3.6494e+02
  -2.1478e+01   3.4754e+02   3.8411e+02
   4.9180e+01   3.3095e+02   4.0143e+02
   1.1406e+02   2.9877e+02   4.1681e+02
   1.6974e+02   2.5272e+02   4.3019e+02
   2.1332e+02   1.9528e+02   4.4150e+02
   2.4251e+02   1.2951e+02   4.5069e+02
   2.5579e+02   5.8909e+01   4.5770e+02
   2.5248e+02  -1.2753e+01   4.6252e+02
   2.3278e+02  -8.1661e+01   4.6510e+02
   1.9774e+02  -1.4414e+02   4.6545e+02
   1.4924e+02  -1.9687e+02   4.6356e+02
   8.9875e+01  -2.3702e+02   4.5943e+02
   2.2788e+01  -2.6245e+02   4.5309e+02
  -4.8448e+01  -2.7179e+02   4.4458e+02
  -1.2005e+02  -2.6450e+02   4.3392e+02
  -1.8821e+02  -2.4094e+02   4.2117e+02
  -2.4930e+02  -2.0233e+02   4.0640e+02
  -3.0008e+02  -1.5068e+02   3.8967e+02
  -3.3784e+02  -8.8678e+01   3.7106e+02
  -3.6055e+02  -1.9578e+01   3.5067e+02
  -3.6700e+02   5.3002e+01   3.2859e+02
  -3.5681e+02   1.2526e+02   3.0493e+02
  -3.3050e+02   1.9340e+02   2.7980e+02
  -2.8944e+02   2.5386e+02   2.5332e+02
  -2.3576e+02   3.0348e+02   2.2563e+02
  -1.7227e+02   3.3965e+02   1.9685e+02
  -1.0230e+02   3.6050e+02   1.6712e+02
  -2.9516e+01   3.6496e+02   1.3658e+02
   4.2265e+01   3.5281e+02   1.0539e+02
   1.0928e+02   3.2472e+02   7.3692e+01
   1.6802e+02   2.8221e+02   4.1639e+01
   2.1541e+02   2.2754e+02   9.3851e+00
   2.4897e+02   1.6362e+02  -2.2914e+01
   2.6697e+02   9.3869e+01  -5.5103e+01
   2.6848e+02   2.1982e+01  -8.7026e+01
   2.5345e+02  -4.8216e+01  -1.1853e+02
   2.2271e+02  -1.1299e+02  -1.4946e+02
   1.7790e+02  -1.6890e+02  -1.7968e+02
   1.2143e+02  -2.1297e+02  -2.0903e+02
   5.6311e+01  -2.4285e+02  -2.3737e+02
  -1.3991e+01  -2.5693e+02  -2.6457e+02
  -8.5730e+01  -2.5444e+02  -2.9050e+02
  -1.5509e+02  -2.3551e+02  -3.1503e+02
  -2.1836e+02  -2.0110e+02  -3.3804e+02
  -2.7219e+02  -1.5301e+02  -3.5943e+02
  -3.1369e+02  -9.3761e+01  -3.7908e+02
  -3.4064e+02  -2.6458e+01  -3.9691e+02
  -3.5158e+02   4.5366e+01  -4.1283e+02
  -3.4590e+02   1.1794e+02  -4.2676e+02
  -3.2388e+02   1.8744e+02  -4.3864e+02
  -2.8663e+02   2.5023e+02  -4.4841e+02
  -2.3610e+02   3.0300e+02  -4.5602e+02
  -1.7492e+02   3.4300e+02  -4.6143e+02
  -1.0629e+02   3.6812e+02  -4.6462e+02
  -3.3787e+01   3.7706e+02  -4.6558e+02
   3.8780e+01   3.6936e+02  -4.6429e+02
   1.0762e+02   3.4545e+02  -4.6077e+02
   1.6912e+02   3.0660e+02  -4.5503e+02
   2.2008e+02   2.5490e+02  -4.4710e+02
   2.5784e+02   1.9308e+02  -4.3702e+02
   2.8044e+02   1.2442e+02  -4.2484e+02
   2.8672e+02   5.2570e+01  -4.1061e+02
   2.7639e+02  -1.8661e+01  -3.9440e+02
   2.5002e+02  -8.5497e+01  -3.7629e+02
   2.0904e+02  -1.4439e+02  -3.5638e+02
   1.5567e+02  -1.9223e+02  -3.3475e+02
   9.2737e+01  -2.2645e+02  -3.1150e+02
   2.3618e+01  -2.4525e+02  -2.8676e+02
  -4.8005e+01  -2.4762e+02  -2.6064e+02
  -1.1831e+02  -2.3342e+02  -2.3326e+02
  -1.8355e+02  -2.0338e+02  -2.0476e+02
  -2.4025e+02  -1.5909e+02  -1.7527e+02
  -2.8536e+02  -1.0287e+02  -1.4494e+02
  -3.1648e+02  -3.7668e+01  -1.1391e+02
  -3.3192e+02   3.3071e+01  -8.2338e+01
  -3.3083e+02   1.0562e+02  -5.0366e+01
  -3.1322e+02   1.7617e+02  -1.8151e+01
  -2.8000e+02   2.4100e+02   1.4151e+01
  -2.3288e+02   2.9669e+02   4.6385e+01
  -1.7431e+02   3.4031e+02   7.8396e+01
  -1.0734e+02   3.6957e+02   1.1003e+02
  -3.5474e+01   3.8292e+02   1.4113e+02
   3.7527e+01   3.7968e+02   1.7156e+02
   1.0785e+02   3.6002e+02   2.0116e+02
   1.7181e+02   3.2499e+02   2.2979e+02
   2.2608e+02   2.7644e+02   2.5731e+02
   2.6783e+02   2.1694e+02   2.8360e+02
   2.9489e+02   1.4964e+02   3.0852e+02
   3.0586e+02   7.8110e+01   3.3195e+02
   3.0021e+02   6.1203e+00   3.5379e+02
   2.7828e+02  -6.2518e+01   3.7392e+02
   2.4126e+02  -1.2417e+02   3.9226e+02
   1.9114e+02  -1.7559e+02   4.0870e+02
   1.3062e+02  -2.1405e+02   4.2318e+02
   6.2916e+01  -2.3751e+02   4.3562e+02
  -8.3450e+00  -2.4474e+02   4.4597e+02
  -7.9364e+01  -2.3534e+02   4.5417e+02
  -1.4635e+02  -2.0983e+02   4.6018e+02
  -2.0573e+02  -1.6953e+02   4.6398e+02
  -2.5433e+02  -1.1658e+02   4.6554e+02
  -2.8954e+02  -5.3774e+01   4.6486e+02
  -3.0946e+02   1.5571e+01   4.6195e+02
  -3.1301e+02   8.7793e+01   4.5681e+02
  -2.9995e+02   1.5908e+02   4.4947e+02
  -2.7094e+02   2.2566e+02   4.3997e+02
  -2.2748e+02   2.8402e+02   4.2835e+02
  -1.7181e+02   3.3107e+02   4.1467e+02
  -1.0684e+02   3.6433e+02   3.9899e+02
  -3.5966e+01   3.8204e+02   3.8139e+02
   3.7112e+01   3.8326e+02   3.6196e+02
   1.0857e+02   3.6792e+02   3.4078e+02
   1.7468e+02   3.3683e+02   3.1796e+02
   2.3198e+02   2.9163e+02   2.9362e+02
   2.7748e+02   2.3469e+02   2.6786e+02
   3.0883e+02   1.6903e+02   2.4081e+02
   3.2440e+02   9.8102e+01   2.1260e+02
   3.2340e+02   2.5648e+01   1.8336e+02
   3.0594e+02  -4.4513e+01   1.5325e+02
   2.7297e+02  -1.0868e+02   1.2240e+02
   2.2627e+02  -1.6347e+02   9.0955e+01
   1.6834e+02  -2.0600e+02   5.9075e+01
   1.0229e+02  -2.3403e+02   2.6911e+01
   3.1631e+01  -2.4609e+02  -5.3831e+00
  -3.9859e+01  -2.4155e+02  -3.7651e+01
  -1.0837e+02  -2.2065e+02  -6.9738e+01
  -1.7024e+02  -1.8452e+02  -1.0149e+02
  -2.2217e+02  -1.3507e+02  -1.3275e+02
  -2.6138e+02  -7.4917e+01  -1.6337e+02
  -2.8576e+02  -7.2546e+00  -1.9321e+02
  -2.9399e+02   6.4335e+01  -2.2212e+02
  -2.8559e+02   1.3606e+02  -2.4996e+02
  -2.6097e+02   2.0412e+02  -2.7659e+02
  -2.2140e+02   2.6491e+02  -3.0189e+02
  -1.6892e+02   3.1520e+02  -3.2574e+02
  -1.0628e+02   3.5233e+02  -3.4803e+02
  -3.6739e+01   3.7432e+02  -3.6863e+02
   3.6057e+01   3.8000e+02  -3.8746e+02
   1.0830e+02   3.6905e+02  -4.0443e+02
   1.7622e+02   3.4204e+02  -4.1945e+02
   2.3625e+02   3.0038e+02  -4.3245e+02
   2.8527e+02   2.4626e+02  -4.4337e+02
   3.2072e+02   1.8251e+02  -4.5216e+02
   3.4077e+02   1.1249e+02  -4.5877e+02
   3.4438e+02   3.9876e+01  -4.6317e+02
   3.3141e+02  -3.1505e+01  -4.6534e+02
   3.0257e+02  -9.7905e+01  -4.6527e+02
   2.5943e+02  -1.5583e+02  -4.6296e+02
   2.0429e+02  -2.0225e+02  -4.5842e+02
   1.4010e+02  -2.3472e+02  -4.5168e+02
   7.0283e+01  -2.5155e+02  -4.4276e+02
  -1.4343e+00  -2.5186e+02  -4.3171e+02
  -7.1233e+01  -2.3566e+02  -4.1858e+02
  -1.3540e+02  -2.0383e+02  -4.0344e+02
  -1.9050e+02  -1.5807e+02  -3.8635e+02
  -2.3360e+02  -1.0081e+02  -3.6741e+02
  -2.6238e+02  -3.5091e+01  -3.4670e+02
  -2.7531e+02   3.5585e+01  -3.2431e+02
  -2.7165e+02   1.0747e+02  -3.0037e+02
  -2.5158e+02   1.7674e+02  -2.7498e+02
  -2.1611e+02   2.3972e+02  -2.4827e+02
  -1.6710e+02   2.9306e+02  -2.2036e+02
  -1.0709e+02   3.3392e+02  -1.9139e+02
  -3.9234e+01   3.6013e+02  -1.6150e+02
   3.2926e+01   3.7026e+02  -1.3084e+02
   1.0561e+02   3.6377e+02  -9.9539e+01
   1.7500e+02   3.4097e+02  -6.7763e+01
   2.3747e+02   3.0305e+02  -3.5661e+01
   2.8975e+02   2.5198e+02  -3.3867e+00
   3.2911e+02   1.9043e+02   2.8904e+01
   3.5349e+02   1.2163e+02   6.1055e+01
   3.6165e+02   4.9194e+01   9.2912e+01
   3.5317e+02  -2.3087e+01   1.2432e+02
   3.2853e+02  -9.1419e+01   1.5513e+02
   2.8907e+02  -1.5222e+02   1.8520e+02
   2.3690e+02  -2.0230e+02   2.1437e+02
   1.7480e+02  -2.3905e+02   2.4251e+02
   1.0607e+02  -2.6055e+02   2.6949e+02
   3.4375e+01  -2.6569e+02   2.9516e+02
  -3.6472e+01  -2.5423e+02   3.1942e+02
  -1.0270e+02  -2.2681e+02   3.4214e+02
  -1.6079e+02  -1.8489e+02   3.6321e+02
  -2.0765e+02  -1.3072e+02   3.8253e+02
  -2.4077e+02  -6.7201e+01   4.0001e+02
  -2.5838e+02   2.2969e+00   4.1557e+02
  -2.5953e+02   7.4070e+01   4.2913e+02
  -2.4413e+02   1.4430e+02   4.4062e+02
  -2.1297e+02   2.0924e+02   4.4999e+02
  -1.6766e+02   2.6544e+02   4.5719e+02
  -1.1059e+02   3.0990e+02   4.6219e+02
  -4.4735e+01   3.4024e+02   4.6497e+02
   2.6445e+01   3.5482e+02   4.6551e+02
   9.9214e+01   3.5284e+02   4.6381e+02
   1.6975e+02   3.3439e+02   4.5987e+02
   2.3436e+02   3.0039e+02   4.5372e+02
   2.8963e+02   2.5262e+02   4.4539e+02
   3.3269e+02   1.9357e+02   4.3492e+02
   3.6127e+02   1.2632e+02   4.2235e+02
   3.7389e+02   5.4385e+01   4.0774e+02
   3.6990e+02  -1.8459e+01   3.9118e+02
   3.4954e+02  -8.8401e+01   3.7273e+02
   3.1389e+02  -1.5178e+02   3.5249e+02
   2.6486e+02  -2.0528e+02   3.3055e+02
   2.0506e+02  -2.4612e+02   3.0702e+02
   1.3766e+02  -2.7216e+02   2.8201e+02
   6.6251e+01  -2.8207e+02   2.5564e+02
  -5.3853e+00  -2.7535e+02   2.2805e+02
  -7.3447e+01  -2.5241e+02   1.9935e+02
  -1.3432e+02  -2.1447e+02   1.6970e+02
  -1.8478e+02  -1.6359e+02   1.3923e+02
  -2.2213e+02  -1.0248e+02   1.0809e+02
  -2.4440e+02  -3.4409e+01   7.6427e+01
  -2.5038e+02   3.6998e+01   4.4398e+01
  -2.3975e+02   1.0793e+02   1.2155e+01
  -2.1305e+02   1.7461e+02  -2.0146e+01

