  -6.8713e+02   7.8985e+02   2.0113e+02
  -6.8313e+02   7.8700e+02   1.8697e+02
  -6.7988e+02   7.8414e+02   1.7259e+02
  -6.7739e+02   7.8137e+02   1.5801e+02
  -6.7564e+02   7.7877e+02   1.4323e+02
  -6.7461e+02   7.7642e+02   1.2828e+02
  -6.7427e+02   7.7442e+02   1.1318e+02
  -6.7458e+02   7.7284e+02   9.7936e+01
  -6.7548e+02   7.7177e+02   8.2578e+01
  -6.7692e+02   7.7127e+02   6.7120e+01
  -6.7882e+02   7.7140e+02   5.1582e+01
  -6.8112e+02   7.7223e+02   3.5981e+01
  -6.8373e+02   7.7380e+02   2.0338e+01
  -6.8656e+02   7.7615e+02   4.6693e+00
  -6.8952e+02   7.7931e+02  -1.1005e+01
  -6.9252e+02   7.8330e+02  -2.6665e+01
  -6.9545e+02   7.8811e+02  -4.2294e+01
  -6.9822e+02   7.9376e+02  -5.7871e+01
  -7.0073e+02   8.0021e+02  -7.3379e+01
  -7.0289e+02   8.0745e+02  -8.8799e+01
  -7.0460e+02   8.1544e+02  -1.0411e+02
  -7.0577e+02   8.2412e+02  -1.1930e+02
  -7.0632e+02   8.3344e+02  -1.3434e+02
  -7.0617e+02   8.4333e+02  -1.4922e+02
  -7.0526e+02   8.5370e+02  -1.6393e+02
  -7.0353e+02   8.6449e+02  -1.7843e+02
  -7.0092e+02   8.7558e+02  -1.9272e+02
  -6.9739e+02   8.8688e+02  -2.0678e+02
  -6.9293e+02   8.9830e+02  -2.2059e+02
  -6.8750e+02   9.0972e+02  -2.3413e+02
  -6.8112e+02   9.2103e+02  -2.4739e+02
  -6.7379e+02   9.3213e+02  -2.6036e+02
  -6.6552e+02   9.4290e+02  -2.7301e+02
  -6.5636e+02   9.5325e+02  -2.8533e+02
  -6.4634e+02   9.6307e+02  -2.9731e+02
  -6.3554e+02   9.7227e+02  -3.0893e+02
  -6.2401e+02   9.8075e+02  -3.2018e+02
  -6.1183e+02   9.8843e+02  -3.3104e+02
  -5.9910e+02   9.9524e+02  -3.4150e+02
  -5.8591e+02   1.0011e+03  -3.5156e+02
  -5.7236e+02   1.0060e+03  -3.6119e+02
  -5.5857e+02   1.0099e+03  -3.7038e+02
  -5.4465e+02   1.0127e+03  -3.7913e+02
  -5.3072e+02   1.0144e+03  -3.8743e+02
  -5.1690e+02   1.0151e+03  -3.9525e+02
  -5.0331e+02   1.0147e+03  -4.0260e+02
  -4.9006e+02   1.0133e+03  -4.0947e+02
  -4.7728e+02   1.0110e+03  -4.1584e+02
  -4.6507e+02   1.0076e+03  -4.2171e+02
  -4.5355e+02   1.0035e+03  -4.2708e+02
  -4.4279e+02   9.9851e+02  -4.3193e+02
  -4.3291e+02   9.9285e+02  -4.3626e+02
  -4.2396e+02   9.8661e+02  -4.4006e+02
  -4.1602e+02   9.7988e+02  -4.4334e+02
  -4.0914e+02   9.7278e+02  -4.4608e+02
  -4.0336e+02   9.6544e+02  -4.4829e+02
  -3.9871e+02   9.5799e+02  -4.4995e+02
  -3.9519e+02   9.5056e+02  -4.5107e+02
  -3.9281e+02   9.4327e+02  -4.5165e+02
  -3.9154e+02   9.3626e+02  -4.5169e+02
  -3.9135e+02   9.2967e+02  -4.5118e+02
  -3.9219e+02   9.2361e+02  -4.5013e+02
  -3.9400e+02   9.1821e+02  -4.4854e+02
  -3.9669e+02   9.1358e+02  -4.4641e+02
  -4.0018e+02   9.0982e+02  -4.4374e+02
  -4.0436e+02   9.0703e+02  -4.4053e+02
  -4.0912e+02   9.0529e+02  -4.3680e+02
  -4.1434e+02   9.0467e+02  -4.3254e+02
  -4.1988e+02   9.0522e+02  -4.2776e+02
  -4.2561e+02   9.0698e+02  -4.2246e+02
  -4.3138e+02   9.0998e+02  -4.1666e+02
  -4.3705e+02   9.1422e+02  -4.1035e+02
  -4.4247e+02   9.1970e+02  -4.0355e+02
  -4.4751e+02   9.2638e+02  -3.9627e+02
  -4.5200e+02   9.3422e+02  -3.8850e+02
  -4.5582e+02   9.4317e+02  -3.8027e+02
  -4.5885e+02   9.5314e+02  -3.7158e+02
  -4.6094e+02   9.6406e+02  -3.6245e+02
  -4.6200e+02   9.7580e+02  -3.5287e+02
  -4.6192e+02   9.8826e+02  -3.4288e+02
  -4.6063e+02   1.0013e+03  -3.3247e+02
  -4.5803e+02   1.0148e+03  -3.2166e+02
  -4.5409e+02   1.0286e+03  -3.1046e+02
  -4.4876e+02   1.0425e+03  -2.9889e+02
  -4.4203e+02   1.0565e+03  -2.8696e+02
  -4.3388e+02   1.0702e+03  -2.7468e+02
  -4.2435e+02   1.0836e+03  -2.6207e+02
  -4.1345e+02   1.0965e+03  -2.4915e+02
  -4.0124e+02   1.1088e+03  -2.3593e+02
  -3.8780e+02   1.1202e+03  -2.2242e+02
  -3.7322e+02   1.1308e+03  -2.0865e+02
  -3.5759e+02   1.1402e+03  -1.9462e+02
  -3.4104e+02   1.1485e+03  -1.8036e+02
  -3.2371e+02   1.1554e+03  -1.6588e+02
  -3.0573e+02   1.1610e+03  -1.5121e+02
  -2.8727e+02   1.1650e+03  -1.3635e+02
  -2.6849e+02   1.1676e+03  -1.2132e+02
  -2.4956e+02   1.1686e+03  -1.0616e+02
  -2.3066e+02   1.1681e+03  -9.0859e+01
  -2.1196e+02   1.1659e+03  -7.5452e+01
  -1.9365e+02   1.1622e+03  -5.9955e+01
  -1.7591e+02   1.1570e+03  -4.4386e+01
  -1.5889e+02   1.1504e+03  -2.8763e+01
  -1.4277e+02   1.1424e+03  -1.3106e+01
  -1.2769e+02   1.1332e+03   2.5674e+00
  -1.1381e+02   1.1228e+03   1.8237e+01
  -1.0124e+02   1.1114e+03   3.3886e+01
  -9.0098e+01   1.0992e+03   4.9493e+01
  -8.0483e+01   1.0863e+03   6.5041e+01
  -7.2470e+01   1.0729e+03   8.0510e+01
  -6.6113e+01   1.0592e+03   9.5883e+01
  -6.1447e+01   1.0454e+03   1.1114e+02
  -5.8485e+01   1.0316e+03   1.2626e+02
  -5.7216e+01   1.0181e+03   1.4123e+02
  -5.7608e+01   1.0050e+03   1.5604e+02
  -5.9607e+01   9.9263e+02   1.7065e+02
  -6.3134e+01   9.8107e+02   1.8506e+02
  -6.8091e+01   9.7053e+02   1.9924e+02
  -7.4358e+01   9.6116e+02   2.1319e+02
  -8.1798e+01   9.5313e+02   2.2688e+02
  -9.0254e+01   9.4657e+02   2.4029e+02
  -9.9554e+01   9.4159e+02   2.5342e+02
  -1.0951e+02   9.3830e+02   2.6624e+02
  -1.1993e+02   9.3678e+02   2.7874e+02
  -1.3061e+02   9.3707e+02   2.9090e+02
  -1.4133e+02   9.3922e+02   3.0272e+02
  -1.5188e+02   9.4322e+02   3.1417e+02
  -1.6203e+02   9.4905e+02   3.2524e+02
  -1.7159e+02   9.5668e+02   3.3592e+02
  -1.8032e+02   9.6604e+02   3.4620e+02
  -1.8804e+02   9.7703e+02   3.5606e+02
  -1.9455e+02   9.8954e+02   3.6549e+02
  -1.9967e+02   1.0034e+03   3.7448e+02
  -2.0324e+02   1.0185e+03   3.8302e+02
  -2.0511e+02   1.0347e+03   3.9110e+02
  -2.0516e+02   1.0517e+03   3.9871e+02
  -2.0329e+02   1.0693e+03   4.0583e+02
  -1.9941e+02   1.0874e+03   4.1247e+02
  -1.9349e+02   1.1056e+03   4.1862e+02
  -1.8548e+02   1.1238e+03   4.2425e+02
  -1.7540e+02   1.1417e+03   4.2938e+02
  -1.6326e+02   1.1591e+03   4.3399e+02
  -1.4913e+02   1.1757e+03   4.3808e+02
  -1.3309e+02   1.1913e+03   4.4164e+02
  -1.1525e+02   1.2058e+03   4.4467e+02
  -9.5741e+01   1.2187e+03   4.4717e+02
  -7.4727e+01   1.2301e+03   4.4912e+02
  -5.2390e+01   1.2397e+03   4.5054e+02
  -2.8930e+01   1.2473e+03   4.5141e+02
  -4.5672e+00   1.2529e+03   4.5174e+02
   2.0463e+01   1.2563e+03   4.5152e+02
   4.5913e+01   1.2574e+03   4.5077e+02
   7.1527e+01   1.2563e+03   4.4947e+02
   9.7043e+01   1.2528e+03   4.4762e+02
   1.2220e+02   1.2469e+03   4.4524e+02
   1.4672e+02   1.2388e+03   4.4233e+02
   1.7036e+02   1.2285e+03   4.3888e+02
   1.9286e+02   1.2161e+03   4.3490e+02
   2.1398e+02   1.2017e+03   4.3040e+02
   2.3350e+02   1.1855e+03   4.2538e+02
   2.5121e+02   1.1677e+03   4.1985e+02
   2.6692e+02   1.1484e+03   4.1381e+02
   2.8047e+02   1.1279e+03   4.0727e+02
   2.9173e+02   1.1065e+03   4.0025e+02
   3.0058e+02   1.0844e+03   3.9274e+02
   3.0695e+02   1.0619e+03   3.8476e+02
   3.1080e+02   1.0392e+03   3.7632e+02
   3.1210e+02   1.0167e+03   3.6742e+02
   3.1088e+02   9.9468e+02   3.5808e+02
   3.0720e+02   9.7338e+02   3.4831e+02
   3.0114e+02   9.5312e+02   3.3812e+02
   2.9282e+02   9.3416e+02   3.2753e+02
   2.8239e+02   9.1677e+02   3.1653e+02
   2.7004e+02   9.0118e+02   3.0516e+02
   2.5597e+02   8.8762e+02   2.9342e+02
   2.4043e+02   8.7629e+02   2.8133e+02
   2.2367e+02   8.6736e+02   2.6890e+02
   2.0597e+02   8.6096e+02   2.5615e+02
   1.8762e+02   8.5722e+02   2.4308e+02
   1.6893e+02   8.5620e+02   2.2973e+02
   1.5022e+02   8.5795e+02   2.1609e+02
   1.3182e+02   8.6246e+02   2.0220e+02
   1.1403e+02   8.6971e+02   1.8807e+02
   9.7192e+01   8.7963e+02   1.7370e+02
   8.1603e+01   8.9210e+02   1.5913e+02
   6.7563e+01   9.0699e+02   1.4437e+02
   5.5357e+01   9.2411e+02   1.2943e+02
   4.5245e+01   9.4326e+02   1.1434e+02
   3.7466e+01   9.6419e+02   9.9108e+01
   3.2230e+01   9.8664e+02   8.3758e+01
   2.9715e+01   1.0103e+03   6.8308e+01
   3.0069e+01   1.0349e+03   5.2775e+01
   3.3401e+01   1.0601e+03   3.7179e+01
   3.9782e+01   1.0855e+03   2.1538e+01
   4.9246e+01   1.1108e+03   5.8707e+00
   6.1784e+01   1.1356e+03  -9.8034e+00
   7.7347e+01   1.1596e+03  -2.5466e+01
   9.5844e+01   1.1824e+03  -4.1097e+01
   1.1715e+02   1.2037e+03  -5.6679e+01
   1.4108e+02   1.2231e+03  -7.2193e+01
   1.6745e+02   1.2405e+03  -8.7620e+01
   1.9600e+02   1.2553e+03  -1.0294e+02
   2.2646e+02   1.2676e+03  -1.1814e+02
   2.5852e+02   1.2769e+03  -1.3319e+02
   2.9187e+02   1.2831e+03  -1.4809e+02
   3.2613e+02   1.2860e+03  -1.6281e+02
   3.6095e+02   1.2856e+03  -1.7733e+02
   3.9594e+02   1.2818e+03  -1.9163e+02
   4.3071e+02   1.2746e+03  -2.0571e+02
   4.6487e+02   1.2639e+03  -2.1954e+02
   4.9802e+02   1.2499e+03  -2.3310e+02
   5.2979e+02   1.2327e+03  -2.4639e+02
   5.5980e+02   1.2124e+03  -2.5938e+02
   5.8770e+02   1.1891e+03  -2.7205e+02
   6.1316e+02   1.1633e+03  -2.8440e+02
   6.3587e+02   1.1351e+03  -2.9640e+02
   6.5557e+02   1.1048e+03  -3.0805e+02
   6.7202e+02   1.0728e+03  -3.1933e+02
   6.8502e+02   1.0395e+03  -3.3022e+02
   6.9442e+02   1.0052e+03  -3.4072e+02
   7.0012e+02   9.7044e+02  -3.5080e+02
   7.0205e+02   9.3556e+02  -3.6047e+02
   7.0021e+02   9.0101e+02  -3.6969e+02
   6.9462e+02   8.6722e+02  -3.7848e+02
   6.8539e+02   8.3462e+02  -3.8681e+02
   6.7264e+02   8.0364e+02  -3.9467e+02
   6.5657e+02   7.7468e+02  -4.0206e+02
   6.3741e+02   7.4812e+02  -4.0896e+02
   6.1544e+02   7.2431e+02  -4.1537e+02
   5.9096e+02   7.0359e+02  -4.2128e+02
   5.6435e+02   6.8623e+02  -4.2669e+02
   5.3599e+02   6.7250e+02  -4.3158e+02
   5.0630e+02   6.6258e+02  -4.3595e+02
   4.7572e+02   6.5664e+02  -4.3979e+02
   4.4471e+02   6.5477e+02  -4.4311e+02
   4.1375e+02   6.5703e+02  -4.4589e+02
   3.8330e+02   6.6341e+02  -4.4814e+02
   3.5386e+02   6.7386e+02  -4.4984e+02
   3.2588e+02   6.8826e+02  -4.5101e+02
   2.9984e+02   7.0644e+02  -4.5163e+02
   2.7616e+02   7.2818e+02  -4.5171e+02
   2.5527e+02   7.5321e+02  -4.5124e+02
   2.3754e+02   7.8121e+02  -4.5023e+02
   2.2333e+02   8.1182e+02  -4.4868e+02
   2.1294e+02   8.4462e+02  -4.4659e+02
   2.0662e+02   8.7918e+02  -4.4396e+02
   2.0459e+02   9.1503e+02  -4.4080e+02
   2.0700e+02   9.5168e+02  -4.3710e+02
   2.1395e+02   9.8861e+02  -4.3288e+02
   2.2547e+02   1.0253e+03  -4.2814e+02
   2.4154e+02   1.0612e+03  -4.2289e+02
   2.6209e+02   1.0958e+03  -4.1712e+02
   2.8696e+02   1.1287e+03  -4.1085e+02
   3.1595e+02   1.1591e+03  -4.0409e+02
   3.4880e+02   1.1868e+03  -3.9684e+02
   3.8520e+02   1.2113e+03  -3.8911e+02
   4.2477e+02   1.2321e+03  -3.8092e+02
   4.6711e+02   1.2489e+03  -3.7226e+02
   5.1175e+02   1.2613e+03  -3.6316e+02
   5.5819e+02   1.2692e+03  -3.5362e+02
   6.0591e+02   1.2722e+03  -3.4366e+02
   6.5436e+02   1.2702e+03  -3.3328e+02
   7.0296e+02   1.2631e+03  -3.2250e+02
   7.5114e+02   1.2510e+03  -3.1133e+02
   7.9831e+02   1.2338e+03  -2.9979e+02
   8.4389e+02   1.2117e+03  -2.8788e+02
   8.8731e+02   1.1848e+03  -2.7563e+02
   9.2804e+02   1.1534e+03  -2.6305e+02
   9.6554e+02   1.1178e+03  -2.5015e+02
   9.9933e+02   1.0784e+03  -2.3695e+02
   1.0290e+03   1.0355e+03  -2.2347e+02
   1.0541e+03   9.8969e+02  -2.0971e+02
   1.0743e+03   9.4145e+02  -1.9570e+02
   1.0894e+03   8.9134e+02  -1.8146e+02
   1.0991e+03   8.3996e+02  -1.6700e+02
   1.1032e+03   7.8791e+02  -1.5234e+02
   1.1018e+03   7.3584e+02  -1.3749e+02
   1.0948e+03   6.8438e+02  -1.2248e+02
   1.0822e+03   6.3419e+02  -1.0732e+02
   1.0642e+03   5.8589e+02  -9.2035e+01
   1.0411e+03   5.4010e+02  -7.6637e+01
   1.0130e+03   4.9743e+02  -6.1146e+01
   9.8048e+02   4.5843e+02  -4.5581e+01
   9.4382e+02   4.2363e+02  -2.9962e+01
   9.0353e+02   3.9350e+02  -1.4307e+01
   8.6016e+02   3.6845e+02   1.3660e+00
   8.1430e+02   3.4884e+02   1.7037e+01
   7.6656e+02   3.3497e+02   3.2687e+01
   7.1762e+02   3.2704e+02   4.8299e+01
   6.6815e+02   3.2521e+02   6.3851e+01
   6.1887e+02   3.2953e+02   7.9328e+01
   5.7047e+02   3.3997e+02   9.4708e+01
   5.2368e+02   3.5645e+02   1.0997e+02
   4.7919e+02   3.7878e+02   1.2511e+02
   4.3767e+02   4.0669e+02   1.4009e+02
   3.9978e+02   4.3984e+02   1.5491e+02
   3.6612e+02   4.7782e+02   1.6954e+02
   3.3725e+02   5.2014e+02   1.8396e+02
   3.1368e+02   5.6625e+02   1.9816e+02
   2.9585e+02   6.1554e+02   2.1213e+02
   2.8413e+02   6.6734e+02   2.2584e+02
   2.7882e+02   7.2096e+02   2.3927e+02
   2.8013e+02   7.7565e+02   2.5242e+02
   2.8820e+02   8.3065e+02   2.6527e+02
   3.0306e+02   8.8518e+02   2.7779e+02
   3.2466e+02   9.3845e+02   2.8998e+02
   3.5288e+02   9.8969e+02   3.0183e+02
   3.8748e+02   1.0381e+03   3.1330e+02
   4.2814e+02   1.0830e+03   3.2441e+02
   4.7446e+02   1.1237e+03   3.3512e+02
   5.2596e+02   1.1594e+03   3.4542e+02
   5.8209e+02   1.1897e+03   3.5532e+02
   6.4220e+02   1.2139e+03   3.6478e+02
   7.0562e+02   1.2316e+03   3.7381e+02
   7.7159e+02   1.2424e+03   3.8238e+02
   8.3933e+02   1.2460e+03   3.9049e+02
   9.0801e+02   1.2422e+03   3.9814e+02
   9.7678e+02   1.2309e+03   4.0530e+02
   1.0448e+03   1.2120e+03   4.1198e+02
   1.1111e+03   1.1857e+03   4.1816e+02
   1.1750e+03   1.1522e+03   4.2384e+02
   1.2355e+03   1.1116e+03   4.2901e+02
   1.2919e+03   1.0644e+03   4.3366e+02
   1.3434e+03   1.0110e+03   4.3779e+02
   1.3892e+03   9.5212e+02   4.4139e+02
   1.4288e+03   8.8824e+02   4.4446e+02
   1.4616e+03   8.2013e+02   4.4699e+02
   1.4870e+03   7.4857e+02   4.4899e+02
   1.5048e+03   6.7440e+02   4.5045e+02
   1.5145e+03   5.9849e+02   4.5136e+02
   1.5160e+03   5.2178e+02   4.5173e+02
   1.5091e+03   4.4520e+02   4.5156e+02
   1.4940e+03   3.6972e+02   4.5084e+02
   1.4706e+03   2.9628e+02   4.4958e+02
   1.4394e+03   2.2583e+02   4.4778e+02
   1.4004e+03   1.5928e+02   4.4544e+02
   1.3544e+03   9.7512e+01   4.4257e+02
   1.3017e+03   4.1350e+01   4.3916e+02
   1.2430e+03  -8.4417e+00   4.3522e+02
   1.1791e+03  -5.1175e+01   4.3076e+02
   1.1107e+03  -8.6242e+01   4.2578e+02
   1.0388e+03  -1.1313e+02   4.2029e+02
   9.6427e+02  -1.3143e+02   4.1429e+02
   8.8812e+02  -1.4084e+02   4.0779e+02
   8.1138e+02  -1.4117e+02   4.0080e+02
   7.3508e+02  -1.3234e+02   3.9333e+02
   6.6029e+02  -1.1440e+02   3.8539e+02
   5.8806e+02  -8.7534e+01   3.7698e+02
   5.1942e+02  -5.2021e+01   3.6812e+02
   4.5536e+02  -8.2754e+00   3.5881e+02
   3.9684e+02   4.3177e+01   3.4907e+02
   3.4476e+02   1.0170e+02   3.3892e+02
   2.9993e+02   1.6656e+02   3.2835e+02
   2.6309e+02   2.3691e+02   3.1739e+02
   2.3488e+02   3.1184e+02   3.0605e+02
   2.1583e+02   3.9035e+02   2.9434e+02
   2.0636e+02   4.7139e+02   2.8227e+02
   2.0677e+02   5.5386e+02   2.6986e+02
   2.1724e+02   6.3661e+02   2.5713e+02
   2.3780e+02   7.1848e+02   2.4409e+02
   2.6835e+02   7.9831e+02   2.3076e+02
   3.0869e+02   8.7495e+02   2.1715e+02
   3.5843e+02   9.4725e+02   2.0327e+02
   4.1709e+02   1.0141e+03   1.8916e+02
   4.8406e+02   1.0746e+03   1.7481e+02
   5.5859e+02   1.1276e+03   1.6026e+02
   6.3984e+02   1.1723e+03   1.4551e+02
   7.2686e+02   1.2080e+03   1.3058e+02
   8.1861e+02   1.2339e+03   1.1550e+02
   9.1397e+02   1.2495e+03   1.0028e+02
   1.0118e+03   1.2543e+03   8.4939e+01
   1.1107e+03   1.2482e+03   6.9495e+01
   1.2097e+03   1.2309e+03   5.3968e+01
   1.3072e+03   1.2024e+03   3.8376e+01
   1.4021e+03   1.1629e+03   2.2738e+01
   1.4931e+03   1.1126e+03   7.0720e+00
   1.5790e+03   1.0521e+03  -8.6022e+00
   1.6585e+03   9.8189e+02  -2.4266e+01
   1.7306e+03   9.0269e+02  -3.9901e+01
   1.7941e+03   8.1536e+02  -5.5487e+01
   1.8483e+03   7.2086e+02  -7.1007e+01
   1.8921e+03   6.2028e+02  -8.6441e+01
   1.9250e+03   5.1480e+02  -1.0177e+02
   1.9464e+03   4.0566e+02  -1.1698e+02
   1.9558e+03   2.9419e+02  -1.3205e+02
   1.9529e+03   1.8177e+02  -1.4695e+02
   1.9377e+03   6.9803e+01  -1.6169e+02
   1.9102e+03  -4.0291e+01  -1.7622e+02
   1.8706e+03  -1.4710e+02  -1.9055e+02
   1.8192e+03  -2.4922e+02  -2.0464e+02
   1.7567e+03  -3.4531e+02  -2.1849e+02
   1.6836e+03  -4.3408e+02  -2.3207e+02
   1.6009e+03  -5.1431e+02  -2.4538e+02
   1.5094e+03  -5.8489e+02  -2.5839e+02
   1.4104e+03  -6.4481e+02  -2.7109e+02
   1.3050e+03  -6.9320e+02  -2.8346e+02
   1.1946e+03  -7.2932e+02  -2.9550e+02
   1.0805e+03  -7.5258e+02  -3.0717e+02
   9.6430e+02  -7.6256e+02  -3.1848e+02
   8.4746e+02  -7.5902e+02  -3.2940e+02
   7.3157e+02  -7.4186e+02  -3.3993e+02
   6.1818e+02  -7.1120e+02  -3.5004e+02
   5.0885e+02  -6.6731e+02  -3.5974e+02
   4.0512e+02  -6.1067e+02  -3.6900e+02
   3.0845e+02  -5.4190e+02  -3.7782e+02
   2.2024e+02  -4.6182e+02  -3.8618e+02
   1.4180e+02  -3.7140e+02  -3.9408e+02
   7.4338e+01  -2.7176e+02  -4.0151e+02
   1.8914e+01  -1.6417e+02  -4.0845e+02
  -2.3544e+01  -4.9994e+01  -4.1490e+02
  -5.2272e+01   6.9259e+01  -4.2085e+02
  -6.6674e+01   1.9201e+02  -4.2629e+02
  -6.6338e+01   3.1661e+02  -4.3122e+02
  -5.1041e+01   4.4137e+02  -4.3563e+02
  -2.0755e+01   5.6454e+02  -4.3952e+02
   2.4347e+01   6.8441e+02  -4.4287e+02
   8.3894e+01   7.9927e+02  -4.4570e+02
   1.5732e+02   9.0743e+02  -4.4798e+02
   2.4386e+02   1.0073e+03  -4.4973e+02
   3.4257e+02   1.0974e+03  -4.5094e+02
   4.5234e+02   1.1762e+03  -4.5160e+02
   5.7186e+02   1.2425e+03  -4.5172e+02
   6.9971e+02   1.2952e+03  -4.5130e+02
   8.3433e+02   1.3333e+03  -4.5033e+02
   9.7404e+02   1.3560e+03  -4.4882e+02
   1.1171e+03   1.3626e+03  -4.4677e+02
   1.2616e+03   1.3529e+03  -4.4418e+02
   1.4056e+03   1.3266e+03  -4.4106e+02
   1.5474e+03   1.2837e+03  -4.3741e+02
   1.6849e+03   1.2246e+03  -4.3323e+02
   1.8164e+03   1.1496e+03  -4.2853e+02
   1.9398e+03   1.0595e+03  -4.2331e+02
   2.0537e+03   9.5516e+02  -4.1758e+02
   2.1561e+03   8.3770e+02  -4.1135e+02
   2.2458e+03   7.0841e+02  -4.0463e+02
   2.3212e+03   5.6874e+02  -3.9741e+02
   2.3812e+03   4.2035e+02  -3.8972e+02
   2.4248e+03   2.6497e+02  -3.8156e+02
   2.4512e+03   1.0451e+02  -3.7294e+02
   2.4597e+03  -5.9053e+01  -3.6388e+02
   2.4499e+03  -2.2368e+02  -3.5437e+02
   2.4219e+03  -3.8727e+02  -3.4444e+02
   2.3756e+03  -5.4771e+02  -3.3409e+02
   2.3114e+03  -7.0291e+02  -3.2334e+02
   2.2299e+03  -8.5081e+02  -3.1220e+02
   2.1320e+03  -9.8941e+02  -3.0069e+02
   2.0186e+03  -1.1168e+03  -2.8881e+02
   1.8912e+03  -1.2312e+03  -2.7658e+02
   1.7511e+03  -1.3311e+03  -2.6403e+02
   1.6000e+03  -1.4148e+03  -2.5115e+02
   1.4398e+03  -1.4813e+03  -2.3797e+02
   1.2725e+03  -1.5293e+03  -2.2451e+02
   1.1001e+03  -1.5581e+03  -2.1077e+02
   9.2501e+02  -1.5671e+03  -1.9679e+02
   7.4934e+02  -1.5560e+03  -1.8256e+02
   5.7546e+02  -1.5246e+03  -1.6812e+02
   4.0571e+02  -1.4732e+03  -1.5347e+02
   2.4238e+02  -1.4023e+03  -1.3864e+02
   8.7738e+01  -1.3126e+03  -1.2364e+02
  -5.6048e+01  -1.2050e+03  -1.0849e+02
  -1.8692e+02  -1.0808e+03  -9.3211e+01
  -3.0295e+02  -9.4159e+02  -7.7820e+01
  -4.0240e+02  -7.8893e+02  -6.2336e+01
  -4.8372e+02  -6.2478e+02  -4.6777e+01
  -5.4556e+02  -4.5121e+02  -3.1161e+01
  -5.8684e+02  -2.7046e+02  -1.5507e+01
  -6.0671e+02  -8.4910e+01   1.6453e-01
  -6.0461e+02   1.0298e+02   1.5836e+01
  -5.8025e+02   2.9068e+02   3.1489e+01
  -5.3364e+02   4.7563e+02   4.7104e+01
  -4.6508e+02   6.5525e+02   6.2662e+01
  -3.7519e+02   8.2700e+02   7.8145e+01
  -2.6484e+02   9.8844e+02   9.3533e+01
  -1.3521e+02   1.1372e+03   1.0881e+02
   1.2237e+01   1.2710e+03   1.2395e+02
   1.7581e+02   1.3878e+03   1.3895e+02
   3.5355e+02   1.4858e+03   1.5378e+02
   5.4330e+02   1.5633e+03   1.6842e+02
   7.4270e+02   1.6189e+03   1.8286e+02
   9.4924e+02   1.6514e+03   1.9708e+02
   1.1603e+03   1.6601e+03   2.1107e+02
   1.3730e+03   1.6444e+03   2.2479e+02
   1.5848e+03   1.6040e+03   2.3825e+02
   1.7926e+03   1.5391e+03   2.5142e+02
   1.9936e+03   1.4501e+03   2.6429e+02
   2.1852e+03   1.3378e+03   2.7684e+02
   2.3645e+03   1.2033e+03   2.8906e+02
   2.5291e+03   1.0478e+03   3.0093e+02
   2.6765e+03   8.7321e+02   3.1244e+02
   2.8045e+03   6.8137e+02   3.2357e+02
   2.9110e+03   4.7455e+02   3.3431e+02
   2.9944e+03   2.5517e+02   3.4465e+02
   3.0533e+03   2.5910e+01   3.5457e+02
   3.0863e+03  -2.1042e+02   3.6407e+02
   3.0928e+03  -4.5085e+02   3.7313e+02
   3.0721e+03  -6.9233e+02   3.8174e+02
   3.0243e+03  -9.3174e+02   3.8989e+02
   2.9494e+03  -1.1660e+03   3.9757e+02
   2.8481e+03  -1.3919e+03   4.0477e+02
   2.7214e+03  -1.6064e+03   4.1149e+02
   2.5704e+03  -1.8067e+03   4.1771e+02
   2.3969e+03  -1.9898e+03   4.2342e+02
   2.2028e+03  -2.1533e+03   4.2863e+02
   1.9903e+03  -2.2947e+03   4.3332e+02
   1.7620e+03  -2.4119e+03   4.3749e+02
   1.5207e+03  -2.5031e+03   4.4113e+02
   1.2692e+03  -2.5667e+03   4.4424e+02
   1.0109e+03  -2.6016e+03   4.4682e+02
   7.4904e+02  -2.6070e+03   4.4886e+02
   4.8694e+02  -2.5824e+03   4.5036e+02
   2.2810e+02  -2.5278e+03   4.5131e+02
  -2.4030e+01  -2.4436e+03   4.5172e+02
  -2.6604e+02  -2.3304e+03   4.5159e+02
  -4.9458e+02  -2.1896e+03   4.5092e+02
  -7.0647e+02  -2.0225e+03   4.4970e+02
  -8.9867e+02  -1.8312e+03   4.4794e+02
  -1.0684e+03  -1.6178e+03   4.4564e+02
  -1.2130e+03  -1.3850e+03   4.4281e+02
  -1.3304e+03  -1.1356e+03   4.3944e+02
  -1.4185e+03  -8.7272e+02   4.3554e+02
  -1.4759e+03  -5.9978e+02   4.3112e+02
  -1.5013e+03  -3.2029e+02   4.2618e+02
  -1.4939e+03  -3.7937e+01   4.2073e+02
  -1.4534e+03   2.4350e+02   4.1477e+02
  -1.3800e+03   5.2022e+02   4.0831e+02
  -1.2740e+03   7.8840e+02   4.0136e+02
  -1.1365e+03   1.0443e+03   3.9392e+02
  -9.6893e+02   1.2843e+03   3.8601e+02
  -7.7303e+02   1.5049e+03   3.7764e+02
  -5.5103e+02   1.7028e+03   3.6881e+02
  -3.0554e+02   1.8750e+03   3.5954e+02
  -3.9504e+01   2.0187e+03   3.4984e+02
   2.4382e+02   2.1317e+03   3.3971e+02
   5.4088e+02   2.2118e+03   3.2918e+02
   8.4792e+02   2.2575e+03   3.1824e+02
   1.1610e+03   2.2676e+03   3.0693e+02
   1.4759e+03   2.2414e+03   2.9525e+02
   1.7886e+03   2.1786e+03   2.8321e+02
   2.0948e+03   2.0794e+03   2.7083e+02
   2.3904e+03   1.9447e+03   2.5812e+02
   2.6711e+03   1.7755e+03   2.4510e+02
   2.9331e+03   1.5736e+03   2.3179e+02
   3.1726e+03   1.3412e+03   2.1820e+02
   3.3860e+03   1.0807e+03   2.0435e+02
   3.5700e+03   7.9512e+02   1.9025e+02
   3.7219e+03   4.8789e+02   1.7592e+02
   3.8389e+03   1.6269e+02   1.6138e+02
   3.9192e+03  -1.7652e+02   1.4664e+02
   3.9609e+03  -5.2549e+02   1.3173e+02
   3.9631e+03  -8.7980e+02   1.1666e+02
   3.9249e+03  -1.2349e+03   1.0145e+02
   3.8464e+03  -1.5862e+03   8.6118e+01
   3.7279e+03  -1.9289e+03   7.0682e+01
   3.5704e+03  -2.2586e+03   5.5161e+01
   3.3753e+03  -2.5706e+03   3.9573e+01
   3.1448e+03  -2.8607e+03   2.3937e+01
   2.8811e+03  -3.1248e+03   8.2732e+00
   2.5875e+03  -3.3590e+03  -7.4010e+00
   2.2671e+03  -3.5599e+03  -2.3066e+01
   1.9240e+03  -3.7243e+03  -3.8704e+01
   1.5622e+03  -3.8497e+03  -5.4295e+01
   1.1863e+03  -3.9339e+03  -6.9820e+01
   8.0092e+02  -3.9752e+03  -8.5262e+01
   4.1108e+02  -3.9724e+03  -1.0060e+02
   2.1819e+01  -3.9251e+03  -1.1582e+02
  -3.6174e+02  -3.8334e+03  -1.3090e+02
  -7.3446e+02  -3.6977e+03  -1.4582e+02
  -1.0913e+03  -3.5194e+03  -1.6056e+02
  -1.4273e+03  -3.3003e+03  -1.7511e+02
  -1.7378e+03  -3.0427e+03  -1.8946e+02
  -2.0184e+03  -2.7495e+03  -2.0357e+02
  -2.2648e+03  -2.4243e+03  -2.1744e+02
  -2.4735e+03  -2.0708e+03  -2.3104e+02
  -2.6411e+03  -1.6934e+03  -2.4437e+02
  -2.7649e+03  -1.2969e+03  -2.5740e+02
  -2.8425e+03  -8.8625e+02  -2.7013e+02
  -2.8725e+03  -4.6679e+02  -2.8253e+02
  -2.8537e+03  -4.4011e+01  -2.9459e+02
  -2.7857e+03   3.7648e+02  -3.0629e+02
  -2.6688e+03   7.8901e+02  -3.1762e+02
  -2.5038e+03   1.1879e+03  -3.2858e+02
  -2.2923e+03   1.5677e+03  -3.3913e+02
  -2.0364e+03   1.9230e+03  -3.4928e+02
  -1.7390e+03   2.2486e+03  -3.5901e+02
  -1.4034e+03   2.5398e+03  -3.6831e+02
  -1.0337e+03   2.7920e+03  -3.7716e+02
  -6.3416e+02   3.0015e+03  -3.8556e+02
  -2.0980e+02   3.1647e+03  -3.9349e+02
   2.3406e+02   3.2787e+03  -4.0095e+02
   6.9180e+02   3.3412e+03  -4.0793e+02
   1.1575e+03   3.3506e+03  -4.1442e+02
   1.6250e+03   3.3060e+03  -4.2041e+02
   2.0881e+03   3.2071e+03  -4.2589e+02
   2.5406e+03   3.0543e+03  -4.3086e+02
   2.9762e+03   2.8490e+03  -4.3531e+02
   3.3888e+03   2.5929e+03  -4.3924e+02
   3.7727e+03   2.2887e+03  -4.4263e+02
   4.1222e+03   1.9396e+03  -4.4550e+02
   4.4322e+03   1.5496e+03  -4.4783e+02
   4.6979e+03   1.1233e+03  -4.4962e+02
   4.9151e+03   6.6561e+02  -4.5086e+02
   5.0802e+03   1.8220e+02  -4.5157e+02
   5.1901e+03  -3.2098e+02  -4.5173e+02
   5.2426e+03  -8.3758e+02  -4.5135e+02
   5.2360e+03  -1.3610e+03  -4.5042e+02
   5.1696e+03  -1.8845e+03  -4.4895e+02
   5.0432e+03  -2.4010e+03  -4.4695e+02
   4.8577e+03  -2.9039e+03  -4.4440e+02
   4.6146e+03  -3.3861e+03  -4.4132e+02
   4.3162e+03  -3.8411e+03  -4.3771e+02
   3.9657e+03  -4.2625e+03  -4.3357e+02
   3.5668e+03  -4.6443e+03  -4.2890e+02
   3.1240e+03  -4.9808e+03  -4.2373e+02
   2.6427e+03  -5.2670e+03  -4.1804e+02
   2.1284e+03  -5.4985e+03  -4.1185e+02
   1.5876e+03  -5.6713e+03  -4.0516e+02
   1.0270e+03  -5.7825e+03  -3.9798e+02
   4.5354e+02  -5.8296e+03  -3.9033e+02
  -1.2529e+02  -5.8112e+03  -3.8220e+02
  -7.0199e+02  -5.7267e+03  -3.7362e+02
  -1.2689e+03  -5.5761e+03  -3.6459e+02
  -1.8185e+03  -5.3607e+03  -3.5511e+02
  -2.3432e+03  -5.0823e+03  -3.4521e+02
  -2.8358e+03  -4.7438e+03  -3.3490e+02
  -3.2894e+03  -4.3488e+03  -3.2418e+02
  -3.6974e+03  -3.9019e+03  -3.1307e+02
  -4.0539e+03  -3.4082e+03  -3.0158e+02
  -4.3533e+03  -2.8736e+03  -2.8973e+02
  -4.5910e+03  -2.3047e+03  -2.7753e+02
  -4.7629e+03  -1.7086e+03  -2.6500e+02
  -4.8660e+03  -1.0928e+03  -2.5215e+02
  -4.8979e+03  -4.6524e+02  -2.3899e+02
  -4.8571e+03   1.6586e+02  -2.2555e+02
  -4.7433e+03   7.9216e+02  -2.1184e+02
  -4.5570e+03   1.4052e+03  -1.9787e+02
  -4.2996e+03   1.9967e+03  -1.8366e+02
  -3.9736e+03   2.5584e+03  -1.6923e+02
  -3.5823e+03   3.0824e+03  -1.5460e+02
  -3.1301e+03   3.5611e+03  -1.3978e+02
  -2.6222e+03   3.9876e+03  -1.2479e+02
  -2.0645e+03   4.3553e+03  -1.0966e+02
  -1.4638e+03   4.6585e+03  -9.4386e+01
  -8.2743e+02   4.8921e+03  -7.9004e+01
  -1.6346e+02   5.0521e+03  -6.3526e+01
   5.1967e+02   5.1352e+03  -4.7971e+01
   1.2131e+03   5.1392e+03  -3.2359e+01
   1.9078e+03   5.0627e+03  -1.6708e+01
   2.5944e+03   4.9057e+03  -1.0369e+00
   3.2636e+03   4.6689e+03   1.4636e+01
   3.9064e+03   4.3545e+03   3.0290e+01
   4.5136e+03   3.9652e+03   4.5909e+01
   5.0766e+03   3.5052e+03   6.1472e+01
   5.5874e+03   2.9796e+03   7.6961e+01
   6.0382e+03   2.3942e+03   9.2357e+01
   6.4222e+03   1.7561e+03   1.0764e+02
   6.7332e+03   1.0727e+03   1.2280e+02
   6.9661e+03   3.5258e+02   1.3781e+02
   7.1164e+03  -3.9538e+02   1.5265e+02
   7.1809e+03  -1.1617e+03   1.6731e+02
   7.1575e+03  -1.9364e+03   1.8176e+02
   7.0452e+03  -2.7096e+03   1.9600e+02
   6.8440e+03  -3.4708e+03   2.1000e+02
   6.5553e+03  -4.2099e+03   2.2375e+02
   6.1815e+03  -4.9167e+03   2.3723e+02
   5.7264e+03  -5.5816e+03   2.5043e+02
   5.1947e+03  -6.1950e+03   2.6332e+02
   4.5923e+03  -6.7481e+03   2.7589e+02
   3.9260e+03  -7.2327e+03   2.8814e+02
   3.2038e+03  -7.6415e+03   3.0003e+02
   2.4342e+03  -7.9680e+03   3.1157e+02
   1.6269e+03  -8.2066e+03   3.2273e+02
   7.9176e+02  -8.3529e+03   3.3350e+02
  -6.0489e+01  -8.4037e+03   3.4387e+02
  -9.1889e+02  -8.3570e+03   3.5383e+02
  -1.7722e+03  -8.2120e+03   3.6336e+02
  -2.6092e+03  -7.9691e+03   3.7245e+02
  -3.4184e+03  -7.6303e+03   3.8110e+02
  -4.1890e+03  -7.1987e+03   3.8928e+02
  -4.9101e+03  -6.6787e+03   3.9700e+02
  -5.5715e+03  -6.0758e+03   4.0424e+02
  -6.1638e+03  -5.3970e+03   4.1099e+02
  -6.6780e+03  -4.6501e+03   4.1725e+02
  -7.1063e+03  -3.8441e+03   4.2300e+02
  -7.4419e+03  -2.9889e+03   4.2825e+02
  -7.6790e+03  -2.0951e+03   4.3298e+02
  -7.8130e+03  -1.1740e+03   4.3719e+02
  -7.8410e+03  -2.3740e+02   4.4087e+02
  -7.7608e+03   7.0236e+02   4.4402e+02
  -7.5722e+03   1.6329e+03   4.4664e+02
  -7.2762e+03   2.5417e+03   4.4872e+02
  -6.8751e+03   3.4164e+03   4.5026e+02
  -6.3728e+03   4.2449e+03   4.5126e+02
  -5.7746e+03   5.0155e+03   4.5171e+02
  -5.0872e+03   5.7170e+03   4.5162e+02
  -4.3183e+03   6.3393e+03   4.5099e+02
  -3.4771e+03   6.8728e+03   4.4981e+02
  -2.5738e+03   7.3092e+03   4.4809e+02
  -1.6195e+03   7.6412e+03   4.4584e+02
  -6.2624e+02   7.8629e+03   4.4304e+02
   3.9337e+02   7.9698e+03   4.3972e+02
   1.4261e+03   7.9587e+03   4.3586e+02
   2.4583e+03   7.8281e+03   4.3148e+02
   3.4763e+03   7.5779e+03   4.2658e+02
   4.4663e+03   7.2098e+03   4.2116e+02
   5.4146e+03   6.7268e+03   4.1524e+02
   6.3081e+03   6.1336e+03   4.0882e+02
   7.1339e+03   5.4366e+03   4.0191e+02
   7.8801e+03   4.6435e+03   3.9451e+02
   8.5356e+03   3.7633e+03   3.8664e+02
   9.0902e+03   2.8065e+03   3.7830e+02
   9.5351e+03   1.7845e+03   3.6950e+02
   9.8628e+03   7.1012e+02   3.6027e+02
   1.0067e+04  -4.0331e+02   3.5059e+02
   1.0143e+04  -1.5416e+03   3.4050e+02
   1.0089e+04  -2.6899e+03   3.3000e+02
   9.9017e+03  -3.8333e+03   3.1910e+02
   9.5831e+03  -4.9565e+03   3.0781e+02
   9.1351e+03  -6.0444e+03   2.9615e+02
   8.5616e+03  -7.0819e+03   2.8414e+02
   7.8683e+03  -8.0547e+03   2.7179e+02
   7.0627e+03  -8.9488e+03   2.5911e+02
   6.1537e+03  -9.7514e+03   2.4611e+02
   5.1518e+03  -1.0450e+04   2.3282e+02
   4.0688e+03  -1.1035e+04   2.1925e+02
   2.9179e+03  -1.1496e+04   2.0542e+02
   1.7132e+03  -1.1825e+04   1.9134e+02
   4.6997e+02  -1.2017e+04   1.7702e+02
  -7.9604e+02  -1.2065e+04   1.6250e+02
  -2.0684e+03  -1.1969e+04   1.4778e+02
  -3.3305e+03  -1.1727e+04   1.3288e+02
  -4.5653e+03  -1.1340e+04   1.1782e+02
  -5.7564e+03  -1.0811e+04   1.0262e+02
  -6.8872e+03  -1.0145e+04   8.7297e+01
  -7.9420e+03  -9.3493e+03   7.1868e+01
  -8.9058e+03  -8.4321e+03   5.6353e+01
  -9.7645e+03  -7.4040e+03   4.0770e+01
  -1.0505e+04  -6.2769e+03   2.5137e+01
  -1.1117e+04  -5.0644e+03   9.4744e+00
  -1.1589e+04  -3.7813e+03  -6.1997e+00
  -1.1914e+04  -2.4437e+03  -2.1866e+01
  -1.2084e+04  -1.0685e+03  -3.7507e+01
  -1.2097e+04   3.2669e+02  -5.3102e+01
  -1.1949e+04   1.7235e+03  -6.8633e+01
  -1.1640e+04   3.1036e+03  -8.4082e+01
  -1.1171e+04   4.4483e+03  -9.9429e+01
  -1.0548e+04   5.7393e+03  -1.1466e+02
  -9.7754e+03   6.9588e+03  -1.2975e+02
  -8.8619e+03   8.0893e+03  -1.4468e+02
  -7.8177e+03   9.1148e+03  -1.5944e+02
  -6.6547e+03   1.0020e+04  -1.7401e+02
  -5.3868e+03   1.0791e+04  -1.8836e+02
  -4.0292e+03   1.1417e+04  -2.0250e+02
  -2.5988e+03   1.1885e+04  -2.1638e+02
  -1.1135e+03   1.2189e+04  -2.3001e+02
   4.0759e+02   1.2321e+04  -2.4336e+02
   1.9448e+03   1.2277e+04  -2.5642e+02
   3.4780e+03   1.2056e+04  -2.6916e+02
   4.9866e+03   1.1657e+04  -2.8159e+02
   6.4503e+03   1.1084e+04  -2.9367e+02
   7.8488e+03   1.0341e+04  -3.0541e+02
   9.1626e+03   9.4360e+03  -3.1677e+02
   1.0373e+04   8.3785e+03  -3.2775e+02
   1.1462e+04   7.1804e+03  -3.3834e+02
   1.2414e+04   5.8555e+03  -3.4852e+02
   1.3214e+04   4.4195e+03  -3.5828e+02
   1.3849e+04   2.8898e+03  -3.6761e+02
   1.4308e+04   1.2854e+03  -3.7650e+02
   1.4583e+04  -3.7342e+02  -3.8493e+02
   1.4667e+04  -2.0656e+03  -3.9290e+02
   1.4555e+04  -3.7691e+03  -4.0040e+02
   1.4248e+04  -5.4614e+03  -4.0742e+02
   1.3745e+04  -7.1200e+03  -4.1394e+02
   1.3051e+04  -8.7224e+03  -4.1997e+02
   1.2172e+04  -1.0247e+04  -4.2549e+02
   1.1117e+04  -1.1671e+04  -4.3050e+02
   9.8966e+03  -1.2975e+04  -4.3499e+02
   8.5255e+03  -1.4141e+04  -4.3895e+02
   7.0191e+03  -1.5149e+04  -4.4239e+02
   5.3956e+03  -1.5986e+04  -4.4530e+02
   3.6746e+03  -1.6637e+04  -4.4767e+02
   1.8775e+03  -1.7090e+04  -4.4950e+02
   2.6849e+01  -1.7338e+04  -4.5079e+02
  -1.8535e+03  -1.7373e+04  -4.5153e+02
  -3.7392e+03  -1.7192e+04  -4.5174e+02
  -5.6054e+03  -1.6794e+04  -4.5140e+02
  -7.4271e+03  -1.6182e+04  -4.5051e+02
  -9.1796e+03  -1.5361e+04  -4.4909e+02
  -1.0839e+04  -1.4337e+04  -4.4712e+02
  -1.2381e+04  -1.3123e+04  -4.4461e+02
  -1.3785e+04  -1.1730e+04  -4.4157e+02
  -1.5029e+04  -1.0176e+04  -4.3800e+02
  -1.6095e+04  -8.4783e+03  -4.3390e+02
  -1.6967e+04  -6.6571e+03  -4.2928e+02
  -1.7629e+04  -4.7350e+03  -4.2414e+02
  -1.8071e+04  -2.7360e+03  -4.1849e+02
  -1.8283e+04  -6.8551e+02  -4.1234e+02
  -1.8259e+04   1.3901e+03  -4.0569e+02
  -1.7996e+04   3.4637e+03  -3.9855e+02
  -1.7495e+04   5.5077e+03  -3.9093e+02
  -1.6758e+04   7.4947e+03  -3.8284e+02
  -1.5791e+04   9.3974e+03  -3.7429e+02
  -1.4606e+04   1.1189e+04  -3.6529e+02
  -1.3213e+04   1.2845e+04  -3.5585e+02
  -1.1629e+04   1.4342e+04  -3.4599e+02
  -9.8712e+03   1.5656e+04  -3.3570e+02
  -7.9616e+03   1.6767e+04  -3.2501e+02
  -5.9230e+03   1.7659e+04  -3.1393e+02
  -3.7805e+03   1.8317e+04  -3.0247e+02
  -1.5612e+03   1.8727e+04  -2.9065e+02
   7.0658e+02   1.8881e+04  -2.7848e+02
   2.9934e+03   1.8774e+04  -2.6597e+02
   5.2691e+03   1.8403e+04  -2.5314e+02
   7.5032e+03   1.7769e+04  -2.4001e+02
   9.6655e+03   1.6876e+04  -2.2659e+02
   1.1726e+04   1.5734e+04  -2.1290e+02
   1.3656e+04   1.4353e+04  -1.9895e+02
   1.5429e+04   1.2748e+04  -1.8476e+02
   1.7017e+04   1.0937e+04  -1.7034e+02
   1.8397e+04   8.9418e+03  -1.5573e+02
   1.9549e+04   6.7858e+03  -1.4092e+02
   2.0452e+04   4.4952e+03  -1.2595e+02
   2.1092e+04   2.0985e+03  -1.1082e+02
   2.1457e+04  -3.7391e+02  -9.5561e+01
   2.1536e+04  -2.8904e+03  -8.0186e+01
   2.1326e+04  -5.4183e+03  -6.4715e+01
   2.0824e+04  -7.9240e+03  -4.9166e+01
   2.0033e+04  -1.0374e+04  -3.3557e+01
   1.8959e+04  -1.2735e+04  -1.7909e+01
   1.7612e+04  -1.4975e+04  -2.2383e+00
   1.6006e+04  -1.7061e+04   1.3435e+01
   1.4158e+04  -1.8964e+04   2.9092e+01
   1.2090e+04  -2.0657e+04   4.4713e+01
   9.8260e+03  -2.2112e+04   6.0281e+01
   7.3922e+03  -2.3309e+04   7.5777e+01
   4.8188e+03  -2.4226e+04   9.1181e+01
   2.1378e+03  -2.4849e+04   1.0648e+02
  -6.1676e+02  -2.5163e+04   1.2164e+02
  -3.4096e+03  -2.5161e+04   1.3666e+02
  -6.2042e+03  -2.4838e+04   1.5152e+02
  -8.9636e+03  -2.4193e+04   1.6619e+02
  -1.1651e+04  -2.3231e+04   1.8066e+02
  -1.4229e+04  -2.1959e+04   1.9492e+02
  -1.6663e+04  -2.0390e+04   2.0894e+02
  -1.8918e+04  -1.8540e+04   2.2271e+02
  -2.0962e+04  -1.6430e+04   2.3621e+02
  -2.2764e+04  -1.4084e+04   2.4942e+02
  -2.4298e+04  -1.1529e+04   2.6234e+02
  -2.5538e+04  -8.7970e+03   2.7494e+02
  -2.6465e+04  -5.9205e+03   2.8721e+02
  -2.7062e+04  -2.9360e+03   2.9913e+02
  -2.7315e+04   1.1850e+02   3.1070e+02
  -2.7218e+04   3.2036e+03   3.2189e+02
  -2.6765e+04   6.2790e+03   3.3269e+02
  -2.5958e+04   9.3036e+03   3.4309e+02
  -2.4803e+04   1.2237e+04   3.5308e+02
  -2.3309e+04   1.5038e+04   3.6264e+02
  -2.1493e+04   1.7669e+04   3.7177e+02
  -1.9372e+04   2.0091e+04   3.8045e+02
  -1.6972e+04   2.2270e+04   3.8867e+02
  -1.4319e+04   2.4174e+04   3.9642e+02
  -1.1446e+04   2.5773e+04   4.0370e+02
  -8.3870e+03   2.7042e+04   4.1049e+02
  -5.1805e+03   2.7958e+04   4.1679e+02
  -1.8668e+03   2.8505e+04   4.2258e+02
   1.5117e+03   2.8671e+04   4.2786e+02
   4.9110e+03   2.8447e+04   4.3263e+02
   8.2863e+03   2.7831e+04   4.3688e+02
   1.1592e+04   2.6825e+04   4.4061e+02
   1.4785e+04   2.5438e+04   4.4380e+02
   1.7818e+04   2.3681e+04   4.4646e+02
   2.0652e+04   2.1574e+04   4.4858e+02
   2.3244e+04   1.9138e+04   4.5016e+02
   2.5556e+04   1.6402e+04   4.5120e+02
   2.7555e+04   1.3398e+04   4.5170e+02
   2.9208e+04   1.0160e+04   4.5165e+02
   3.0490e+04   6.7302e+03   4.5106e+02
   3.1376e+04   3.1499e+03   4.4992e+02
   3.1851e+04  -5.3537e+02   4.4825e+02
   3.1901e+04  -4.2781e+03   4.4603e+02
   3.1520e+04  -8.0293e+03   4.4328e+02
   3.0706e+04  -1.1740e+04   4.3999e+02
   2.9464e+04  -1.5359e+04   4.3617e+02
   2.7804e+04  -1.8838e+04   4.3183e+02
   2.5741e+04  -2.2128e+04   4.2697e+02
   2.3299e+04  -2.5184e+04   4.2160e+02
   2.0502e+04  -2.7960e+04   4.1571e+02
   1.7383e+04  -3.0417e+04   4.0933e+02
   1.3979e+04  -3.2517e+04   4.0245e+02
   1.0331e+04  -3.4226e+04   3.9509e+02
   6.4832e+03  -3.5517e+04   3.8726e+02
   2.4839e+03  -3.6366e+04   3.7895e+02
  -1.6162e+03  -3.6755e+04   3.7019e+02
  -5.7641e+03  -3.6673e+04   3.6099e+02
  -9.9055e+03  -3.6113e+04   3.5135e+02
  -1.3986e+04  -3.5077e+04   3.4129e+02
  -1.7949e+04  -3.3571e+04   3.3082e+02
  -2.1742e+04  -3.1607e+04   3.1995e+02
  -2.5312e+04  -2.9206e+04   3.0869e+02
  -2.8608e+04  -2.6393e+04   2.9706e+02
  -3.1583e+04  -2.3199e+04   2.8508e+02
  -3.4192e+04  -1.9661e+04   2.7275e+02
  -3.6396e+04  -1.5820e+04   2.6009e+02
  -3.8159e+04  -1.1724e+04   2.4712e+02
  -3.9452e+04  -7.4220e+03   2.3385e+02
  -4.0251e+04  -2.9693e+03   2.2030e+02
  -4.0538e+04   1.5779e+03   2.0649e+02
  -4.0302e+04   6.1606e+03   1.9242e+02
  -3.9539e+04   1.0719e+04   1.7813e+02
  -3.8250e+04   1.5191e+04   1.6362e+02
  -3.6446e+04   1.9518e+04   1.4891e+02
  -3.4144e+04   2.3639e+04   1.3403e+02
  -3.1365e+04   2.7497e+04   1.1898e+02
  -2.8141e+04   3.1037e+04   1.0379e+02
  -2.4508e+04   3.4208e+04   8.8476e+01
  -2.0508e+04   3.6962e+04   7.3054e+01
  -1.6189e+04   3.9256e+04   5.7545e+01
  -1.1603e+04   4.1055e+04   4.1966e+01
  -6.8075e+03   4.2326e+04   2.6337e+01
  -1.8632e+03   4.3045e+04   1.0676e+01
   3.1666e+03   4.3194e+04  -4.9984e+00
   8.2162e+03   4.2765e+04  -2.0666e+01
   1.3219e+04   4.1752e+04  -3.6309e+01
   1.8108e+04   4.0163e+04  -5.1909e+01
   2.2817e+04   3.8010e+04  -6.7445e+01
   2.7280e+04   3.5312e+04  -8.2901e+01
   3.1434e+04   3.2099e+04  -9.8257e+01
   3.5221e+04   2.8404e+04  -1.1349e+02
   3.8584e+04   2.4271e+04  -1.2860e+02
   4.1473e+04   1.9747e+04  -1.4354e+02
   4.3842e+04   1.4888e+04  -1.5831e+02
   4.5652e+04   9.7521e+03  -1.7290e+02
   4.6872e+04   4.4043e+03  -1.8727e+02
   4.7476e+04  -1.0876e+03  -2.0142e+02
   4.7448e+04  -6.6530e+03  -2.1533e+02
   4.6778e+04  -1.2219e+04  -2.2897e+02
   4.5466e+04  -1.7712e+04  -2.4235e+02
   4.3520e+04  -2.3057e+04  -2.5543e+02
   4.0957e+04  -2.8182e+04  -2.6820e+02
   3.7801e+04  -3.3015e+04  -2.8065e+02
   3.4087e+04  -3.7489e+04  -2.9276e+02
   2.9854e+04  -4.1537e+04  -3.0452e+02
   2.5152e+04  -4.5101e+04  -3.1591e+02
   2.0036e+04  -4.8127e+04  -3.2692e+02
   1.4568e+04  -5.0565e+04  -3.3754e+02
   8.8150e+03  -5.2375e+04  -3.4775e+02
   2.8494e+03  -5.3525e+04  -3.5755e+02
  -3.2528e+03  -5.3988e+04  -3.6691e+02
  -9.4128e+03  -5.3749e+04  -3.7583e+02
  -1.5550e+04  -5.2801e+04  -3.8430e+02
  -2.1582e+04  -5.1146e+04  -3.9231e+02
  -2.7428e+04  -4.8795e+04  -3.9984e+02
  -3.3007e+04  -4.5770e+04  -4.0689e+02
  -3.8242e+04  -4.2101e+04  -4.1346e+02
  -4.3058e+04  -3.7827e+04  -4.1952e+02
  -4.7386e+04  -3.2996e+04  -4.2508e+02
  -5.1161e+04  -2.7664e+04  -4.3013e+02
  -5.4324e+04  -2.1894e+04  -4.3466e+02
  -5.6826e+04  -1.5756e+04  -4.3867e+02
  -5.8623e+04  -9.3269e+03  -4.4215e+02
  -5.9681e+04  -2.6869e+03  -4.4509e+02
  -5.9975e+04   4.0790e+03  -4.4750e+02
  -5.9492e+04   1.0883e+04  -4.4938e+02
  -5.8225e+04   1.7635e+04  -4.5071e+02
  -5.6180e+04   2.4245e+04  -4.5150e+02
  -5.3373e+04   3.0623e+04  -4.5174e+02
  -4.9830e+04   3.6682e+04  -4.5144e+02
  -4.5588e+04   4.2337e+04  -4.5060e+02
  -4.0692e+04   4.7506e+04  -4.4921e+02
  -3.5199e+04   5.2115e+04  -4.4729e+02
  -2.9172e+04   5.6094e+04  -4.4482e+02
  -2.2684e+04   5.9381e+04  -4.4183e+02
  -1.5813e+04   6.1922e+04  -4.3829e+02
  -8.6462e+03   6.3673e+04  -4.3423e+02
  -1.2737e+03   6.4601e+04  -4.2965e+02
   6.2097e+03   6.4679e+04  -4.2455e+02
   1.3706e+04   6.3895e+04  -4.1894e+02
   2.1117e+04   6.2248e+04  -4.1283e+02
   2.8342e+04   5.9745e+04  -4.0622e+02
   3.5282e+04   5.6409e+04  -3.9911e+02
   4.1842e+04   5.2271e+04  -3.9153e+02
   4.7930e+04   4.7375e+04  -3.8348e+02
   5.3456e+04   4.1775e+04  -3.7497e+02
   5.8341e+04   3.5534e+04  -3.6600e+02
   6.2509e+04   2.8727e+04  -3.5659e+02
   6.5896e+04   2.1435e+04  -3.4676e+02
   6.8444e+04   1.3748e+04  -3.3650e+02
   7.0108e+04   5.7627e+03  -3.2585e+02
   7.0853e+04  -2.4193e+03  -3.1480e+02
   7.0656e+04  -1.0693e+04  -3.0337e+02
   6.9505e+04  -1.8948e+04  -2.9157e+02
   6.7402e+04  -2.7077e+04  -2.7943e+02
   6.4361e+04  -3.4969e+04  -2.6694e+02
   6.0408e+04  -4.2516e+04  -2.5414e+02
   5.5584e+04  -4.9612e+04  -2.4103e+02
   4.9938e+04  -5.6158e+04  -2.2763e+02
   4.3535e+04  -6.2058e+04  -2.1396e+02
   3.6447e+04  -6.7224e+04  -2.0002e+02
   2.8759e+04  -7.1577e+04  -1.8585e+02
   2.0565e+04  -7.5048e+04  -1.7146e+02
   1.1965e+04  -7.7577e+04  -1.5685e+02
   3.0681e+03  -7.9118e+04  -1.4206e+02
  -6.0127e+03  -7.9636e+04  -1.2710e+02
  -1.5159e+04  -7.9108e+04  -1.1198e+02
  -2.4252e+04  -7.7526e+04  -9.6735e+01
  -3.3168e+04  -7.4897e+04  -8.1368e+01
  -4.1788e+04  -7.1239e+04  -6.5904e+01
  -4.9993e+04  -6.6587e+04  -5.0360e+01
  -5.7668e+04  -6.0986e+04  -3.4755e+01
  -6.4703e+04  -5.4499e+04  -1.9109e+01
  -7.0996e+04  -4.7197e+04  -3.4397e+00
  -7.6453e+04  -3.9166e+04   1.2234e+01
  -8.0988e+04  -3.0502e+04   2.7893e+01
  -8.4530e+04  -2.1310e+04   4.3518e+01
  -8.7016e+04  -1.1704e+04   5.9090e+01
  -8.8398e+04  -1.8062e+03   7.4592e+01
  -8.8641e+04   8.2569e+03   9.0004e+01
  -8.7726e+04   1.8354e+04   1.0531e+02
  -8.5649e+04   2.8353e+04   1.2048e+02
  -8.2419e+04   3.8118e+04   1.3552e+02
  -7.8063e+04   4.7517e+04   1.5038e+02
  -7.2623e+04   5.6421e+04   1.6507e+02
  -6.6154e+04   6.4703e+04   1.7956e+02
  -5.8729e+04   7.2246e+04   1.9383e+02
  -5.0430e+04   7.8938e+04   2.0787e+02
  -4.1356e+04   8.4679e+04   2.2166e+02
  -3.1616e+04   8.9378e+04   2.3518e+02
  -2.1329e+04   9.2959e+04   2.4842e+02
  -1.0624e+04   9.5357e+04   2.6136e+02
   3.6304e+02   9.6523e+04   2.7399e+02
   1.1491e+04   9.6425e+04   2.8628e+02
   2.2614e+04   9.5045e+04   2.9823e+02
   3.3585e+04   9.2384e+04   3.0983e+02
   4.4255e+04   8.8457e+04   3.2104e+02
   5.4479e+04   8.3299e+04   3.3188e+02
   6.4116e+04   7.6960e+04   3.4231e+02
   7.3027e+04   6.9507e+04   3.5233e+02
   8.1085e+04   6.1024e+04   3.6193e+02
   8.8171e+04   5.1607e+04   3.7109e+02
   9.4176e+04   4.1367e+04   3.7980e+02
   9.9005e+04   3.0430e+04   3.8806e+02
   1.0258e+05   1.8930e+04   3.9585e+02
   1.0483e+05   7.0113e+03   4.0316e+02
   1.0570e+05  -5.1741e+03   4.0999e+02
   1.0518e+05  -1.7468e+04   4.1632e+02
   1.0324e+05  -2.9710e+04   4.2215e+02
   9.9881e+04  -4.1735e+04   4.2748e+02
   9.5139e+04  -5.3381e+04   4.3229e+02
   8.9052e+04  -6.4489e+04   4.3658e+02
   8.1681e+04  -7.4903e+04   4.4034e+02
   7.3106e+04  -8.4475e+04   4.4357e+02
   6.3423e+04  -9.3065e+04   4.4627e+02
   5.2744e+04  -1.0055e+05   4.4844e+02
   4.1195e+04  -1.0680e+05   4.5006e+02
   2.8919e+04  -1.1173e+05   4.5114e+02
   1.6066e+04  -1.1525e+05   4.5168e+02
   2.8000e+03  -1.1729e+05   4.5167e+02
  -1.0710e+04  -1.1780e+05   4.5112e+02
  -2.4289e+04  -1.1676e+05   4.5003e+02
  -3.7757e+04  -1.1415e+05   4.4839e+02
  -5.0934e+04  -1.1000e+05   4.4622e+02
  -6.3641e+04  -1.0432e+05   4.4351e+02
  -7.5702e+04  -9.7171e+04   4.4026e+02
  -8.6949e+04  -8.8632e+04   4.3648e+02
  -9.7220e+04  -7.8792e+04   4.3218e+02
  -1.0636e+05  -6.7762e+04   4.2736e+02
  -1.1425e+05  -5.5673e+04   4.2203e+02
  -1.2074e+05  -4.2668e+04   4.1618e+02
  -1.2574e+05  -2.8907e+04   4.0984e+02
  -1.2916e+05  -1.4562e+04   4.0300e+02
  -1.3093e+05   1.8692e+02   3.9567e+02
  -1.3101e+05   1.5149e+04   3.8787e+02
  -1.2936e+05   3.0129e+04   3.7961e+02
  -1.2599e+05   4.4929e+04   3.7088e+02
  -1.2091e+05   5.9350e+04   3.6171e+02
  -1.1416e+05   7.3194e+04   3.5211e+02
  -1.0582e+05   8.6272e+04   3.4208e+02
  -9.5971e+04   9.8397e+04   3.3163e+02
  -8.4718e+04   1.0939e+05   3.2079e+02
  -7.2191e+04   1.1910e+05   3.0956e+02
  -5.8539e+04   1.2738e+05   2.9796e+02
  -4.3926e+04   1.3408e+05   2.8601e+02
  -2.8533e+04   1.3911e+05   2.7370e+02
  -1.2551e+04   1.4237e+05   2.6107e+02
   3.8154e+03   1.4379e+05   2.4812e+02
   2.0355e+04   1.4332e+05   2.3488e+02
   3.6851e+04   1.4095e+05   2.2135e+02
   5.3084e+04   1.3668e+05   2.0755e+02
   6.8835e+04   1.3054e+05   1.9351e+02
   8.3887e+04   1.2258e+05   1.7923e+02
   9.8032e+04   1.1288e+05   1.6474e+02
   1.1107e+05   1.0155e+05   1.5005e+02
   1.2281e+05   8.8708e+04   1.3517e+02
   1.3307e+05   7.4506e+04   1.2014e+02
   1.4171e+05   5.9113e+04   1.0496e+02
   1.4858e+05   4.2717e+04   8.9654e+01
   1.5356e+05   2.5518e+04   7.4240e+01
   1.5657e+05   7.7354e+03   5.8736e+01
   1.5753e+05  -1.0405e+04   4.3162e+01
   1.5640e+05  -2.8667e+04   2.7536e+01
   1.5317e+05  -4.6810e+04   1.1877e+01
   1.4784e+05  -6.4592e+04  -3.7970e+00
   1.4047e+05  -8.1772e+04  -1.9466e+01
   1.3110e+05  -9.8113e+04  -3.5112e+01
   1.1985e+05  -1.1339e+05  -5.0715e+01
   1.0684e+05  -1.2737e+05  -6.6257e+01
   9.2203e+04  -1.3987e+05  -8.1720e+01
   7.6118e+04  -1.5069e+05  -9.7084e+01
   5.8776e+04  -1.5966e+05  -1.1233e+02
   4.0390e+04  -1.6664e+05  -1.2744e+02
   2.1188e+04  -1.7151e+05  -1.4240e+02
   1.4118e+03  -1.7417e+05  -1.5719e+02
  -1.8683e+04  -1.7456e+05  -1.7179e+02
  -3.8836e+04  -1.7262e+05  -1.8618e+02
  -5.8780e+04  -1.6837e+05  -2.0034e+02
  -7.8247e+04  -1.6182e+05  -2.1427e+02
  -9.6972e+04  -1.5302e+05  -2.2794e+02
  -1.1470e+05  -1.4206e+05  -2.4133e+02
  -1.3117e+05  -1.2905e+05  -2.5443e+02
  -1.4616e+05  -1.1414e+05  -2.6723e+02
  -1.5944e+05  -9.7486e+04  -2.7971e+02
  -1.7081e+05  -7.9296e+04  -2.9184e+02
  -1.8009e+05  -5.9784e+04  -3.0363e+02
  -1.8713e+05  -3.9191e+04  -3.1505e+02
  -1.9181e+05  -1.7774e+04  -3.2609e+02
  -1.9402e+05   4.1960e+03  -3.3674e+02
  -1.9371e+05   2.6435e+04  -3.4699e+02
  -1.9083e+05   4.8651e+04  -3.5681e+02
  -1.8540e+05   7.0551e+04  -3.6621e+02
  -1.7743e+05   9.1839e+04  -3.7517e+02
  -1.6702e+05   1.1222e+05  -3.8367e+02
  -1.5425e+05   1.3142e+05  -3.9171e+02
  -1.3926e+05   1.4916e+05  -3.9928e+02
  -1.2222e+05   1.6519e+05  -4.0637e+02
  -1.0332e+05   1.7926e+05  -4.1297e+02
  -8.2795e+04   1.9117e+05  -4.1908e+02
  -6.0884e+04   2.0072e+05  -4.2467e+02
  -3.7859e+04   2.0775e+05  -4.2976e+02
  -1.4011e+04   2.1213e+05  -4.3433e+02
   1.0358e+04   2.1378e+05  -4.3838e+02
   3.4930e+04   2.1261e+05  -4.4190e+02
   5.9383e+04   2.0862e+05  -4.4489e+02
   8.3391e+04   2.0181e+05  -4.4734e+02
   1.0663e+05   1.9223e+05  -4.4925e+02
   1.2878e+05   1.7997e+05  -4.5063e+02
   1.4953e+05   1.6515e+05  -4.5146e+02
   1.6859e+05   1.4793e+05  -4.5174e+02
   1.8567e+05   1.2850e+05  -4.5148e+02
   2.0053e+05   1.0710e+05  -4.5068e+02
   2.1293e+05   8.3973e+04  -4.4934e+02
   2.2268e+05   5.9403e+04  -4.4746e+02
   2.2960e+05   3.3695e+04  -4.4503e+02
   2.3356e+05   7.1735e+03  -4.4207e+02
   2.3448e+05  -1.9821e+04  -4.3858e+02
   2.3228e+05  -4.6937e+04  -4.3456e+02
   2.2696e+05  -7.3816e+04  -4.3002e+02
   2.1854e+05  -1.0010e+05  -4.2496e+02
   2.0709e+05  -1.2543e+05  -4.1939e+02
   1.9271e+05  -1.4946e+05  -4.1331e+02
   1.7556e+05  -1.7184e+05  -4.0674e+02
   1.5581e+05  -1.9227e+05  -3.9968e+02
   1.3370e+05  -2.1043e+05  -3.9213e+02
   1.0949e+05  -2.2606e+05  -3.8411e+02
   8.3457e+04  -2.3891e+05  -3.7563e+02
   5.5930e+04  -2.4877e+05  -3.6670e+02
   2.7250e+04  -2.5546e+05  -3.5733e+02
  -2.2200e+03  -2.5886e+05  -3.4753e+02
  -3.2100e+04  -2.5886e+05  -3.3730e+02
  -6.2000e+04  -2.5542e+05  -3.2668e+02
  -9.1523e+04  -2.4854e+05  -3.1566e+02
  -1.2027e+05  -2.3825e+05  -3.0425e+02
  -1.4786e+05  -2.2464e+05  -2.9249e+02
  -1.7389e+05  -2.0785e+05  -2.8037e+02
  -1.9801e+05  -1.8805e+05  -2.6791e+02
  -2.1986e+05  -1.6546e+05  -2.5513e+02
  -2.3913e+05  -1.4034e+05  -2.4204e+02
  -2.5551e+05  -1.1298e+05  -2.2867e+02
  -2.6876e+05  -8.3717e+04  -2.1501e+02
  -2.7864e+05  -5.2911e+04  -2.0110e+02
  -2.8498e+05  -2.0947e+04  -1.8695e+02
  -2.8765e+05   1.1768e+04  -1.7257e+02
  -2.8655e+05   4.4812e+04  -1.5798e+02
  -2.8164e+05   7.7749e+04  -1.4320e+02
  -2.7294e+05   1.1014e+05  -1.2825e+02
  -2.6051e+05   1.4156e+05  -1.1315e+02
  -2.4445e+05   1.7156e+05  -9.7908e+01
  -2.2492e+05   1.9973e+05  -8.2550e+01
  -2.0214e+05   2.2567e+05  -6.7092e+01
  -1.7635e+05   2.4900e+05  -5.1554e+01
  -1.4787e+05   2.6938e+05  -3.5953e+01
  -1.1702e+05   2.8649e+05  -2.0309e+01
  -8.4176e+04   3.0006e+05  -4.6411e+00
  -4.9753e+04   3.0986e+05   1.1033e+01
  -1.4180e+04   3.1570e+05   2.6693e+01
   2.2088e+04   3.1745e+05   4.2322e+01
   5.8579e+04   3.1502e+05   5.7899e+01
   9.4813e+04   3.0839e+05   7.3407e+01
   1.3031e+05   2.9758e+05   8.8826e+01
   1.6457e+05   2.8267e+05   1.0414e+02
   1.9715e+05   2.6382e+05   1.1933e+02
   2.2757e+05   2.4120e+05   1.3437e+02
   2.5541e+05   2.1506e+05   1.4925e+02
   2.8025e+05   1.8570e+05   1.6395e+02
   3.0173e+05   1.5346e+05   1.7846e+02
   3.1951e+05   1.1872e+05   1.9275e+02
   3.3330e+05   8.1923e+04   2.0680e+02
   3.4286e+05   4.3511e+04   2.2061e+02
   3.4800e+05   3.9744e+03   2.3416e+02
   3.4859e+05  -3.6179e+04   2.4742e+02
   3.4455e+05  -7.6425e+04   2.6038e+02
   3.3588e+05  -1.1623e+05   2.7303e+02
   3.2262e+05  -1.5506e+05   2.8535e+02
   3.0488e+05  -1.9239e+05   2.9733e+02
   2.8283e+05  -2.2770e+05   3.0895e+02
   2.5669e+05  -2.6049e+05   3.2020e+02
   2.2676e+05  -2.9030e+05   3.3106e+02
   1.9339e+05  -3.1667e+05   3.4152e+02
   1.5695e+05  -3.3922e+05   3.5158e+02
   1.1789e+05  -3.5758e+05   3.6121e+02
   7.6696e+04  -3.7146e+05   3.7040e+02
   3.3875e+04  -3.8060e+05   3.7915e+02
  -1.0026e+04  -3.8481e+05   3.8744e+02
  -5.4441e+04  -3.8397e+05   3.9527e+02
  -9.8787e+04  -3.7802e+05   4.0262e+02
  -1.4248e+05  -3.6695e+05   4.0948e+02
  -1.8492e+05  -3.5084e+05   4.1585e+02
  -2.2553e+05  -3.2984e+05   4.2172e+02
  -2.6375e+05  -3.0414e+05   4.2709e+02
  -2.9904e+05  -2.7403e+05   4.3194e+02
  -3.3088e+05  -2.3983e+05   4.3627e+02
  -3.5881e+05  -2.0195e+05   4.4007e+02
  -3.8239e+05  -1.6082e+05   4.4335e+02
  -4.0124e+05  -1.1696e+05   4.4609e+02
  -4.1506e+05  -7.0888e+04   4.4829e+02
  -4.2358e+05  -2.3199e+04   4.4995e+02
  -4.2662e+05   2.5501e+04   4.5108e+02
  -4.2405e+05   7.4583e+04   4.5166e+02
  -4.1582e+05   1.2340e+05   4.5169e+02
  -4.0197e+05   1.7130e+05   4.5118e+02
  -3.8260e+05   2.1764e+05   4.5013e+02
  -3.5787e+05   2.6177e+05   4.4854e+02
  -3.2805e+05   3.0309e+05   4.4640e+02
  -2.9345e+05   3.4100e+05   4.4373e+02
  -2.5447e+05   3.7494e+05   4.4053e+02
  -2.1155e+05   4.0442e+05   4.3679e+02
  -1.6521e+05   4.2898e+05   4.3253e+02
  -1.1601e+05   4.4822e+05   4.2775e+02
  -6.4565e+04   4.6180e+05   4.2245e+02
  -1.1524e+04   4.6947e+05   4.1665e+02
   4.2432e+04   4.7103e+05   4.1034e+02
   9.6603e+04   4.6638e+05   4.0354e+02
   1.5027e+05   4.5549e+05   3.9625e+02
   2.0272e+05   4.3842e+05   3.8849e+02
   2.5324e+05   4.1529e+05   3.8026e+02
   3.0112e+05   3.8633e+05   3.7157e+02
   3.4570e+05   3.5184e+05   3.6243e+02
   3.8633e+05   3.1220e+05   3.5286e+02
   4.2242e+05   2.6785e+05   3.4286e+02
   4.5343e+05   2.1932e+05   3.3245e+02
   4.7887e+05   1.6718e+05   3.2164e+02
   4.9832e+05   1.1209e+05   3.1044e+02
   5.1144e+05   5.4715e+04   2.9887e+02
   5.1796e+05  -4.2015e+03   2.8694e+02
   5.1770e+05  -6.3905e+04   2.7466e+02
   5.1056e+05  -1.2362e+05   2.6205e+02
   4.9654e+05  -1.8254e+05   2.4913e+02
   4.7572e+05  -2.3989e+05   2.3590e+02
   4.4829e+05  -2.9488e+05   2.2240e+02
   4.1450e+05  -3.4674e+05   2.0862e+02
   3.7473e+05  -3.9474e+05   1.9460e+02
   3.2940e+05  -4.3819e+05   1.8033e+02
   2.7903e+05  -4.7645e+05   1.6586e+02
   2.2423e+05  -5.0893e+05   1.5118e+02
   1.6566e+05  -5.3512e+05   1.3632e+02
   1.0403e+05  -5.5458e+05   1.2130e+02
   4.0116e+04  -5.6695e+05   1.0613e+02
  -2.5260e+04  -5.7198e+05   9.0831e+01
  -9.1255e+04  -5.6947e+05   7.5425e+01
  -1.5700e+05  -5.5936e+05   5.9927e+01
  -2.2163e+05  -5.4168e+05   4.4358e+01
  -2.8426e+05  -5.1654e+05   2.8735e+01
  -3.4404e+05  -4.8417e+05   1.3078e+01
  -4.0012e+05  -4.4489e+05  -2.5956e+00
  -4.5172e+05  -3.9913e+05  -1.8266e+01
  -4.9808e+05  -3.4740e+05  -3.3914e+01
  -5.3851e+05  -2.9030e+05  -4.9521e+01
  -5.7240e+05  -2.2851e+05  -6.5069e+01
  -5.9918e+05  -1.6277e+05  -8.0538e+01
  -6.1842e+05  -9.3904e+04  -9.5910e+01
  -6.2973e+05  -2.2781e+04  -1.1117e+02
  -6.3287e+05   4.9691e+04  -1.2629e+02
  -6.2765e+05   1.2257e+05  -1.4126e+02
  -6.1405e+05   1.9490e+05  -1.5606e+02
  -5.9210e+05   2.6570e+05  -1.7067e+02
  -5.6199e+05   3.3402e+05  -1.8508e+02
  -5.2399e+05   3.9892e+05  -1.9927e+02
  -4.7849e+05   4.5948e+05  -2.1321e+02
  -4.2599e+05   5.1485e+05  -2.2690e+02
  -3.6708e+05   5.6420e+05  -2.4032e+02
  -3.0245e+05   6.0680e+05  -2.5344e+02
  -2.3287e+05   6.4198e+05  -2.6626e+02
  -1.5920e+05   6.6917e+05  -2.7876e+02
  -8.2349e+04   6.8790e+05  -2.9093e+02
  -3.2935e+03   6.9779e+05  -3.0274e+02
   7.6950e+04   6.9858e+05  -3.1419e+02
   1.5734e+05   6.9013e+05  -3.2526e+02
   2.3680e+05   6.7242e+05  -3.3594e+02
   3.1427e+05   6.4555e+05  -3.4622e+02
   3.8870e+05   6.0974e+05  -3.5607e+02
   4.5905e+05   5.6533e+05  -3.6550e+02
   5.2433e+05   5.1280e+05  -3.7449e+02
   5.8360e+05   4.5272e+05  -3.8303e+02
   6.3599e+05   3.8577e+05  -3.9111e+02
   6.8070e+05   3.1275e+05  -3.9872e+02
   7.1703e+05   2.3453e+05  -4.0585e+02
   7.4438e+05   1.5208e+05  -4.1248e+02
   7.6225e+05   6.6430e+04  -4.1863e+02
   7.7026e+05  -2.1331e+04  -4.2426e+02
   7.6818e+05  -1.1007e+05  -4.2939e+02
   7.5587e+05  -1.9862e+05  -4.3400e+02
   7.3336e+05  -2.8582e+05  -4.3809e+02
   7.0079e+05  -3.7047e+05  -4.4165e+02
   6.5845e+05  -4.5143e+05  -4.4468e+02
   6.0676e+05  -5.2756e+05  -4.4717e+02
   5.4627e+05  -5.9778e+05  -4.4912e+02
   4.7766e+05  -6.6108e+05  -4.5054e+02
   4.0171e+05  -7.1652e+05  -4.5141e+02
   3.1933e+05  -7.6325e+05  -4.5174e+02
   2.3152e+05  -8.0052e+05  -4.5152e+02
   1.3935e+05  -8.2770e+05  -4.5076e+02
   4.4005e+04  -8.4428e+05  -4.4946e+02
  -5.3315e+04  -8.4990e+05  -4.4762e+02
  -1.5134e+05  -8.4430e+05  -4.4524e+02
  -2.4879e+05  -8.2742e+05  -4.4232e+02
  -3.4435e+05  -7.9930e+05  -4.3887e+02
  -4.3673e+05  -7.6015e+05  -4.3489e+02
  -5.2467e+05  -7.1034e+05  -4.3039e+02
  -6.0692e+05  -6.5038e+05  -4.2537e+02
  -6.8232e+05  -5.8090e+05  -4.1984e+02
  -7.4977e+05  -5.0270e+05  -4.1380e+02
  -8.0825e+05  -4.1667e+05  -4.0726e+02
  -8.5686e+05  -3.2386e+05  -4.0023e+02
  -8.9481e+05  -2.2539e+05  -3.9273e+02
  -9.2145e+05  -1.2249e+05  -3.8475e+02
  -9.3626e+05  -1.6450e+04  -3.7630e+02
  -9.3886e+05   9.1359e+04  -3.6740e+02
  -9.2905e+05   1.9954e+05  -3.5806e+02
  -9.0677e+05   3.0665e+05  -3.4829e+02
  -8.7214e+05   4.1127e+05  -3.3810e+02
  -8.2545e+05   5.1197e+05  -3.2751e+02
  -7.6712e+05   6.0735e+05  -3.1651e+02
  -6.9778e+05   6.9608e+05  -3.0514e+02
  -6.1817e+05   7.7688e+05  -2.9340e+02
  -5.2921e+05   8.4856e+05  -2.8131e+02
  -4.3194e+05   9.1005e+05  -2.6888e+02
  -3.2752e+05   9.6037e+05  -2.5612e+02
  -2.1725e+05   9.9870e+05  -2.4306e+02
  -1.0249e+05   1.0244e+06  -2.2970e+02
   1.5296e+04   1.0368e+06  -2.1607e+02
   1.3459e+05   1.0357e+06  -2.0218e+02
   2.5383e+05   1.0209e+06  -1.8804e+02
   3.7144e+05   9.9228e+05  -1.7368e+02
   4.8583e+05   9.5014e+05  -1.5910e+02
   5.9545e+05   8.9479e+05  -1.4434e+02
   6.9875e+05   8.2679e+05  -1.2940e+02
   7.9429e+05   7.4685e+05  -1.1431e+02
   8.8069e+05   6.5586e+05  -9.9081e+01
   9.5666e+05   5.5486e+05  -8.3731e+01
   1.0210e+06   4.4505e+05  -6.8280e+01
   1.0728e+06   3.2776e+05  -5.2747e+01
   1.1111e+06   2.0443e+05  -3.7151e+01
   1.1353e+06   7.6606e+04  -2.1509e+01
   1.1447e+06  -5.4072e+04  -5.8425e+00
   1.1391e+06  -1.8592e+05   9.8316e+00
   1.1182e+06  -3.1720e+05   2.5494e+01
   1.0823e+06  -4.4616e+05   4.1125e+01
   1.0315e+06  -5.7107e+05   5.6707e+01
   9.6626e+05  -6.9020e+05   7.2221e+01
   8.8727e+05  -8.0190e+05   8.7648e+01
   7.9536e+05  -9.0457e+05   1.0297e+02
   6.9157e+05  -9.9672e+05   1.1817e+02
   5.7711e+05  -1.0770e+06   1.3322e+02
   4.5333e+05  -1.1441e+06   1.4812e+02
   3.2174e+05  -1.1970e+06   1.6283e+02
   1.8398e+05  -1.2348e+06   1.7735e+02
   4.1778e+04  -1.2567e+06   1.9166e+02
  -1.0304e+05  -1.2623e+06   2.0574e+02
  -2.4859e+05  -1.2512e+06   2.1956e+02
  -3.9296e+05  -1.2234e+06   2.3313e+02
  -5.3421e+05  -1.1788e+06   2.4641e+02
  -6.7042e+05  -1.1180e+06   2.5940e+02
  -7.9971e+05  -1.0415e+06   2.7207e+02
  -9.2028e+05  -9.5005e+05   2.8442e+02
  -1.0304e+06  -8.4464e+05   2.9642e+02
  -1.1284e+06  -7.2649e+05   3.0807e+02
  -1.2129e+06  -5.9696e+05   3.1935e+02
  -1.2825e+06  -4.5763e+05   3.3024e+02
  -1.3362e+06  -3.1019e+05   3.4074e+02
  -1.3728e+06  -1.5648e+05   3.5082e+02
  -1.3918e+06   1.5542e+03   3.6048e+02
  -1.3926e+06   1.6187e+05   3.6971e+02
  -1.3750e+06   3.2239e+05   3.7849e+02
  -1.3389e+06   4.8097e+05   3.8682e+02
  -1.2844e+06   6.3550e+05   3.9468e+02
  -1.2122e+06   7.8385e+05   4.0207e+02
  -1.1228e+06   9.2397e+05   4.0897e+02
  -1.0172e+06   1.0539e+06   4.1538e+02
  -8.9656e+05   1.1717e+06   4.2129e+02
  -7.6229e+05   1.2758e+06   4.2669e+02
  -6.1596e+05   1.3644e+06   4.3158e+02
  -4.5934e+05   1.4362e+06   4.3595e+02
  -2.9434e+05   1.4901e+06   4.3980e+02
  -1.2303e+05   1.5249e+06   4.4311e+02
   5.2393e+04   1.5401e+06   4.4589e+02
   2.2968e+05   1.5351e+06   4.4814e+02
   4.0650e+05   1.5096e+06   4.4985e+02
   5.8050e+05   1.4638e+06   4.5101e+02
   7.4933e+05   1.3979e+06   4.5163e+02
   9.1068e+05   1.3125e+06   4.5171e+02
   1.0623e+06   1.2085e+06   4.5124e+02
   1.2020e+06   1.0870e+06   4.5023e+02
   1.3279e+06   9.4930e+05   4.4868e+02
   1.4379e+06   7.9702e+05   4.4659e+02
   1.5305e+06   6.3197e+05   4.4396e+02
   1.6042e+06   4.5615e+05   4.4079e+02
   1.6576e+06   2.7174e+05   4.3710e+02
   1.6898e+06   8.1066e+04   4.3288e+02
   1.7001e+06  -1.1344e+05   4.2813e+02
   1.6880e+06  -3.0926e+05   4.2288e+02
   1.6534e+06  -5.0380e+05   4.1711e+02
   1.5963e+06  -6.9448e+05   4.1084e+02
   1.5172e+06  -8.7870e+05   4.0408e+02
   1.4169e+06  -1.0539e+06   3.9683e+02
   1.2963e+06  -1.2177e+06   3.8910e+02
   1.1567e+06  -1.3677e+06   3.8090e+02
   9.9985e+05  -1.5017e+06   3.7225e+02
   8.2743e+05  -1.6178e+06   3.6315e+02
   6.4154e+05  -1.7140e+06   3.5361e+02
   4.4444e+05  -1.7890e+06   3.4364e+02
   2.3859e+05  -1.8412e+06   3.3326e+02
   2.6600e+04  -1.8698e+06   3.2248e+02
  -1.8882e+05  -1.8740e+06   3.1131e+02
  -4.0486e+05  -1.8534e+06   2.9977e+02
  -6.1866e+05  -1.8079e+06   2.8786e+02
  -8.2735e+05  -1.7377e+06   2.7561e+02
  -1.0281e+06  -1.6435e+06   2.6303e+02
  -1.2181e+06  -1.5260e+06   2.5013e+02
  -1.3947e+06  -1.3867e+06   2.3693e+02
  -1.5554e+06  -1.2269e+06   2.2344e+02
  -1.6978e+06  -1.0484e+06   2.0969e+02
  -1.8197e+06  -8.5353e+05   1.9568e+02
  -1.9192e+06  -6.4445e+05   1.8144e+02
  -1.9948e+06  -4.2377e+05   1.6697e+02
  -2.0449e+06  -1.9425e+05   1.5231e+02
  -2.0687e+06   4.1184e+04   1.3747e+02
  -2.0653e+06   2.7951e+05   1.2245e+02
  -2.0346e+06   5.1760e+05   1.0730e+02
  -1.9763e+06   7.5229e+05   9.2008e+01
  -1.8910e+06   9.8043e+05   7.6609e+01
  -1.7794e+06   1.1989e+06   6.1118e+01
  -1.6426e+06   1.4046e+06   4.5553e+01
  -1.4819e+06   1.5947e+06   2.9934e+01
  -1.2993e+06   1.7665e+06   1.4278e+01
  -1.0968e+06   1.9173e+06  -1.3942e+00
  -8.7678e+05   2.0449e+06  -1.7065e+01
  -6.4194e+05   2.1472e+06  -3.2716e+01
  -3.9516e+05   2.2226e+06  -4.8327e+01
  -1.3954e+05   2.2695e+06  -6.3879e+01
   1.2164e+05   2.2871e+06  -7.9355e+01
   3.8501e+05   2.2746e+06  -9.4736e+01
   6.4711e+05   2.2318e+06  -1.1000e+02
   9.0444e+05   2.1587e+06  -1.2514e+02
   1.1535e+06   2.0560e+06  -1.4012e+02
   1.3909e+06   1.9245e+06  -1.5493e+02
   1.6134e+06   1.7656e+06  -1.6956e+02
   1.8176e+06   1.5810e+06  -1.8399e+02
   2.0007e+06   1.3727e+06  -1.9819e+02
   2.1600e+06   1.1433e+06  -2.1215e+02
   2.2929e+06   8.9531e+05  -2.2586e+02
   2.3974e+06   6.3189e+05  -2.3930e+02
   2.4716e+06   3.5627e+05  -2.5245e+02
   2.5141e+06   7.1931e+04  -2.6529e+02
   2.5239e+06  -2.1748e+05  -2.7781e+02
   2.5003e+06  -5.0820e+05  -2.9001e+02
   2.4433e+06  -7.9639e+05  -3.0185e+02
   2.3530e+06  -1.0782e+06  -3.1333e+02
   2.2302e+06  -1.3498e+06  -3.2443e+02
   2.0761e+06  -1.6074e+06  -3.3514e+02
   1.8922e+06  -1.8474e+06  -3.4544e+02
   1.6806e+06  -2.0664e+06  -3.5533e+02
   1.4436e+06  -2.2612e+06  -3.6480e+02
   1.1840e+06  -2.4288e+06  -3.7382e+02
   9.0494e+05  -2.5666e+06  -3.8240e+02
   6.0985e+05  -2.6723e+06  -3.9051e+02
   3.0239e+05  -2.7442e+06  -3.9815e+02
  -1.3531e+04  -2.7807e+06  -4.0532e+02
  -3.3385e+05  -2.7808e+06  -4.1199e+02
  -6.5439e+05  -2.7440e+06  -4.1817e+02
  -9.7090e+05  -2.6703e+06  -4.2385e+02
  -1.2791e+06  -2.5601e+06  -4.2902e+02
  -1.5748e+06  -2.4143e+06  -4.3367e+02
  -1.8539e+06  -2.2344e+06  -4.3779e+02
  -2.1125e+06  -2.0222e+06  -4.4139e+02
  -2.3468e+06  -1.7801e+06  -4.4446e+02
  -2.5534e+06  -1.5109e+06  -4.4700e+02
  -2.7291e+06  -1.2177e+06  -4.4899e+02
  -2.8711e+06  -9.0408e+05  -4.5045e+02
  -2.9771e+06  -5.7392e+05  -4.5136e+02
  -3.0451e+06  -2.3134e+05  -4.5173e+02
  -3.0738e+06   1.1929e+05  -4.5156e+02
  -3.0621e+06   4.7344e+05  -4.5084e+02
  -3.0096e+06   8.2646e+05  -4.4958e+02
  -2.9163e+06   1.1737e+06  -4.4778e+02
  -2.7831e+06   1.5103e+06  -4.4544e+02
  -2.6110e+06   1.8319e+06  -4.4256e+02
  -2.4018e+06   2.1338e+06  -4.3915e+02
  -2.1576e+06   2.4119e+06  -4.3521e+02
  -1.8813e+06   2.6619e+06  -4.3075e+02
  -1.5760e+06   2.8804e+06  -4.2577e+02
  -1.2453e+06   3.0638e+06  -4.2028e+02
  -8.9336e+05   3.2092e+06  -4.1428e+02
  -5.2441e+05   3.3142e+06  -4.0778e+02
  -1.4314e+05   3.3768e+06  -4.0079e+02
   2.4558e+05   3.3955e+06  -3.9332e+02
   6.3670e+05   3.3694e+06  -3.8537e+02
   1.0251e+06   3.2983e+06  -3.7696e+02
   1.4055e+06   3.1825e+06  -3.6810e+02
   1.7728e+06   3.0227e+06  -3.5879e+02
   2.1220e+06   2.8205e+06  -3.4906e+02
   2.4481e+06   2.5780e+06  -3.3890e+02
   2.7464e+06   2.2978e+06  -3.2833e+02
   3.0127e+06   1.9831e+06  -3.1737e+02
   3.2429e+06   1.6375e+06  -3.0603e+02
   3.4335e+06   1.2651e+06  -2.9431e+02
   3.5813e+06   8.7062e+05  -2.8225e+02
   3.6837e+06   4.5883e+05  -2.6984e+02
   3.7388e+06   3.4985e+04  -2.5711e+02
   3.7451e+06  -3.9547e+05  -2.4407e+02
   3.7019e+06  -8.2693e+05  -2.3074e+02
   3.6089e+06  -1.2537e+06  -2.1712e+02
   3.4668e+06  -1.6700e+06  -2.0325e+02
   3.2766e+06  -2.0702e+06  -1.8913e+02
   3.0402e+06  -2.4487e+06  -1.7479e+02
   2.7600e+06  -2.8003e+06  -1.6023e+02
   2.4392e+06  -3.1198e+06  -1.4548e+02
   2.0814e+06  -3.4026e+06  -1.3055e+02
   1.6908e+06  -3.6443e+06  -1.1547e+02
   1.2721e+06  -3.8413e+06  -1.0025e+02
   8.3047e+05  -3.9901e+06  -8.4911e+01
   3.7143e+05  -4.0881e+06  -6.9467e+01
  -9.9201e+04  -4.1334e+06  -5.3940e+01
  -5.7534e+05  -4.1245e+06  -3.8348e+01
  -1.0507e+06  -4.0607e+06  -2.2709e+01
  -1.5191e+06  -3.9422e+06  -7.0438e+00
  -1.9741e+06  -3.7696e+06   8.6304e+00
  -2.4095e+06  -3.5445e+06   2.4294e+01
  -2.8193e+06  -3.2692e+06   3.9929e+01
  -3.1976e+06  -2.9464e+06   5.5515e+01
  -3.5390e+06  -2.5799e+06   7.1035e+01
  -3.8384e+06  -2.1739e+06   8.6469e+01
  -4.0913e+06  -1.7331e+06   1.0180e+02
  -4.2935e+06  -1.2629e+06   1.1701e+02
  -4.4417e+06  -7.6919e+05   1.3207e+02
  -4.5331e+06  -2.5805e+05   1.4698e+02
  -4.5657e+06   2.6394e+05   1.6171e+02
  -4.5383e+06   7.9002e+05   1.7625e+02
  -4.4502e+06   1.3133e+06   1.9057e+02
  -4.3018e+06   1.8267e+06   2.0467e+02
  -4.0942e+06   2.3234e+06   2.1851e+02
  -3.8293e+06   2.7964e+06   2.3210e+02
  -3.5097e+06   3.2393e+06   2.4540e+02
  -3.1389e+06   3.6456e+06   2.5841e+02
  -2.7211e+06   4.0095e+06   2.7111e+02
  -2.2611e+06   4.3255e+06   2.8349e+02
  -1.7644e+06   4.5888e+06   2.9552e+02
  -1.2371e+06   4.7950e+06   3.0719e+02
  -6.8573e+05   4.9406e+06   3.1850e+02
  -1.1723e+05   5.0228e+06   3.2942e+02
   4.6109e+05   5.0395e+06   3.3995e+02
   1.0417e+06   4.9897e+06   3.5006e+02
   1.6170e+06   4.8730e+06   3.5976e+02
   2.1791e+06   4.6900e+06   3.6902e+02
   2.7206e+06   4.4421e+06   3.7784e+02
   3.2338e+06   4.1317e+06   3.8620e+02
   3.7116e+06   3.7620e+06   3.9410e+02
   4.1472e+06   3.3370e+06   4.0152e+02
   4.5341e+06   2.8616e+06   4.0846e+02
   4.8664e+06   2.3414e+06   4.1491e+02
   5.1391e+06   1.7825e+06   4.2086e+02
   5.3476e+06   1.1919e+06   4.2630e+02
   5.4882e+06   5.7696e+05   4.3123e+02
   5.5581e+06  -5.4611e+04   4.3564e+02
   5.5553e+06  -6.9462e+05   4.3952e+02
   5.4787e+06  -1.3347e+06   4.4288e+02
   5.3284e+06  -1.9664e+06   4.4570e+02
   5.1053e+06  -2.5812e+06   4.4799e+02
   4.8112e+06  -3.1706e+06   4.4973e+02
   4.4491e+06  -3.7266e+06   4.5094e+02
   4.0227e+06  -4.2412e+06   4.5160e+02
   3.5368e+06  -4.7070e+06   4.5172e+02
   2.9969e+06  -5.1172e+06   4.5130e+02
   2.4095e+06  -5.4654e+06   4.5033e+02
   1.7815e+06  -5.7463e+06   4.4882e+02
   1.1209e+06  -5.9549e+06   4.4677e+02
   4.3575e+05  -6.0877e+06   4.4418e+02
  -2.6508e+05  -6.1416e+06   4.4105e+02
  -9.7256e+05  -6.1148e+06   4.3740e+02
  -1.6774e+06  -6.0065e+06   4.3322e+02
  -2.3702e+06  -5.8170e+06   4.2852e+02
  -3.0416e+06  -5.5476e+06   4.2330e+02
  -3.6825e+06  -5.2007e+06   4.1757e+02
  -4.2838e+06  -4.7798e+06   4.1134e+02
  -4.8369e+06  -4.2894e+06   4.0461e+02
  -5.3340e+06  -3.7349e+06   3.9740e+02
  -5.7675e+06  -3.1229e+06   3.8971e+02
  -6.1308e+06  -2.4605e+06   3.8155e+02
  -6.4181e+06  -1.7559e+06   3.7293e+02
  -6.6243e+06  -1.0178e+06   3.6386e+02
  -6.7457e+06  -2.5544e+05   3.5435e+02
  -6.7794e+06   5.2138e+05   3.4442e+02
  -6.7237e+06   1.3026e+06   3.3407e+02
  -6.5779e+06   2.0778e+06   3.2332e+02
  -6.3428e+06   2.8368e+06   3.1218e+02
  -6.0201e+06   3.5692e+06   3.0066e+02
  -5.6129e+06   4.2648e+06   2.8879e+02
  -5.1253e+06   4.9140e+06   2.7656e+02
  -4.5626e+06   5.5075e+06   2.6400e+02
  -3.9313e+06   6.0365e+06   2.5113e+02
  -3.2386e+06   6.4932e+06   2.3795e+02
  -2.4929e+06   6.8704e+06   2.2448e+02
  -1.7032e+06   7.1619e+06   2.1075e+02
  -8.7952e+05   7.3627e+06   1.9676e+02
  -3.2176e+04   7.4687e+06   1.8254e+02
   8.2792e+05   7.4773e+06   1.6809e+02
   1.6895e+06   7.3867e+06   1.5344e+02
   2.5413e+06   7.1969e+06   1.3861e+02
   3.3717e+06   6.9089e+06   1.2361e+02
   4.1695e+06   6.5251e+06   1.0846e+02
   4.9235e+06   6.0492e+06   9.3184e+01
   5.6233e+06   5.4861e+06   7.7793e+01
   6.2586e+06   4.8421e+06   6.2308e+01
   6.8202e+06   4.1245e+06   4.6748e+01
   7.2995e+06   3.3418e+06   3.1133e+01
   7.6889e+06   2.5033e+06   1.5479e+01
   7.9821e+06   1.6196e+06  -1.9274e-01
   8.1736e+06   7.0145e+05  -1.5864e+01
   8.2595e+06  -2.3929e+05  -3.1517e+01
   8.2372e+06  -1.1905e+06  -4.7132e+01
   8.1053e+06  -2.1398e+06  -6.2690e+01
   7.8640e+06  -3.0744e+06  -7.8172e+01
   7.5149e+06  -3.9819e+06  -9.3561e+01
   7.0610e+06  -4.8497e+06  -1.0884e+02
   6.5070e+06  -5.6659e+06  -1.2398e+02
   5.8586e+06  -6.4187e+06  -1.3898e+02
   5.1231e+06  -7.0973e+06  -1.5380e+02
   4.3090e+06  -7.6917e+06  -1.6845e+02
   3.4259e+06  -8.1926e+06  -1.8289e+02
   2.4846e+06  -8.5922e+06  -1.9711e+02
   1.4966e+06  -8.8836e+06  -2.1109e+02
   4.7450e+05  -9.0615e+06  -2.2482e+02
  -5.6875e+05  -9.1217e+06  -2.3828e+02
  -1.6196e+06  -9.0619e+06  -2.5145e+02
  -2.6642e+06  -8.8809e+06  -2.6432e+02
  -3.6886e+06  -8.5796e+06  -2.7687e+02
  -4.6790e+06  -8.1601e+06  -2.8908e+02
  -5.6217e+06  -7.6263e+06  -3.0095e+02
  -6.5035e+06  -6.9836e+06  -3.1246e+02
  -7.3118e+06  -6.2389e+06  -3.2359e+02
  -8.0349e+06  -5.4006e+06  -3.3433e+02
  -8.6619e+06  -4.4786e+06  -3.4467e+02
  -9.1832e+06  -3.4838e+06  -3.5459e+02
  -9.5901e+06  -2.4283e+06  -3.6409e+02
  -9.8758e+06  -1.3253e+06  -3.7315e+02
  -1.0035e+07  -1.8866e+05  -3.8175e+02
  -1.0063e+07   9.6697e+05  -3.8990e+02
  -9.9577e+06   2.1265e+06  -3.9758e+02
  -9.7190e+06   3.2748e+06  -4.0478e+02
  -9.3480e+06   4.3962e+06  -4.1150e+02
  -8.8476e+06   5.4757e+06  -4.1772e+02
  -8.2226e+06   6.4982e+06  -4.2343e+02
  -7.4794e+06   7.4493e+06  -4.2864e+02
  -6.6262e+06   8.3155e+06  -4.3333e+02
  -5.6727e+06   9.0839e+06  -4.3750e+02
  -4.6301e+06   9.7431e+06  -4.4114e+02
  -3.5110e+06   1.0283e+07  -4.4425e+02
  -2.3290e+06   1.0693e+07  -4.4682e+02
  -1.0990e+06   1.0969e+07  -4.4886e+02
   1.6354e+05   1.1102e+07  -4.5036e+02
   1.4422e+06   1.1090e+07  -4.5131e+02
   2.7204e+06   1.0931e+07  -4.5172e+02
   3.9810e+06   1.0625e+07  -4.5159e+02
   5.2072e+06   1.0174e+07  -4.5092e+02
   6.3821e+06   9.5804e+06  -4.4970e+02
   7.4895e+06   8.8515e+06  -4.4794e+02
   8.5136e+06   7.9947e+06  -4.4564e+02
   9.4397e+06   7.0194e+06  -4.4280e+02
   1.0254e+07   5.9368e+06  -4.3943e+02
   1.0944e+07   4.7598e+06  -4.3553e+02
   1.1499e+07   3.5026e+06  -4.3111e+02
   1.1910e+07   2.1806e+06  -4.2617e+02
   1.2169e+07   8.1046e+05  -4.2072e+02
   1.2270e+07  -5.9029e+05  -4.1476e+02
   1.2209e+07  -2.0036e+06  -4.0829e+02
   1.1986e+07  -3.4108e+06  -4.0134e+02
   1.1601e+07  -4.7932e+06  -3.9391e+02
   1.1057e+07  -6.1322e+06  -3.8600e+02
   1.0357e+07  -7.4093e+06  -3.7762e+02
   9.5107e+06  -8.6066e+06  -3.6880e+02
   8.5255e+06  -9.7072e+06  -3.5952e+02
   7.4130e+06  -1.0695e+07  -3.4982e+02
   6.1861e+06  -1.1555e+07  -3.3969e+02
   4.8592e+06  -1.2275e+07  -3.2916e+02
   3.4487e+06  -1.2842e+07  -3.1822e+02
   1.9720e+06  -1.3247e+07  -3.0691e+02
   4.4763e+05  -1.3483e+07  -2.9523e+02
  -1.1048e+06  -1.3543e+07  -2.8319e+02
  -2.6650e+06  -1.3424e+07  -2.7080e+02
  -4.2126e+06  -1.3125e+07  -2.5810e+02
  -5.7268e+06  -1.2648e+07  -2.4508e+02
  -7.1870e+06  -1.1997e+07  -2.3177e+02
  -8.5731e+06  -1.1176e+07  -2.1818e+02
  -9.8655e+06  -1.0196e+07  -2.0432e+02
  -1.1046e+07  -9.0663e+06  -1.9022e+02
  -1.2097e+07  -7.7998e+06  -1.7589e+02
  -1.3003e+07  -6.4115e+06  -1.6135e+02
  -1.3749e+07  -4.9180e+06  -1.4662e+02
  -1.4324e+07  -3.3375e+06  -1.3170e+02
  -1.4718e+07  -1.6899e+06  -1.1663e+02
  -1.4922e+07   4.0851e+03  -1.0142e+02
  -1.4930e+07   1.7226e+06  -8.6091e+01
  -1.4741e+07   3.4432e+06  -7.0654e+01
  -1.4354e+07   5.1432e+06  -5.5133e+01
  -1.3771e+07   6.7996e+06  -3.9545e+01
  -1.2996e+07   8.3899e+06  -2.3909e+01
  -1.2038e+07   9.8920e+06  -8.2450e+00
  -1.0907e+07   1.1285e+07   7.4292e+00
  -9.6139e+06   1.2548e+07   2.3094e+01
  -8.1748e+06   1.3663e+07   3.8732e+01
  -6.6064e+06   1.4613e+07   5.4323e+01
  -4.9276e+06   1.5383e+07   6.9848e+01
  -3.1591e+06   1.5961e+07   8.5290e+01
  -1.3229e+06   1.6335e+07   1.0063e+02
   5.5747e+05   1.6497e+07   1.1585e+02
   2.4578e+06   1.6444e+07   1.3092e+02
   4.3531e+06   1.6171e+07   1.4584e+02
   6.2182e+06   1.5680e+07   1.6059e+02
   8.0280e+06   1.4974e+07   1.7514e+02
   9.7576e+06   1.4059e+07   1.8948e+02
   1.1383e+07   1.2944e+07   2.0359e+02
   1.2881e+07   1.1642e+07   2.1746e+02
   1.4230e+07   1.0166e+07   2.3107e+02
   1.5409e+07   8.5335e+06   2.4439e+02
   1.6402e+07   6.7644e+06   2.5743e+02
   1.7191e+07   4.8798e+06   2.7015e+02
   1.7764e+07   2.9032e+06   2.8255e+02
   1.8110e+07   8.5932e+05   2.9461e+02
   1.8220e+07  -1.2256e+06   3.0631e+02
   1.8091e+07  -3.3246e+06   3.1764e+02
   1.7719e+07  -5.4100e+06   3.2860e+02
   1.7108e+07  -7.4539e+06   3.3915e+02
   1.6260e+07  -9.4287e+06   3.4930e+02
   1.5184e+07  -1.1307e+07   3.5903e+02
   1.3892e+07  -1.3063e+07   3.6832e+02
   1.2396e+07  -1.4671e+07   3.7718e+02
   1.0715e+07  -1.6108e+07   3.8557e+02
   8.8665e+06  -1.7352e+07   3.9351e+02
   6.8739e+06  -1.8384e+07   4.0097e+02
   4.7612e+06  -1.9187e+07   4.0795e+02
   2.5547e+06  -1.9747e+07   4.1443e+02
   2.8222e+05  -2.0054e+07   4.2042e+02
  -2.0270e+06  -2.0099e+07   4.2590e+02
  -4.3428e+06  -1.9878e+07   4.3087e+02
  -6.6347e+06  -1.9390e+07   4.3532e+02
  -8.8718e+06  -1.8638e+07   4.3924e+02
  -1.1024e+07  -1.7628e+07   4.4264e+02
  -1.3061e+07  -1.6370e+07   4.4550e+02
  -1.4954e+07  -1.4876e+07   4.4783e+02
  -1.6677e+07  -1.3163e+07   4.4962e+02
  -1.8203e+07  -1.1250e+07   4.5087e+02
  -1.9510e+07  -9.1612e+06   4.5157e+02
  -2.0577e+07  -6.9200e+06   4.5173e+02
  -2.1387e+07  -4.5545e+06   4.5135e+02
  -2.1925e+07  -2.0943e+06   4.5042e+02
  -2.2180e+07   4.2940e+05   4.4895e+02
  -2.2144e+07   2.9841e+06   4.4694e+02
  -2.1815e+07   5.5363e+06   4.4439e+02
  -2.1191e+07   8.0521e+06   4.4131e+02
  -2.0277e+07   1.0498e+07   4.3770e+02
  -1.9080e+07   1.2839e+07   4.3356e+02
  -1.7614e+07   1.5045e+07   4.2889e+02
  -1.5892e+07   1.7083e+07   4.2372e+02
  -1.3935e+07   1.8924e+07   4.1803e+02
  -1.1764e+07   2.0541e+07   4.1183e+02
  -9.4059e+06   2.1909e+07   4.0515e+02
  -6.8886e+06   2.3006e+07   3.9797e+02
  -4.2434e+06   2.3814e+07   3.9031e+02
  -1.5036e+06   2.4318e+07   3.8219e+02
   1.2961e+06   2.4506e+07   3.7360e+02
   4.1192e+06   2.4372e+07   3.6457e+02
   6.9287e+06   2.3913e+07   3.5510e+02
   9.6871e+06   2.3131e+07   3.4519e+02
   1.2357e+07   2.2030e+07   3.3488e+02
   1.4902e+07   2.0621e+07   3.2416e+02
   1.7286e+07   1.8918e+07   3.1305e+02
   1.9476e+07   1.6939e+07   3.0156e+02
   2.1439e+07   1.4707e+07   2.8971e+02
   2.3146e+07   1.2247e+07   2.7751e+02
   2.4571e+07   9.5893e+06   2.6498e+02
   2.5691e+07   6.7657e+06   2.5213e+02
   2.6487e+07   3.8114e+06   2.3897e+02
   2.6942e+07   7.6357e+05   2.2553e+02
   2.7047e+07  -2.3387e+06   2.1181e+02
   2.6795e+07  -5.4549e+06   1.9784e+02
   2.6184e+07  -8.5441e+06   1.8363e+02
   2.5217e+07  -1.1565e+07   1.6920e+02
   2.3901e+07  -1.4476e+07   1.5457e+02
   2.2249e+07  -1.7238e+07   1.3975e+02
   2.0278e+07  -1.9811e+07   1.2477e+02
   1.8009e+07  -2.2158e+07   1.0963e+02
   1.5469e+07  -2.4246e+07   9.4359e+01
   1.2686e+07  -2.6043e+07   7.8976e+01
   9.6952e+06  -2.7520e+07   6.3498e+01
   6.5321e+06  -2.8654e+07   4.7943e+01
   3.2364e+06  -2.9424e+07   3.2331e+01
  -1.5006e+05  -2.9816e+07   1.6680e+01
  -3.5837e+06  -2.9817e+07   1.0087e+00
  -7.0197e+06  -2.9423e+07  -1.4664e+01
  -1.0413e+07  -2.8633e+07  -3.0319e+01
  -1.3716e+07  -2.7452e+07  -4.5937e+01
  -1.6886e+07  -2.5890e+07  -6.1500e+01
  -1.9879e+07  -2.3961e+07  -7.6989e+01
  -2.2650e+07  -2.1687e+07  -9.2385e+01
  -2.5162e+07  -1.9092e+07  -1.0767e+02
  -2.7377e+07  -1.6206e+07  -1.2283e+02
  -2.9260e+07  -1.3064e+07  -1.3783e+02
  -3.0783e+07  -9.7020e+06  -1.5267e+02
  -3.1920e+07  -6.1630e+06  -1.6733e+02
  -3.2649e+07  -2.4908e+06  -1.8179e+02
  -3.2957e+07   1.2677e+06  -1.9603e+02
  -3.2831e+07   5.0640e+06  -2.1003e+02
  -3.2269e+07   8.8482e+06  -2.2378e+02
  -3.1270e+07   1.2570e+07  -2.3726e+02
  -2.9842e+07   1.6179e+07  -2.5045e+02
  -2.7998e+07   1.9626e+07  -2.6334e+02
  -2.5755e+07   2.2863e+07  -2.7592e+02
  -2.3138e+07   2.5843e+07  -2.8816e+02
  -2.0176e+07   2.8524e+07  -3.0006e+02
  -1.6904e+07   3.0866e+07  -3.1159e+02
  -1.3360e+07   3.2832e+07  -3.2275e+02
  -9.5871e+06   3.4392e+07  -3.3352e+02
  -5.6324e+06   3.5517e+07  -3.4389e+02
  -1.5456e+06   3.6189e+07  -3.5385e+02
   2.6212e+06   3.6389e+07  -3.6337e+02
   6.8136e+06   3.6111e+07  -3.7247e+02
   1.0977e+07   3.5349e+07  -3.8111e+02
   1.5055e+07   3.4107e+07  -3.8930e+02
   1.8992e+07   3.2395e+07  -3.9701e+02
   2.2735e+07   3.0228e+07  -4.0425e+02
   2.6230e+07   2.7629e+07  -4.1100e+02
   2.9429e+07   2.4626e+07  -4.1726e+02
   3.2284e+07   2.1252e+07  -4.2301e+02
   3.4751e+07   1.7548e+07  -4.2826e+02
   3.6794e+07   1.3557e+07  -4.3299e+02
   3.8379e+07   9.3279e+06  -4.3719e+02
   3.9477e+07   4.9140e+06  -4.4088e+02
   4.0068e+07   3.7081e+05  -4.4403e+02
   4.0136e+07  -4.2433e+06  -4.4664e+02
   3.9673e+07  -8.8682e+06  -4.4872e+02
   3.8677e+07  -1.3443e+07  -4.5026e+02
   3.7153e+07  -1.7905e+07  -4.5126e+02
   3.5115e+07  -2.2195e+07  -4.5171e+02
   3.2581e+07  -2.6253e+07  -4.5162e+02
   2.9578e+07  -3.0022e+07  -4.5099e+02
   2.6140e+07  -3.3447e+07  -4.4981e+02
   2.2304e+07  -3.6478e+07  -4.4809e+02
   1.8118e+07  -3.9070e+07  -4.4583e+02
   1.3630e+07  -4.1181e+07  -4.4304e+02
   8.8958e+06  -4.2777e+07  -4.3971e+02
   3.9752e+06  -4.3828e+07  -4.3585e+02
  -1.0695e+06  -4.4313e+07  -4.3147e+02
  -6.1734e+06  -4.4218e+07  -4.2657e+02
  -1.1269e+07  -4.3535e+07  -4.2115e+02
  -1.6290e+07  -4.2265e+07  -4.1523e+02
  -2.1168e+07  -4.0415e+07  -4.0881e+02
  -2.5835e+07  -3.8003e+07  -4.0189e+02
  -3.0228e+07  -3.5052e+07  -3.9449e+02
  -3.4284e+07  -3.1592e+07  -3.8662e+02
  -3.7943e+07  -2.7664e+07  -3.7828e+02
  -4.1153e+07  -2.3312e+07  -3.6949e+02
  -4.3864e+07  -1.8587e+07  -3.6025e+02
  -4.6032e+07  -1.3547e+07  -3.5058e+02
  -4.7621e+07  -8.2547e+06  -3.4048e+02
  -4.8601e+07  -2.7757e+06  -3.2998e+02
  -4.8951e+07   2.8197e+06  -3.1908e+02
  -4.8658e+07   8.4589e+06  -3.0779e+02
  -4.7714e+07   1.4068e+07  -2.9613e+02
  -4.6124e+07   1.9572e+07  -2.8412e+02
  -4.3899e+07   2.4896e+07  -2.7177e+02
  -4.1059e+07   2.9967e+07  -2.5908e+02
  -3.7634e+07   3.4715e+07  -2.4609e+02
  -3.3660e+07   3.9071e+07  -2.3280e+02
  -2.9181e+07   4.2972e+07  -2.1923e+02
  -2.4251e+07   4.6359e+07  -2.0539e+02
  -1.8927e+07   4.9181e+07  -1.9131e+02
  -1.3275e+07   5.1392e+07  -1.7700e+02
  -7.3649e+06   5.2953e+07  -1.6247e+02
  -1.2711e+06   5.3835e+07  -1.4775e+02
   4.9280e+06   5.4015e+07  -1.3285e+02
   1.1152e+07   5.3482e+07  -1.1779e+02
   1.7318e+07   5.2231e+07  -1.0259e+02
   2.3344e+07   5.0270e+07  -8.7270e+01
   2.9148e+07   4.7613e+07  -7.1841e+01
   3.4650e+07   4.4286e+07  -5.6325e+01
   3.9772e+07   4.0324e+07  -4.0742e+01
   4.4441e+07   3.5769e+07  -2.5109e+01
   4.8589e+07   3.0674e+07  -9.4462e+00
   5.2152e+07   2.5097e+07   6.2279e+00
   5.5075e+07   1.9107e+07   2.1895e+01
   5.7311e+07   1.2777e+07   3.7535e+01
   5.8818e+07   6.1846e+06   5.3130e+01
   5.9568e+07  -5.8524e+05   6.8661e+01
   5.9538e+07  -7.4456e+06   8.4109e+01
   5.8718e+07  -1.4307e+07   9.9457e+01
   5.7108e+07  -2.1078e+07   1.1468e+02
   5.4716e+07  -2.7668e+07   1.2977e+02
   5.1565e+07  -3.3987e+07   1.4471e+02
   4.7683e+07  -3.9947e+07   1.5947e+02
   4.3113e+07  -4.5463e+07   1.7403e+02
   3.7905e+07  -5.0457e+07   1.8839e+02
   3.2118e+07  -5.4854e+07   2.0252e+02
   2.5821e+07  -5.8587e+07   2.1641e+02
   1.9090e+07  -6.1598e+07   2.3003e+02
   1.2009e+07  -6.3835e+07   2.4338e+02
   4.6649e+06  -6.5258e+07   2.5644e+02
  -2.8474e+06  -6.5837e+07   2.6919e+02
  -1.0431e+07  -6.5550e+07   2.8161e+02
  -1.7987e+07  -6.4390e+07   2.9370e+02
  -2.5413e+07  -6.2360e+07   3.0543e+02
  -3.2611e+07  -5.9472e+07   3.1679e+02
  -3.9480e+07  -5.5754e+07   3.2777e+02
  -4.5926e+07  -5.1243e+07   3.3836e+02
  -5.1856e+07  -4.5986e+07   3.4854e+02
  -5.7184e+07  -4.0043e+07   3.5830e+02
  -6.1832e+07  -3.3483e+07   3.6763e+02
  -6.5727e+07  -2.6383e+07   3.7651e+02
  -6.8806e+07  -1.8830e+07   3.8495e+02
  -7.1018e+07  -1.0918e+07   3.9292e+02
  -7.2320e+07  -2.7465e+06   4.0041e+02
  -7.2682e+07   5.5804e+06   4.0743e+02
  -7.2085e+07   1.3954e+07   4.1395e+02
  -7.0523e+07   2.2265e+07   4.1998e+02
  -6.8004e+07   3.0400e+07   4.2550e+02
  -6.4545e+07   3.8251e+07   4.3051e+02
  -6.0181e+07   4.5709e+07   4.3499e+02
  -5.4955e+07   5.2668e+07   4.3896e+02
  -4.8924e+07   5.9030e+07   4.4240e+02
  -4.2157e+07   6.4701e+07   4.4530e+02
  -3.4732e+07   6.9597e+07   4.4767e+02
  -2.6739e+07   7.3641e+07   4.4950e+02
  -1.8275e+07   7.6767e+07   4.5079e+02
  -9.4452e+06   7.8920e+07   4.5154e+02
  -3.6241e+05   8.0057e+07   4.5174e+02
   8.8571e+06   8.0149e+07   4.5140e+02
   1.8093e+07   7.9180e+07   4.5051e+02
   2.7223e+07   7.7146e+07   4.4908e+02
   3.6125e+07   7.4060e+07   4.4712e+02
   4.4677e+07   6.9946e+07   4.4461e+02
   5.2760e+07   6.4845e+07   4.4157e+02
   6.0261e+07   5.8810e+07   4.3799e+02
   6.7072e+07   5.1907e+07   4.3389e+02
   7.3092e+07   4.4215e+07   4.2927e+02
   7.8231e+07   3.5826e+07   4.2413e+02
   8.2406e+07   2.6839e+07   4.1848e+02
   8.5549e+07   1.7366e+07   4.1233e+02
   8.7603e+07   7.5245e+06   4.0568e+02
   8.8525e+07  -2.5594e+06   3.9854e+02
   8.8286e+07  -1.2756e+07   3.9092e+02
   8.6873e+07  -2.2931e+07   3.8283e+02
   8.4287e+07  -3.2950e+07   3.7428e+02
   8.0545e+07  -4.2678e+07   3.6528e+02
   7.5681e+07  -5.1981e+07   3.5584e+02
   6.9743e+07  -6.0729e+07   3.4597e+02
   6.2793e+07  -6.8799e+07   3.3568e+02
   5.4910e+07  -7.6074e+07   3.2499e+02
   4.6184e+07  -8.2446e+07   3.1391e+02
   3.6718e+07  -8.7816e+07   3.0245e+02
   2.6628e+07  -9.2100e+07   2.9063e+02
   1.6038e+07  -9.5225e+07   2.7846e+02
   5.0821e+06  -9.7132e+07   2.6595e+02
  -6.1006e+06  -9.7779e+07   2.5312e+02
  -1.7365e+07  -9.7138e+07   2.3999e+02
  -2.8562e+07  -9.5199e+07   2.2657e+02
  -3.9544e+07  -9.1970e+07   2.1287e+02
  -5.0160e+07  -8.7474e+07   1.9892e+02
  -6.0266e+07  -8.1753e+07   1.8473e+02
  -6.9718e+07  -7.4864e+07   1.7032e+02
  -7.8384e+07  -6.6882e+07   1.5570e+02
  -8.6135e+07  -5.7897e+07   1.4089e+02
  -9.2857e+07  -4.8014e+07   1.2592e+02
  -9.8445e+07  -3.7351e+07   1.1079e+02
  -1.0281e+08  -2.6037e+07   9.5533e+01
  -1.0587e+08  -1.4214e+07   8.0158e+01
  -1.0758e+08  -2.0300e+06   6.4687e+01