  -6.8713e+02   7.8985e+02   2.0113e+02
  -6.8062e+02   7.8396e+02   1.7233e+02
  -6.7717e+02   7.7839e+02   1.4271e+02
  -6.7669e+02   7.7387e+02   1.1240e+02
  -6.7893e+02   7.7110e+02   8.1552e+01
  -6.8347e+02   7.7072e+02   5.0309e+01
  -6.8975e+02   7.7329e+02   1.8823e+01
  -6.9707e+02   7.7923e+02  -1.2753e+01
  -7.0463e+02   7.8882e+02  -4.4268e+01
  -7.1159e+02   8.0212e+02  -7.5570e+01
  -7.1706e+02   8.1903e+02  -1.0651e+02
  -7.2018e+02   8.3923e+02  -1.3693e+02
  -7.2017e+02   8.6220e+02  -1.6670e+02
  -7.1636e+02   8.8725e+02  -1.9566e+02
  -7.0825e+02   9.1351e+02  -2.2368e+02
  -6.9552e+02   9.4002e+02  -2.5062e+02
  -6.7808e+02   9.6573e+02  -2.7636e+02
  -6.5609e+02   9.8957e+02  -3.0077e+02
  -6.2993e+02   1.0105e+03  -3.2372e+02
  -6.0026e+02   1.0275e+03  -3.4512e+02
  -5.6792e+02   1.0399e+03  -3.6486e+02
  -5.3396e+02   1.0470e+03  -3.8284e+02
  -4.9959e+02   1.0485e+03  -3.9897e+02
  -4.6606e+02   1.0442e+03  -4.1319e+02
  -4.3469e+02   1.0343e+03  -4.2541e+02
  -4.0675e+02   1.0194e+03  -4.3559e+02
  -3.8338e+02   1.0002e+03  -4.4367e+02
  -3.6555e+02   9.7779e+02  -4.4961e+02
  -3.5400e+02   9.5343e+02  -4.5338e+02
  -3.4917e+02   9.2859e+02  -4.5498e+02
  -3.5115e+02   9.0483e+02  -4.5438e+02
  -3.5971e+02   8.8372e+02  -4.5159e+02
  -3.7422e+02   8.6679e+02  -4.4663e+02
  -3.9370e+02   8.5545e+02  -4.3952e+02
  -4.1686e+02   8.5086e+02  -4.3030e+02
  -4.4213e+02   8.5389e+02  -4.1900e+02
  -4.6773e+02   8.6507e+02  -4.0568e+02
  -4.9177e+02   8.8449e+02  -3.9041e+02
  -5.1232e+02   9.1183e+02  -3.7326e+02
  -5.2752e+02   9.4631e+02  -3.5431e+02
  -5.3568e+02   9.8673e+02  -3.3365e+02
  -5.3541e+02   1.0315e+03  -3.1139e+02
  -5.2564e+02   1.0787e+03  -2.8763e+02
  -5.0578e+02   1.1261e+03  -2.6248e+02
  -4.7572e+02   1.1715e+03  -2.3607e+02
  -4.3588e+02   1.2124e+03  -2.0852e+02
  -3.8724e+02   1.2467e+03  -1.7997e+02
  -3.3128e+02   1.2722e+03  -1.5056e+02
  -2.6996e+02   1.2874e+03  -1.2041e+02
  -2.0565e+02   1.2908e+03  -8.9690e+01
  -1.4099e+02   1.2819e+03  -5.8535e+01
  -7.8820e+01   1.2606e+03  -2.7098e+01
  -2.1984e+01   1.2272e+03   4.4691e+00
   2.6777e+01   1.1832e+03   3.6015e+01
   6.4997e+01   1.1303e+03   6.7387e+01
   9.0628e+01   1.0708e+03   9.8435e+01
   1.0217e+02   1.0078e+03   1.2901e+02
   9.8786e+01   9.4446e+02   1.5896e+02
   8.0384e+01   8.8419e+02   1.8815e+02
   4.7662e+01   8.3047e+02   2.1643e+02
   2.1220e+00   7.8664e+02   2.4367e+02
  -5.3968e+01   7.5566e+02   2.6973e+02
  -1.1765e+02   7.4001e+02   2.9450e+02
  -1.8538e+02   7.4147e+02   3.1785e+02
  -2.5320e+02   7.6103e+02   3.3966e+02
  -3.1693e+02   7.9875e+02   3.5985e+02
  -3.7234e+02   8.5373e+02   3.7830e+02
  -4.1540e+02   9.2411e+02   3.9492e+02
  -4.4252e+02   1.0071e+03   4.0965e+02
  -4.5072e+02   1.0990e+03   4.2240e+02
  -4.3788e+02   1.1956e+03   4.3312e+02
  -4.0284e+02   1.2919e+03   4.4175e+02
  -3.4557e+02   1.3829e+03   4.4826e+02
  -2.6722e+02   1.4635e+03   4.5260e+02
  -1.7012e+02   1.5287e+03   4.5477e+02
  -5.7727e+01   1.5742e+03   4.5475e+02
   6.5486e+01   1.5964e+03   4.5254e+02
   1.9421e+02   1.5929e+03   4.4815e+02
   3.2254e+02   1.5621e+03   4.4160e+02
   4.4425e+02   1.5042e+03   4.3292e+02
   5.5309e+02   1.4207e+03   4.2216e+02
   6.4314e+02   1.3143e+03   4.0936e+02
   7.0913e+02   1.1895e+03   3.9460e+02
   7.4677e+02   1.0516e+03   3.7793e+02
   7.5300e+02   9.0716e+02   3.5945e+02
   7.2627e+02   7.6342e+02   3.3923e+02
   6.6668e+02   6.2796e+02   3.1738e+02
   5.7608e+02   5.0836e+02   2.9400e+02
   4.5807e+02   4.1179e+02   2.6921e+02
   3.1791e+02   3.4463e+02   2.4312e+02
   1.6234e+02   3.1205e+02   2.1585e+02
  -6.7495e-01   3.1768e+02   1.8755e+02
  -1.6234e+02   3.6333e+02   1.5835e+02
  -3.1340e+02   4.4877e+02   1.2838e+02
  -4.4465e+02   5.7167e+02   9.7797e+01
  -5.4738e+02   7.2755e+02   6.6741e+01
  -6.1389e+02   9.0991e+02   3.5364e+01
  -6.3797e+02   1.1105e+03   3.8165e+00
  -6.1529e+02   1.3195e+03  -2.7750e+01
  -5.4376e+02   1.5263e+03  -5.9182e+01
  -4.2376e+02   1.7195e+03  -9.0329e+01
  -2.5826e+02   1.8879e+03  -1.2104e+02
  -5.2815e+01   2.0211e+03  -1.5117e+02
   1.8456e+02   2.1096e+03  -1.8057e+02
   4.4370e+02   2.1461e+03  -2.0910e+02
   7.1269e+02   2.1254e+03  -2.3663e+02
   9.7841e+02   2.0450e+03  -2.6302e+02
   1.2271e+03   1.9055e+03  -2.8813e+02
   1.4452e+03   1.7108e+03  -3.1187e+02
   1.6199e+03   1.4676e+03  -3.3409e+02
   1.7399e+03   1.1859e+03  -3.5472e+02
   1.7963e+03   8.7823e+02  -3.7363e+02
   1.7829e+03   5.5905e+02  -3.9074e+02
   1.6970e+03   2.4444e+02  -4.0597e+02
   1.5394e+03  -4.8893e+01  -4.1925e+02
   1.3149e+03  -3.0440e+02  -4.3051e+02
   1.0320e+03  -5.0658e+02  -4.3969e+02
   7.0293e+02  -6.4186e+02  -4.4676e+02
   3.4298e+02  -6.9946e+02  -4.5167e+02
  -3.0009e+01  -6.7208e+02  -4.5442e+02
  -3.9648e+02  -5.5650e+02  -4.5497e+02
  -7.3608e+02  -3.5403e+02  -4.5333e+02
  -1.0287e+03  -7.0634e+01  -4.4951e+02
  -1.2556e+03   2.8304e+02  -4.4352e+02
  -1.4003e+03   6.9203e+02  -4.3540e+02
  -1.4499e+03   1.1375e+03  -4.2518e+02
  -1.3957e+03   1.5977e+03  -4.1291e+02
  -1.2341e+03   2.0487e+03  -3.9866e+02
  -9.6693e+02   2.4657e+03  -3.8248e+02
  -6.0164e+02   2.8243e+03  -3.6447e+02
  -1.5144e+02   3.1018e+03  -3.4470e+02
   3.6519e+02   3.2783e+03  -3.2326e+02
   9.2521e+02   3.3383e+03  -3.0028e+02
   1.5019e+03   3.2715e+03  -2.7584e+02
   2.0661e+03   3.0738e+03  -2.5008e+02
   2.5877e+03   2.7476e+03  -2.2311e+02
   3.0370e+03   2.3024e+03  -1.9507e+02
   3.3864e+03   1.7545e+03  -1.6609e+02
   3.6121e+03   1.1268e+03  -1.3631e+02
   3.6953e+03   4.4748e+02  -1.0587e+02
   3.6238e+03  -2.5082e+02  -7.4926e+01
   3.3929e+03  -9.3251e+02  -4.3619e+01
   3.0060e+03  -1.5609e+03  -1.2101e+01
   2.4751e+03  -2.0998e+03   1.9475e+01
   1.8204e+03  -2.5160e+03   5.0957e+01
   1.0698e+03  -2.7806e+03   8.2194e+01
   2.5816e+02  -2.8711e+03   1.1303e+02
  -5.7471e+02  -2.7732e+03   1.4333e+02
  -1.3854e+03  -2.4814e+03   1.7294e+02
  -2.1291e+03  -2.0003e+03   2.0171e+02
  -2.7621e+03  -1.3451e+03   2.2951e+02
  -3.2441e+03  -5.4057e+02   2.5621e+02
  -3.5401e+03   3.7864e+02   2.8167e+02
  -3.6233e+03   1.3700e+03   3.0578e+02
  -3.4765e+03   2.3848e+03   3.2841e+02
  -3.0938e+03   3.3699e+03   3.4947e+02
  -2.4813e+03   4.2710e+03   3.6884e+02
  -1.6578e+03   5.0349e+03   3.8643e+02
  -6.5441e+02   5.6126e+03   4.0216e+02
   4.8654e+02   5.9623e+03   4.1596e+02
   1.7129e+03   6.0516e+03   4.2775e+02
   2.9648e+03   5.8602e+03   4.3749e+02
   4.1778e+03   5.3815e+03   4.4511e+02
   5.2856e+03   4.6236e+03   4.5059e+02
   6.2236e+03   3.6102e+03   4.5391e+02
   6.9326e+03   2.3796e+03   4.5503e+02
   7.3620e+03   9.8399e+02   4.5397e+02
   7.4731e+03  -5.1262e+02   4.5072e+02
   7.2418e+03  -2.0372e+03   4.4530e+02
   6.6609e+03  -3.5110e+03   4.3773e+02
   5.7411e+03  -4.8534e+03   4.2806e+02
   4.5120e+03  -5.9860e+03   4.1633e+02
   3.0210e+03  -6.8371e+03   4.0259e+02
   1.3323e+03  -7.3456e+03   3.8691e+02
  -4.7559e+02  -7.4652e+03   3.6937e+02
  -2.3134e+03  -7.1675e+03   3.5005e+02
  -4.0851e+03  -6.4446e+03   3.2904e+02
  -5.6926e+03  -5.3105e+03   3.0645e+02
  -7.0408e+03  -3.8022e+03   2.8239e+02
  -8.0427e+03  -1.9785e+03   2.5696e+02
  -8.6248e+03   8.1773e+01   2.3030e+02
  -8.7317e+03   2.2824e+03   2.0252e+02
  -8.3297e+03   4.5142e+03   1.7378e+02
  -7.4104e+03   6.6601e+03   1.4419e+02
  -5.9923e+03   8.6007e+03   1.1391e+02
  -4.1213e+03   1.0221e+04   8.3086e+01
  -1.8702e+03   1.1415e+04   5.1858e+01
   6.6388e+02   1.2094e+04   2.0381e+01
   3.3631e+03   1.2192e+04  -1.1194e+01
   6.0942e+03   1.1670e+04  -4.2716e+01
   8.7142e+03   1.0518e+04  -7.4031e+01
   1.1078e+04   8.7613e+03  -1.0499e+02
   1.3045e+04   6.4561e+03  -1.3544e+02
   1.4489e+04   3.6927e+03  -1.6525e+02
   1.5302e+04   5.9068e+02  -1.9425e+02
   1.5405e+04  -2.7057e+03  -2.2232e+02
   1.4751e+04  -6.0335e+03  -2.4932e+02
   1.3332e+04  -9.2184e+03  -2.7512e+02
   1.1178e+04  -1.2084e+04  -2.9959e+02
   8.3609e+03  -1.4460e+04  -3.2263e+02
   4.9919e+03  -1.6192e+04  -3.4410e+02
   1.2179e+03  -1.7152e+04  -3.6392e+02
  -2.7844e+03  -1.7245e+04  -3.8199e+02
  -6.8158e+03  -1.6415e+04  -3.9822e+02
  -1.0664e+04  -1.4655e+04  -4.1253e+02
  -1.4114e+04  -1.2003e+04  -4.2486e+02
  -1.6959e+04  -8.5492e+03  -4.3513e+02
  -1.9013e+04  -4.4311e+03  -4.4332e+02
  -2.0122e+04   1.7097e+02  -4.4937e+02
  -2.0171e+04   5.0405e+03  -4.5325e+02
  -1.9096e+04   9.9339e+03  -4.5495e+02
  -1.6889e+04   1.4592e+04  -4.5446e+02
  -1.3601e+04   1.8755e+04  -4.5178e+02
  -9.3438e+03   2.2171e+04  -4.4693e+02
  -4.2863e+03   2.4615e+04  -4.3992e+02
   1.3493e+03   2.5900e+04  -4.3080e+02
   7.2977e+03   2.5891e+04  -4.1960e+02
   1.3261e+04   2.4512e+04  -4.0638e+02
   1.8925e+04   2.1756e+04  -3.9121e+02
   2.3971e+04   1.7689e+04  -3.7415e+02
   2.8095e+04   1.2449e+04  -3.5528e+02
   3.1025e+04   6.2467e+03  -3.3471e+02
   3.2537e+04  -6.4634e+02  -3.1253e+02
   3.2467e+04  -7.9049e+03  -2.8884e+02
   3.0727e+04  -1.5166e+04  -2.6375e+02
   2.7313e+04  -2.2044e+04  -2.3740e+02
   2.2309e+04  -2.8154e+04  -2.0991e+02
   1.5888e+04  -3.3126e+04  -1.8140e+02
   8.3070e+03  -3.6632e+04  -1.5203e+02
  -9.7663e+01  -3.8401e+04  -1.2192e+02
  -8.9285e+03  -3.8239e+04  -9.1218e+01
  -1.7742e+04  -3.6042e+04  -6.0081e+01
  -2.6069e+04  -3.1810e+04  -2.8655e+01
  -3.3440e+04  -2.5650e+04   2.9095e+00
  -3.9408e+04  -1.7777e+04   3.4460e+01
  -4.3575e+04  -8.5093e+03   6.5844e+01
  -4.5616e+04   1.7411e+03   9.6911e+01
  -4.5299e+04   1.2487e+04   1.2751e+02
  -4.2503e+04   2.3187e+04   1.5750e+02
  -3.7233e+04   3.3269e+04   1.8673e+02
  -2.9626e+04   4.2163e+04   2.1506e+02
  -1.9948e+04   4.9326e+04   2.4235e+02
  -8.5937e+03   5.4278e+04   2.6847e+02
   3.9324e+03   5.6626e+04   2.9331e+02
   1.7033e+04   5.6095e+04   3.1673e+02
   3.0048e+04   5.2545e+04   3.3862e+02
   4.2279e+04   4.5987e+04   3.5889e+02
   5.3034e+04   3.6595e+04   3.7743e+02
   6.1655e+04   2.4702e+04   3.9415e+02
   6.7560e+04   1.0793e+04   4.0897e+02
   7.0280e+04  -4.5129e+03   4.2182e+02
   6.9483e+04  -2.0484e+04   4.3264e+02
   6.5008e+04  -3.6313e+04   4.4138e+02
   5.6878e+04  -5.1151e+04   4.4799e+02
   4.5312e+04  -6.4155e+04   4.5244e+02
   3.0724e+04  -7.4529e+04   4.5472e+02
   1.3713e+04  -8.1570e+04   4.5480e+02
  -4.9611e+03  -8.4711e+04   4.5270e+02
  -2.4403e+04  -8.3560e+04   4.4841e+02
  -4.3627e+04  -7.7929e+04   4.4197e+02
  -6.1600e+04  -6.7856e+04   4.3340e+02
  -7.7296e+04  -5.3620e+04   4.2274e+02
  -8.9750e+04  -3.5733e+04   4.1004e+02
  -9.8114e+04  -1.4934e+04   3.9537e+02
  -1.0171e+05   7.8430e+03   3.7880e+02
  -1.0006e+05   3.1504e+04   3.6040e+02
  -9.2954e+04   5.4844e+04   3.4027e+02
  -8.0454e+04   7.6605e+04   3.1850e+02
  -6.2908e+04   9.5542e+04   2.9519e+02
  -4.0954e+04   1.1048e+05   2.7046e+02
  -1.5502e+04   1.2040e+05   2.4443e+02
   1.2303e+04   1.2449e+05   2.1723e+02
   4.1120e+04   1.2218e+05   1.8897e+02
   6.9480e+04   1.1322e+05   1.5981e+02
   9.5850e+04   9.7707e+04   1.2988e+02
   1.1872e+05   7.6081e+04   9.9320e+01
   1.3666e+05   4.9132e+04   6.8284e+01
   1.4845e+05   1.7980e+04   3.6919e+01
   1.5309e+05  -1.5965e+04   5.3761e+00
   1.4992e+05  -5.1067e+04  -2.6193e+01
   1.3867e+05  -8.5530e+04  -5.7635e+01
   1.1945e+05  -1.1749e+05  -8.8800e+01
   9.2826e+04  -1.4510e+05  -1.1954e+02
   5.9775e+04  -1.6666e+05  -1.4970e+02
   2.1678e+04  -1.8065e+05  -1.7914e+02
  -1.9737e+04  -1.8591e+05  -2.0772e+02
  -6.2466e+04  -1.8165e+05  -2.3530e+02
  -1.0432e+05  -1.6753e+05  -2.6174e+02
  -1.4302e+05  -1.4374e+05  -2.8693e+02
  -1.7634e+05  -1.1098e+05  -3.1073e+02
  -2.0220e+05  -7.0457e+04  -3.3303e+02
  -2.1878e+05  -2.3882e+04  -3.5374e+02
  -2.2468e+05   2.6629e+04  -3.7274e+02
  -2.1896e+05   7.8625e+04  -3.8994e+02
  -2.0125e+05   1.2943e+05  -4.0527e+02
  -1.7178e+05   1.7629e+05  -4.1864e+02
  -1.3145e+05   2.1647e+05  -4.3000e+02
  -8.1761e+04   2.4746e+05  -4.3929e+02
  -2.4805e+04   2.6709e+05  -4.4646e+02
   3.6817e+04   2.7364e+05  -4.5148e+02
   1.0011e+05   2.6602e+05  -4.5433e+02
   1.6180e+05   2.4380e+05  -4.5499e+02
   2.1853e+05   2.0731e+05  -4.5346e+02
   2.6701e+05   1.5766e+05  -4.4975e+02
   3.0417e+05   9.6715e+04  -4.4387e+02
   3.2739e+05   2.7058e+04  -4.3585e+02
   3.3462e+05  -4.8125e+04  -4.2573e+02
   3.2456e+05  -1.2517e+05  -4.1357e+02
   2.9673e+05  -2.0009e+05  -3.9941e+02
   2.5158e+05  -2.6879e+05  -3.8333e+02
   1.9049e+05  -3.2726e+05  -3.6540e+02
   1.1578e+05  -3.7182e+05  -3.4571e+02
   3.0615e+04  -3.9928e+05  -3.2436e+02
  -6.1084e+04  -4.0719e+05  -3.0145e+02
  -1.5484e+05  -3.9401e+05  -2.7708e+02
  -2.4579e+05  -3.5921e+05  -2.5138e+02
  -3.2895e+05  -3.0337e+05  -2.2447e+02
  -3.9946e+05  -2.2823e+05  -1.9648e+02
  -4.5284e+05  -1.3667e+05  -1.6754e+02
  -4.8526e+05  -3.2583e+04  -1.3780e+02
  -4.9379e+05   7.9231e+04  -1.0739e+02
  -4.7659e+05   1.9329e+05  -7.6464e+01
  -4.3307e+05   3.0367e+05  -4.5171e+01
  -3.6401e+05   4.0431e+05  -1.3660e+01
  -2.7161e+05   4.8929e+05   1.7917e+01
  -1.5939e+05   5.5320e+05   4.9407e+01
  -3.2168e+04   5.9142e+05   8.0659e+01
   1.0418e+05   6.0043e+05   1.1152e+02
   2.4295e+05   5.7806e+05   1.4185e+02
   3.7691e+05   5.2367e+05   1.7149e+02
   4.9869e+05   4.3828e+05   2.0031e+02
   6.0111e+05   3.2463e+05   2.2817e+02
   6.7761e+05   1.8710e+05   2.5492e+02
   7.2263e+05   3.1599e+04   2.8045e+02
   7.3194e+05  -1.3467e+05   3.0462e+02
   7.0299e+05  -3.0350e+05   3.2733e+02
   6.3507e+05  -4.6609e+05   3.4847e+02
   5.2954e+05  -6.1345e+05   3.6792e+02
   3.8980e+05  -7.3687e+05   3.8560e+02
   2.2128e+05  -8.2843e+05   4.0143e+02
   3.1246e+04  -8.8140e+05   4.1532e+02
  -1.7147e+05  -8.9074e+05   4.2722e+02
  -3.7684e+05  -8.5342e+05   4.3705e+02
  -5.7413e+05  -7.6870e+05   4.4479e+02
  -7.5241e+05  -6.3832e+05   4.5037e+02
  -9.0110e+05  -4.6656e+05   4.5380e+02
  -1.0106e+06  -2.6012e+05   4.5503e+02
  -1.0728e+06  -2.7934e+04   4.5407e+02
  -1.0818e+06   2.1917e+05   4.5093e+02
  -1.0338e+06   4.6894e+05   4.4562e+02
  -9.2815e+05   7.0829e+05   4.3816e+02
  -7.6713e+05   9.2392e+05   4.2859e+02
  -5.5603e+05   1.1030e+06   4.1695e+02
  -3.0315e+05   1.2339e+06   4.0331e+02
  -1.9485e+04   1.3069e+06   3.8773e+02
   2.8171e+05   1.3147e+06   3.7028e+02
   5.8547e+05   1.2532e+06   3.5104e+02
   8.7582e+05   1.1215e+06   3.3012e+02
   1.1366e+06   9.2269e+05   3.0760e+02
   1.3522e+06   6.6327e+05   2.8361e+02
   1.5086e+06   3.5353e+05   2.5825e+02
   1.5941e+06   6.9767e+03   2.3164e+02
   1.5999e+06  -3.6014e+05   2.0392e+02
   1.5213e+06  -7.2953e+05   1.7522e+02
   1.3573e+06  -1.0817e+06   1.4567e+02
   1.1118e+06  -1.3971e+06   1.1542e+02
   7.9306e+05  -1.6566e+06   8.4619e+01
   4.1373e+05  -1.8435e+06   5.3408e+01
  -9.5976e+03  -1.9434e+06   2.1939e+01
  -4.5700e+05  -1.9461e+06  -9.6348e+00
  -9.0616e+05  -1.8457e+06  -4.1163e+01
  -1.3333e+06  -1.6416e+06  -7.2492e+01
  -1.7146e+06  -1.3387e+06  -1.0347e+02
  -2.0270e+06  -9.4713e+05  -1.3395e+02
  -2.2500e+06  -4.8265e+05  -1.6379e+02
  -2.3666e+06   3.4377e+04  -1.9284e+02
  -2.3644e+06   5.7956e+05  -2.2096e+02
  -2.2367e+06   1.1256e+06  -2.4801e+02
  -1.9828e+06   1.6436e+06  -2.7388e+02
  -1.6090e+06   2.1045e+06  -2.9842e+02
  -1.1281e+06   2.4804e+06  -3.2152e+02
  -5.5945e+05   2.7464e+06  -3.4308e+02
   7.1950e+04   2.8822e+06  -3.6299e+02
   7.3622e+05   2.8729e+06  -3.8114e+02
   1.4000e+06   2.7105e+06  -3.9746e+02
   2.0281e+06   2.3949e+06  -4.1187e+02
   2.5850e+06   1.9338e+06  -4.2429e+02
   3.0372e+06   1.3432e+06  -4.3468e+02
   3.3545e+06   6.4701e+05  -4.4296e+02
   3.5122e+06  -1.2402e+05  -4.4912e+02
   3.4927e+06  -9.3333e+05  -4.5311e+02
   3.2868e+06  -1.7402e+06  -4.5492e+02
   2.8945e+06  -2.5017e+06  -4.5454e+02
   2.3258e+06  -3.1747e+06  -4.5197e+02
   1.6007e+06  -3.7184e+06  -4.4722e+02
   7.4850e+05  -4.0966e+06  -4.4032e+02
  -1.9294e+05  -4.2793e+06  -4.3130e+02
  -1.1788e+06  -4.2458e+06  -4.2020e+02
  -2.1595e+06  -3.9850e+06  -4.0708e+02
  -3.0826e+06  -3.4977e+06  -3.9200e+02
  -3.8958e+06  -2.7966e+06  -3.7503e+02
  -4.5495e+06  -1.9064e+06  -3.5626e+02
  -4.9998e+06  -8.6341e+05  -3.3576e+02
  -5.2111e+06   2.8595e+05  -3.1366e+02
  -5.1581e+06   1.4869e+06  -2.9004e+02
  -4.8285e+06   2.6786e+06  -2.6502e+02
  -4.2235e+06   3.7974e+06  -2.3873e+02
  -3.3593e+06   4.7797e+06  -2.1129e+02
  -2.2666e+06   5.5654e+06  -1.8283e+02
  -9.9024e+05   6.1014e+06  -1.5350e+02
   4.1281e+05   6.3448e+06  -1.2342e+02
   1.8755e+06   6.2656e+06  -9.2746e+01
   3.3236e+06   5.8494e+06  -6.1627e+01
   4.6794e+06   5.0985e+06  -3.0211e+01
   5.8658e+06   4.0335e+06   1.3498e+00
   6.8098e+06   2.6925e+06   3.2904e+01
   7.4474e+06   1.1307e+06   6.4300e+01
   7.7268e+06  -5.8186e+05   9.5387e+01
   7.6125e+06  -2.3631e+06   1.2601e+02
   7.0876e+06  -4.1226e+06   1.5603e+02
   6.1561e+06  -5.7655e+06   1.8530e+02
   4.8439e+06  -7.1981e+06   2.1368e+02
   3.1984e+06  -8.3321e+06   2.4103e+02
   1.2876e+06  -9.0899e+06   2.6721e+02
  -8.0263e+05  -9.4095e+06   2.9211e+02
  -2.9717e+06  -9.2485e+06   3.1561e+02
  -5.1092e+06  -8.5875e+06   3.3758e+02
  -7.0998e+06  -7.4324e+06   3.5793e+02
  -8.8294e+06  -5.8160e+06   3.7655e+02
  -1.0191e+07  -3.7972e+06   3.9336e+02
  -1.1091e+07  -1.4596e+06   4.0828e+02
  -1.1455e+07   1.0912e+06   4.2123e+02
  -1.1233e+07   3.7323e+06   4.3215e+02
  -1.0401e+07   6.3287e+06   4.4099e+02
  -8.9694e+06   8.7402e+06   4.4771e+02
  -6.9787e+06   1.0828e+07   4.5227e+02
  -4.5021e+06   1.2463e+07   4.5466e+02
  -1.6428e+06   1.3531e+07   4.5485e+02
   1.4698e+06   1.3943e+07   4.5285e+02
   4.6852e+06   1.3640e+07   4.4868e+02
   7.8388e+06   1.2595e+07   4.4234e+02
   1.0760e+07   1.0821e+07   4.3387e+02
   1.3279e+07   8.3698e+06   4.2331e+02
   1.5241e+07   5.3322e+06   4.1072e+02
   1.6508e+07   1.8351e+06   3.9614e+02
   1.6972e+07  -1.9626e+06   3.7966e+02
   1.6563e+07  -5.8768e+06   3.6135e+02
   1.5251e+07  -9.7067e+06   3.4130e+02
   1.3054e+07  -1.3244e+07   3.1961e+02
   1.0037e+07  -1.6285e+07   2.9638e+02
   6.3116e+06  -1.8638e+07   2.7172e+02
   2.0349e+06  -2.0138e+07   2.4575e+02
  -2.5983e+06  -2.0658e+07   2.1860e+02
  -7.3628e+06  -2.0112e+07   1.9039e+02
  -1.2014e+07  -1.8467e+07   1.6127e+02
  -1.6297e+07  -1.5747e+07   1.3137e+02
  -1.9965e+07  -1.2033e+07   1.0084e+02
  -2.2787e+07  -7.4649e+06   6.9826e+01
  -2.4563e+07  -2.2355e+06   3.8473e+01
  -2.5140e+07   3.4163e+06   6.9357e+00
  -2.4416e+07   9.2152e+06  -2.4635e+01
  -2.2355e+07   1.4862e+07  -5.6088e+01
  -1.8988e+07   2.0048e+07  -8.7270e+01
  -1.4419e+07   2.4472e+07  -1.1803e+02
  -8.8181e+06   2.7855e+07  -1.4823e+02
  -2.4244e+06   2.9956e+07  -1.7771e+02
   4.4693e+06   3.0590e+07  -2.0633e+02
   1.1526e+07   2.9637e+07  -2.3396e+02
   1.8382e+07   2.7057e+07  -2.6046e+02
   2.4660e+07   2.2891e+07  -2.8571e+02
   2.9995e+07   1.7269e+07  -3.0959e+02
   3.4049e+07   1.0403e+07  -3.3197e+02
   3.6531e+07   2.5871e+06  -3.5275e+02
   3.7219e+07  -5.8206e+06  -3.7184e+02
   3.5972e+07  -1.4408e+07  -3.8913e+02
   3.2745e+07  -2.2730e+07  -4.0455e+02
   2.7592e+07  -3.0329e+07  -4.1803e+02
   2.0676e+07  -3.6761e+07  -4.2949e+02
   1.2261e+07  -4.1617e+07  -4.3888e+02
   2.7065e+06  -4.4546e+07  -4.4616e+02
  -7.5466e+06  -4.5282e+07  -4.5129e+02
  -1.7995e+07  -4.3658e+07  -4.5424e+02
  -2.8096e+07  -3.9623e+07  -4.5501e+02
  -3.7293e+07  -3.3252e+07  -4.5359e+02
  -4.5046e+07  -2.4747e+07  -4.4998e+02
  -5.0860e+07  -1.4434e+07  -4.4421e+02
  -5.4312e+07  -2.7561e+06  -4.3629e+02
  -5.5084e+07   9.7463e+06  -4.2628e+02
  -5.2978e+07   2.2458e+07  -4.1421e+02
  -4.7939e+07   3.4717e+07  -4.0015e+02
  -4.0063e+07   4.5846e+07  -3.8416e+02
  -2.9605e+07   5.5189e+07  -3.6633e+02
  -1.6968e+07   6.2147e+07  -3.4672e+02
  -2.6964e+06   6.6211e+07  -3.2545e+02
   1.2547e+07   6.6999e+07  -3.0261e+02
   2.8011e+07   6.4278e+07  -2.7832e+02
   4.2886e+07   5.7988e+07  -2.5268e+02
   5.6351e+07   4.8256e+07  -2.2583e+02
   6.7608e+07   3.5399e+07  -1.9788e+02
   7.5932e+07   1.9916e+07  -1.6899e+02
   8.0711e+07   2.4765e+06  -1.3928e+02
   8.1485e+07  -1.6107e+07  -1.0890e+02
   7.7980e+07  -3.4916e+07  -7.8001e+01
   7.0135e+07  -5.2966e+07  -4.6722e+01
   5.8112e+07  -6.9254e+07  -1.5219e+01
   4.2308e+07  -8.2813e+07   1.6358e+01
   2.3340e+07  -9.2767e+07   4.7856e+01
   2.0324e+06  -9.8377e+07   7.9124e+01
  -2.0621e+07  -9.9094e+07   1.1001e+02
  -4.3498e+07  -9.4594e+07   1.4037e+02
  -6.5395e+07  -8.4814e+07   1.7005e+02
  -8.5095e+07  -6.9966e+07   1.9891e+02
  -1.0142e+08  -5.0543e+07   2.2681e+02
  -1.1332e+08  -2.7310e+07   2.5363e+02
  -1.1990e+08  -1.2779e+06   2.7922e+02
  -1.2049e+08   2.6335e+07   3.0346e+02
  -1.1473e+08   5.4154e+07   3.2625e+02
  -1.0255e+08   8.0717e+07   3.4746e+02
  -8.4217e+07   1.0454e+08   3.6700e+02
  -6.0351e+07   1.2420e+08   3.8477e+02
  -3.1896e+07   1.3841e+08   4.0069e+02
  -9.5644e+04   1.4611e+08   4.1468e+02
   3.3557e+07   1.4650e+08   4.2668e+02
   6.7385e+07   1.3914e+08   4.3662e+02
   9.9603e+07   1.2397e+08   4.4445e+02
   1.2841e+08   1.0134e+08   4.5015e+02
   1.5207e+08   7.2021e+07   4.5368e+02
   1.6905e+08   3.7176e+07   4.5502e+02
   1.7803e+08  -1.6668e+06   4.5417e+02
   1.7810e+08  -4.2678e+07   4.5114e+02
   1.6872e+08  -8.3807e+07   4.4593e+02
   1.4984e+08  -1.2288e+08   4.3858e+02
   1.2192e+08  -1.5770e+08   4.2911e+02
   8.5901e+07  -1.8618e+08   4.1758e+02
   4.3235e+07  -2.0644e+08   4.0403e+02
  -4.2037e+06  -2.1692e+08   3.8854e+02
  -5.4176e+07  -2.1649e+08   3.7118e+02
  -1.0418e+08  -2.0456e+08   3.5203e+02
  -1.5156e+08  -1.8108e+08   3.3119e+02
  -1.9365e+08  -1.4663e+08   3.0875e+02
  -2.2791e+08  -1.0240e+08   2.8482e+02
  -2.5207e+08  -5.0165e+07   2.5953e+02
  -2.6426e+08   7.7669e+06   2.3298e+02
  -2.6314e+08   6.8653e+07   2.0531e+02
  -2.4799e+08   1.2943e+08   1.7666e+02
  -2.1880e+08   1.8688e+08   1.4715e+02
  -1.7631e+08   2.3775e+08   1.1693e+02
  -1.2200e+08   2.7895e+08   8.6151e+01
  -5.8053e+07   3.0776e+08   5.4956e+01
   1.2686e+07   3.2190e+08   2.3497e+01
   8.6862e+07   3.1979e+08  -8.0755e+00
   1.6074e+08   3.0059e+08  -3.9609e+01
   2.3038e+08   2.6433e+08  -7.0952e+01
   2.9184e+08   2.1193e+08  -1.0195e+02
   3.4139e+08   1.4525e+08  -1.3246e+02
   3.7571e+08   6.6982e+07  -1.6234e+02
   3.9208e+08  -1.9385e+07  -1.9143e+02
   3.8861e+08  -1.0974e+08  -2.1959e+02
   3.6431e+08  -1.9953e+08  -2.4671e+02
   3.1927e+08  -2.8394e+08  -2.7263e+02
   2.5468e+08  -3.5819e+08  -2.9724e+02
   1.7282e+08  -4.1776e+08  -3.2042e+02
   7.7034e+07  -4.5862e+08  -3.4205e+02
  -2.8404e+07  -4.7752e+08  -3.6204e+02
  -1.3846e+08  -4.7218e+08  -3.8029e+02
  -2.4757e+08  -4.4148e+08  -3.9670e+02
  -3.4988e+08  -3.8557e+08  -4.1121e+02
  -4.3957e+08  -3.0596e+08  -4.2373e+02
  -5.1115e+08  -2.0548e+08  -4.3421e+02
  -5.5976e+08  -8.8272e+07  -4.4260e+02
  -5.8151e+08   4.0434e+07  -4.4886e+02
  -5.7366e+08   1.7447e+08  -4.5296e+02
  -5.3492e+08   3.0704e+08  -4.5488e+02
  -4.6555e+08   4.3103e+08  -4.5461e+02
  -3.6745e+08   5.3934e+08  -4.5215e+02
  -2.4415e+08   6.2534e+08  -4.4751e+02
  -1.0073e+08   6.8315e+08  -4.4071e+02
   5.6361e+07   7.0807e+08  -4.3179e+02
   2.1959e+08   6.9688e+08  -4.2080e+02
   3.8066e+08   6.4806e+08  -4.0778e+02
   5.3088e+08   5.6201e+08  -3.9279e+02
   6.6167e+08   4.4116e+08  -3.7591e+02
   7.6495e+08   2.8987e+08  -3.5722e+02
   8.3364e+08   1.1441e+08  -3.3682e+02
   8.6209e+08  -7.7312e+07  -3.1479e+02
   8.4646e+08  -2.7607e+08  -2.9124e+02
   7.8501e+08  -4.7173e+08  -2.6629e+02
   6.7834e+08  -6.5373e+08  -2.4006e+02
   5.2947e+08  -8.1162e+08  -2.1267e+02
   3.4387e+08  -9.3562e+08  -1.8426e+02
   1.2924e+08  -1.0172e+09  -1.5496e+02
  -1.0472e+08  -1.0495e+09  -1.2492e+02
  -3.4672e+08  -1.0280e+09  -9.4272e+01
  -5.8438e+08  -9.5078e+08  -6.3172e+01
  -8.0485e+08  -8.1858e+08  -3.1767e+01
  -9.9542e+08  -6.3526e+08  -2.0987e-01
  -1.1442e+09  -4.0759e+08   3.1349e+01
  -1.2410e+09  -1.4507e+08   6.2756e+01
  -1.2776e+09   1.4040e+08   9.3861e+01
  -1.2484e+09   4.3501e+08   1.2451e+02
  -1.1514e+09   7.2366e+08   1.5457e+02
  -9.8762e+08   9.9069e+08   1.8388e+02
  -7.6193e+08   1.2207e+09   2.1230e+02
  -4.8270e+08   1.3992e+09   2.3970e+02
  -1.6163e+08   1.5139e+09   2.6595e+02
   1.8666e+08   1.5550e+09   2.9092e+02
   5.4529e+08   1.5159e+09   3.1448e+02
   8.9582e+08   1.3941e+09   3.3653e+02
   1.2192e+09   1.1913e+09   3.5696e+02
   1.4967e+09   9.1352e+08   3.7568e+02
   1.7108e+09   5.7110e+08   3.9258e+02
   1.8467e+09   1.7848e+08   4.0759e+02
   1.8925e+09  -2.4641e+08   4.2064e+02
   1.8405e+09  -6.8292e+08   4.3166e+02
   1.6878e+09  -1.1086e+09   4.4061e+02
   1.4368e+09  -1.5001e+09   4.4743e+02
   1.0949e+09  -1.8348e+09   4.5210e+02
   6.7501e+08  -2.0916e+09   4.5459e+02
   1.9495e+08  -2.2524e+09   4.5489e+02
  -3.2334e+08  -2.3030e+09   4.5300e+02
  -8.5459e+08  -2.2343e+09   4.4893e+02
  -1.3714e+09  -2.0431e+09   4.4270e+02
  -1.8454e+09  -1.7324e+09   4.3434e+02
  -2.2491e+09  -1.3117e+09   4.2388e+02
  -2.5569e+09  -7.9699e+08   4.1138e+02
  -2.7469e+09  -2.1008e+08   3.9691e+02
  -2.8022e+09   4.2208e+08   3.8052e+02
  -2.7121e+09   1.0686e+09   3.6230e+02
  -2.4728e+09   1.6959e+09   3.4233e+02
  -2.0884e+09   2.2698e+09   3.2072e+02
  -1.5709e+09   2.7565e+09   2.9756e+02
  -9.3994e+08   3.1253e+09   2.7296e+02
  -2.2247e+08   3.3496e+09   2.4706e+02
   5.4848e+08   3.4093e+09   2.1996e+02
   1.3351e+09   3.2916e+09   1.9181e+02
   2.0966e+09   2.9924e+09   1.6273e+02
   2.7912e+09   2.5170e+09   1.3286e+02
   3.3779e+09   1.8805e+09   1.0236e+02
   3.8196e+09   1.1072e+09   7.1366e+01
   4.0842e+09   2.3023e+08   4.0027e+01
   4.1476e+09  -7.0990e+08   8.4951e+00
   3.9945e+09  -1.6670e+09  -2.3078e+01
   3.6206e+09  -2.5913e+09  -5.4540e+01
   3.0329e+09  -3.4317e+09  -8.5739e+01
   2.2502e+09  -4.1389e+09  -1.1652e+02
   1.3025e+09  -4.6677e+09  -1.4675e+02
   2.3071e+08  -4.9794e+09  -1.7627e+02
  -9.1561e+08  -5.0451e+09  -2.0494e+02
  -2.0800e+09  -4.8470e+09  -2.3262e+02
  -3.2016e+09  -4.3801e+09  -2.5918e+02
  -4.2185e+09  -3.6538e+09  -2.8450e+02
  -5.0707e+09  -2.6913e+09  -3.0844e+02
  -5.7034e+09  -1.5302e+09  -3.3090e+02
  -6.0702e+09  -2.2039e+08  -3.5177e+02
  -6.1363e+09   1.1772e+09  -3.7094e+02
  -5.8807e+09   2.5935e+09  -3.8832e+02
  -5.2981e+09   3.9546e+09  -4.0384e+02
  -4.4006e+09   5.1848e+09  -4.1741e+02
  -3.2175e+09   6.2115e+09  -4.2897e+02
  -1.7950e+09   6.9683e+09  -4.3846e+02
  -1.9450e+08   7.3993e+09  -4.4585e+02
   1.5093e+09   7.4627e+09  -4.5108e+02
   3.2319e+09   7.1339e+09  -4.5415e+02
   4.8832e+09   6.4075e+09  -4.5502e+02
   6.3714e+09   5.2989e+09  -4.5371e+02
   7.6079e+09   3.8448e+09  -4.5021e+02
   8.5127e+09   2.1022e+09  -4.4454e+02
   9.0184e+09   1.4675e+08  -4.3674e+02
   9.0749e+09  -1.9301e+09  -4.2682e+02
   8.6532e+09  -4.0251e+09  -4.1486e+02
   7.7480e+09  -6.0284e+09  -4.0089e+02
   6.3790e+09  -7.8281e+09  -3.8500e+02
   4.5921e+09  -9.3172e+09  -3.6725e+02
   2.4576e+09  -1.0398e+10  -3.4773e+02
   6.8816e+07  -1.0991e+10  -3.2654e+02
  -2.4625e+09  -1.1034e+10  -3.0378e+02
  -5.0102e+09  -1.0495e+10  -2.7955e+02
  -7.4400e+09  -9.3673e+09  -2.5398e+02
  -9.6164e+09  -7.6773e+09  -2.2718e+02
  -1.1409e+10  -5.4818e+09  -1.9929e+02
  -1.2700e+10  -2.8678e+09  -1.7044e+02
  -1.3393e+10   5.0205e+07  -1.4077e+02
  -1.3415e+10   3.1351e+09  -1.1042e+02
  -1.2727e+10   6.2329e+09  -7.9537e+01
  -1.1323e+10   9.1799e+09  -4.8274e+01
  -9.2375e+09   1.1811e+10  -1.6778e+01
  -6.5404e+09   1.3969e+10   1.4799e+01
  -3.3395e+09   1.5510e+10   4.6305e+01
   2.2453e+08   1.6319e+10   7.7588e+01
   3.9837e+09   1.6308e+10   1.0850e+02
   7.7500e+09   1.5432e+10   1.3888e+02
   1.1324e+10   1.3685e+10   1.6860e+02
   1.4505e+10   1.1112e+10   1.9751e+02
   1.7100e+10   7.7990e+09   2.2546e+02
   1.8940e+10   3.8800e+09   2.5233e+02
   1.9881e+10  -4.7263e+08   2.7798e+02
   1.9823e+10  -5.0531e+09   3.0230e+02
   1.8709e+10  -9.6315e+09   3.2516e+02
   1.6538e+10  -1.3965e+10   3.4645e+02
   1.3363e+10  -1.7809e+10   3.6608e+02
   9.2945e+09  -2.0932e+10   3.8394e+02
   4.4967e+09  -2.3126e+10   3.9995e+02
  -8.1840e+08  -2.4220e+10   4.1404e+02
  -6.3989e+09  -2.4092e+10   4.2613e+02
  -1.1964e+10  -2.2679e+10   4.3618e+02
  -1.7218e+10  -1.9981e+10   4.4412e+02
  -2.1864e+10  -1.6065e+10   4.4992e+02
  -2.5619e+10  -1.1070e+10   4.5355e+02
  -2.8233e+10  -5.1972e+09   4.5501e+02
  -2.9502e+10   1.2926e+09   4.5427e+02
  -2.9278e+10   8.0909e+09   4.5134e+02
  -2.7489e+10   1.4855e+10   4.4624e+02
  -2.4136e+10   2.1224e+10   4.3899e+02
  -1.9309e+10   2.6837e+10   4.2963e+02
  -1.3176e+10   3.1352e+10   4.1819e+02
  -5.9884e+09   3.4466e+10   4.0475e+02
   1.9349e+09   3.5932e+10   3.8935e+02
   1.0216e+10   3.5577e+10   3.7208e+02
   1.8436e+10   3.3314e+10   3.5302e+02
   2.6156e+10   2.9151e+10   3.3226e+02
   3.2936e+10   2.3200e+10   3.0989e+02
   3.8363e+10   1.5673e+10   2.8604e+02
   4.2069e+10   6.8764e+09   2.6081e+02
   4.3759e+10  -2.7960e+09   2.3432e+02
   4.3226e+10  -1.2882e+10   2.0670e+02
   4.0368e+10  -2.2871e+10   1.7809e+02
   3.5202e+10  -3.2226e+10   1.4862e+02
   2.7868e+10  -4.0415e+10   1.1844e+02
   1.8629e+10  -4.6936e+10   8.7682e+01
   7.8658e+09  -5.1345e+10   5.6504e+01
  -3.9406e+09  -5.3286e+10   2.5054e+01
  -1.6224e+10  -5.2513e+10  -6.5160e+00
  -2.8360e+10  -4.8909e+10  -3.8055e+01
  -3.9697e+10  -4.2500e+10  -6.9411e+01
  -4.9586e+10  -3.3464e+10  -1.0043e+02
  -5.7418e+10  -2.2127e+10  -1.3097e+02
  -6.2660e+10  -8.9581e+09  -1.6088e+02
  -6.4881e+10   5.4516e+09  -1.9001e+02
  -6.3789e+10   2.0409e+10  -2.1823e+02
  -5.9249e+10   3.5153e+10  -2.4539e+02
  -5.1302e+10   4.8889e+10  -2.7138e+02
  -4.0171e+10   6.0828e+10  -2.9606e+02
  -2.6262e+10   7.0234e+10  -3.1931e+02
  -1.0151e+10   7.6460e+10  -3.4102e+02
   7.4341e+09   7.8991e+10  -3.6110e+02
   2.5647e+10   7.7478e+10  -3.7943e+02
   4.3557e+10   7.1766e+10  -3.9594e+02
   6.0196e+10   6.1915e+10  -4.1054e+02
   7.4609e+10   4.8206e+10  -4.2316e+02
   8.5900e+10   3.1143e+10  -4.3374e+02
   9.3290e+10   1.1437e+10  -4.4224e+02
   9.6160e+10  -1.0022e+10  -4.4861e+02
   9.4094e+10  -3.2195e+10  -4.5281e+02
   8.6916e+10  -5.3949e+10  -4.5484e+02
   7.4709e+10  -7.4104e+10  -4.5467e+02
   5.7829e+10  -9.1499e+10  -4.5232e+02
   3.6900e+10  -1.0505e+11  -4.4779e+02
   1.2798e+10  -1.1381e+11  -4.4110e+02
  -1.3385e+10  -1.1705e+11  -4.3228e+02
  -4.0378e+10  -1.1426e+11  -4.2139e+02
  -6.6797e+10  -1.0525e+11  -4.0847e+02
  -9.1207e+10  -9.0129e+10  -3.9357e+02
  -1.1220e+11  -6.9348e+10  -3.7679e+02
  -1.2845e+11  -4.3681e+10  -3.5819e+02
  -1.3884e+11  -1.4206e+10  -3.3786e+02
  -1.4246e+11   1.7737e+10  -3.1591e+02
  -1.3873e+11   5.0594e+10  -2.9244e+02
  -1.2743e+11   8.2676e+10  -2.6755e+02
  -1.0871e+11   1.1223e+11  -2.4138e+02
  -8.3132e+10   1.3756e+11  -2.1405e+02
  -5.1659e+10   1.5705e+11  -1.8569e+02
  -1.5616e+10   1.6935e+11  -1.5643e+02
   2.3350e+10   1.7337e+11  -1.2642e+02
   6.3341e+10   1.6843e+11  -9.5797e+01
   1.0229e+11   1.5426e+11  -6.4716e+01
   1.3808e+11   1.3109e+11  -3.3323e+01
   1.6863e+11   9.9619e+10  -1.7696e+00
   1.9200e+11   6.1031e+10   2.9792e+01
   2.0654e+11   1.6962e+10   6.1211e+01
   2.1097e+11  -3.0566e+10   9.2335e+01
   2.0446e+11  -7.9235e+10   1.2301e+02
   1.8672e+11  -1.2653e+11   1.5310e+02
   1.5805e+11  -1.6985e+11   1.8245e+02
   1.1933e+11  -2.0669e+11   2.1092e+02
   7.2024e+10  -2.3469e+11   2.3838e+02
   1.8150e+10  -2.5187e+11   2.6468e+02
  -3.9818e+10  -2.5669e+11   2.8972e+02
  -9.9041e+10  -2.4816e+11   3.1335e+02
  -1.5645e+11  -2.2598e+11   3.3548e+02
  -2.0889e+11  -1.9051e+11   3.5599e+02
  -2.5330e+11  -1.4288e+11   3.7479e+02
  -2.8685e+11  -8.4898e+10   3.9179e+02
  -3.0713e+11  -1.9043e+10   4.0689e+02
  -3.1229e+11   5.1649e+10   4.2004e+02
  -3.0118e+11   1.2371e+11   4.3117e+02
  -2.7345e+11   1.9339e+11   4.4021e+02
  -2.2959e+11   2.5686e+11   4.4714e+02
  -1.7101e+11   3.1039e+11   4.5192e+02
  -9.9949e+10   3.5056e+11   4.5452e+02
  -1.9458e+10   3.7447e+11   4.5493e+02
   6.6743e+10   3.7989e+11   4.5315e+02
   1.5441e+11   3.6548e+11   4.4918e+02
   2.3898e+11   3.3083e+11   4.4306e+02
   3.1578e+11   2.7662e+11   4.3480e+02
   3.8029e+11   2.0459e+11   4.2445e+02
   4.2838e+11   1.1751e+11   4.1205e+02
   4.5652e+11   1.9142e+10   3.9767e+02
   4.6208e+11  -8.5960e+10   3.8137e+02
   4.4345e+11  -1.9261e+11   3.6324e+02
   4.0021e+11  -2.9523e+11   3.4336e+02
   3.3321e+11  -3.8816e+11   3.2182e+02
   2.4465e+11  -4.6588e+11   2.9874e+02
   1.3796e+11  -5.2341e+11   2.7421e+02
   1.7756e+10  -5.5651e+11   2.4837e+02
  -1.1038e+11  -5.6200e+11   2.2133e+02
  -2.4010e+11  -5.3799e+11   1.9322e+02
  -3.6462e+11  -4.8405e+11   1.6418e+02
  -4.7703e+11  -4.0129e+11   1.3436e+02
  -5.7066e+11  -2.9243e+11   1.0388e+02
  -6.3945e+11  -1.6172e+11   7.2906e+01
  -6.7832e+11  -1.4847e+10   4.1581e+01
  -6.8345e+11   1.4135e+11   1.0054e+01
  -6.5261e+11   2.9912e+11  -2.1520e+01
  -5.8536e+11   4.5019e+11  -5.2991e+01
  -4.8315e+11   5.8615e+11  -8.4206e+01
  -3.4936e+11   6.9892e+11  -1.1502e+02
  -1.8926e+11   7.8115e+11  -1.4527e+02
  -9.8177e+09   8.2671e+11  -1.7483e+02
   1.8057e+11   8.3105e+11  -2.0354e+02
   3.7244e+11   7.9156e+11  -2.3128e+02
   5.5570e+11   7.0777e+11  -2.5790e+02
   7.2012e+11   5.8156e+11  -2.8328e+02
   8.5589e+11   4.1717e+11  -3.0729e+02
   9.5413e+11   2.2108e+11  -3.2983e+02
   1.0075e+12   1.8792e+09  -3.5077e+02
   1.0104e+12  -2.3016e+11  -3.7003e+02
   9.5997e+11  -4.6347e+11  -3.8751e+02
   8.5564e+11  -6.8575e+11  -4.0312e+02
   6.9985e+11  -8.8456e+11  -4.1679e+02
   4.9788e+11  -1.0480e+12  -4.2845e+02
   2.5775e+11  -1.1653e+12  -4.3804e+02
  -9.9985e+09  -1.2276e+12  -4.4553e+02
  -2.9278e+11  -1.2284e+12  -4.5088e+02
  -5.7645e+11  -1.1641e+12  -4.5405e+02
  -8.4602e+11  -1.0342e+12  -4.5503e+02
  -1.0864e+12  -8.4198e+11  -4.5383e+02
  -1.2830e+12  -5.9388e+11  -4.5043e+02
  -1.4231e+12  -2.9986e+11  -4.4487e+02
  -1.4957e+12   2.7157e+10  -4.3717e+02
  -1.4932e+12   3.7173e+11  -4.2736e+02
  -1.4114e+12   7.1660e+11  -4.1550e+02
  -1.2499e+12   1.0435e+12  -4.0163e+02
  -1.0127e+12   1.3340e+12  -3.8583e+02
  -7.0799e+11   1.5706e+12  -3.6817e+02
  -3.4802e+11   1.7377e+12  -3.4874e+02
   5.1334e+10   1.8222e+12  -3.2762e+02
   4.7117e+11   1.8150e+12  -3.0494e+02
   8.9039e+11   1.7110e+12  -2.8078e+02
   1.2867e+12   1.5103e+12  -2.5527e+02
   1.6378e+12   1.2177e+12  -2.2853e+02
   1.9224e+12   8.4353e+11  -2.0069e+02
   2.1216e+12   4.0286e+11  -1.7188e+02
   2.2197e+12  -8.4776e+10  -1.4225e+02
   2.2058e+12  -5.9625e+11  -1.1193e+02
   2.0740e+12  -1.1058e+12  -8.1072e+01
   1.8245e+12  -1.5863e+12  -4.9824e+01
   1.4638e+12  -2.0105e+12  -1.8336e+01
   1.0044e+12  -2.3528e+12   1.3240e+01
   4.6501e+11  -2.5900e+12   4.4753e+01
  -1.3037e+11  -2.7037e+12   7.6050e+01
  -7.5344e+11  -2.6805e+12   1.0698e+02
  -1.3727e+12  -2.5137e+12   1.3740e+02
  -1.9552e+12  -2.2039e+12   1.6715e+02
  -2.4677e+12  -1.7591e+12   1.9610e+02
  -2.8791e+12  -1.1951e+12   2.2411e+02
  -3.1616e+12  -5.3502e+11   2.5103e+02
  -3.2928e+12   1.9184e+11   2.7675e+02
  -3.2570e+12   9.5075e+11   3.0113e+02
  -3.0462e+12   1.7033e+12   3.2407e+02
  -2.6615e+12   2.4092e+12   3.4544e+02
  -2.1133e+12   3.0283e+12   3.6515e+02
  -1.4212e+12   3.5227e+12   3.8310e+02
  -6.1336e+11   3.8590e+12   3.9921e+02
   2.7392e+11   4.0100e+12   4.1339e+02
   1.1982e+12   3.9570e+12   4.2558e+02
   2.1126e+12   3.6910e+12   4.3573e+02
   2.9681e+12   3.2137e+12   4.4377e+02
   3.7158e+12   2.5382e+12   4.4968e+02
   4.3098e+12   1.6887e+12   4.5343e+02
   4.7096e+12   7.0031e+11   4.5499e+02
   4.8828e+12  -3.8268e+11   4.5435e+02
   4.8070e+12  -1.5083e+12   4.5153e+02
   4.4717e+12  -2.6193e+12   4.4654e+02
   3.8797e+12  -3.6558e+12   4.3940e+02
   3.0474e+12  -4.5587e+12   4.3014e+02
   2.0051e+12  -5.2721e+12   4.1881e+02
   7.9588e+11  -5.7472e+12   4.0546e+02
  -5.2585e+11  -5.9450e+12   3.9016e+02
  -1.8965e+12  -5.8389e+12   3.7298e+02
  -3.2461e+12  -5.4168e+12   3.5400e+02
  -4.5019e+12  -4.6828e+12   3.3332e+02
  -5.5919e+12  -3.6577e+12   3.1103e+02
  -6.4484e+12  -2.3789e+12   2.8725e+02
  -7.0126e+12  -8.9968e+11   2.6208e+02
  -7.2375e+12   7.1326e+11   2.3566e+02
  -7.0915e+12   2.3821e+12   2.0809e+02
  -6.5608e+12   4.0215e+12   1.7953e+02
  -5.6510e+12   5.5427e+12   1.5010e+02
  -4.3887e+12   6.8583e+12   1.1994e+02
  -2.8201e+12   7.8864e+12   8.9212e+01
  -1.0107e+12   8.5559e+12   5.8051e+01
   9.5738e+11   8.8102e+12   2.6612e+01
   2.9890e+12   8.6119e+12  -4.9564e+00
   4.9801e+12   7.9452e+12  -3.6501e+01
   6.8227e+12   6.8182e+12  -6.7869e+01
   8.4103e+12   5.2639e+12  -9.8910e+01
   9.6440e+12   3.3401e+12  -1.2948e+02
   1.0438e+13   1.1272e+12  -1.5942e+02
   1.0724e+13  -1.2740e+12  -1.8859e+02
   1.0457e+13  -3.7472e+12  -2.1686e+02
   9.6205e+12  -6.1652e+12  -2.4408e+02
   8.2247e+12  -8.3966e+12  -2.7012e+02
   6.3115e+12  -1.0312e+13  -2.9487e+02
   3.9522e+12  -1.1792e+13  -3.1820e+02
   1.2462e+12  -1.2732e+13  -3.3999e+02
  -1.6832e+12  -1.3051e+13  -3.6014e+02
  -4.6935e+12  -1.2696e+13  -3.7857e+02
  -7.6296e+12  -1.1647e+13  -3.9516e+02
  -1.0332e+13  -9.9194e+12  -4.0986e+02
  -1.2642e+13  -7.5647e+12  -4.2258e+02
  -1.4417e+13  -4.6719e+12  -4.3327e+02
  -1.5529e+13  -1.3632e+12  -4.4187e+02
  -1.5882e+13   2.2102e+12  -4.4834e+02
  -1.5413e+13   5.8738e+12  -4.5265e+02
  -1.4099e+13   9.4387e+12  -4.5479e+02
  -1.1961e+13   1.2710e+13  -4.5473e+02
  -9.0634e+12   1.5497e+13  -4.5249e+02
  -5.5169e+12   1.7624e+13  -4.4806e+02
  -1.4716e+12   1.8939e+13  -4.4148e+02
   2.8868e+12   1.9325e+13  -4.3277e+02
   7.3453e+12   1.8709e+13  -4.2198e+02
   1.1673e+13   1.7065e+13  -4.0915e+02
   1.5633e+13   1.4419e+13  -3.9436e+02
   1.8993e+13   1.0855e+13  -3.7766e+02
   2.1542e+13   6.5074e+12  -3.5915e+02
   2.3095e+13   1.5621e+12  -3.3890e+02
   2.3513e+13  -3.7533e+12  -3.1703e+02
   2.2708e+13  -9.1784e+12  -2.9363e+02
   2.0651e+13  -1.4432e+13  -2.6881e+02
   1.7379e+13  -1.9225e+13  -2.4270e+02
   1.2995e+13  -2.3276e+13  -2.1543e+02
   7.6664e+12  -2.6328e+13  -1.8711e+02
   1.6218e+12  -2.8160e+13  -1.5789e+02
  -4.8601e+12  -2.8604e+13  -1.2791e+02
  -1.1461e+13  -2.7557e+13  -9.7321e+01
  -1.7837e+13  -2.4987e+13  -6.6259e+01
  -2.3637e+13  -2.0942e+13  -3.4878e+01
  -2.8520e+13  -1.5550e+13  -3.3292e+00
  -3.2174e+13  -9.0204e+12   2.8236e+01
  -3.4332e+13  -1.6327e+12   5.9665e+01
  -3.4795e+13   6.2710e+12   9.0807e+01
  -3.3439e+13   1.4301e+13   1.2151e+02
  -3.0229e+13   2.2039e+13   1.5163e+02
  -2.5229e+13   2.9057e+13   1.8102e+02
  -1.8600e+13   3.4941e+13   2.0954e+02
  -1.0599e+13   3.9314e+13   2.3705e+02
  -1.5706e+12   4.1854e+13   2.6341e+02
   8.0656e+12   4.2321e+13   2.8851e+02
   1.7834e+13   4.0570e+13   3.1222e+02
   2.7223e+13   3.6565e+13   3.3443e+02
   3.5714e+13   3.0387e+13   3.5502e+02
   4.2803e+13   2.2238e+13   3.7391e+02
   4.8033e+13   1.2435e+13   3.9099e+02
   5.1018e+13   1.4033e+12   4.0619e+02
   5.1470e+13  -1.0344e+13   4.1944e+02
   4.9217e+13  -2.2225e+13   4.3066e+02
   4.4222e+13  -3.3617e+13   4.3982e+02
   3.6591e+13  -4.3888e+13   4.4685e+02
   2.6575e+13  -5.2426e+13   4.5173e+02
   1.4566e+13  -5.8679e+13   4.5444e+02
   1.0876e+12  -6.2182e+13   4.5496e+02
  -1.3232e+13  -6.2590e+13   4.5329e+02
  -2.7682e+13  -5.9700e+13   4.4943e+02
  -4.1502e+13  -5.3475e+13   4.4341e+02
  -5.3923e+13  -4.4051e+13   4.3526e+02
  -6.4205e+13  -3.1742e+13   4.2501e+02
  -7.1678e+13  -1.7033e+13   4.1271e+02
  -7.5782e+13  -5.6680e+11   3.9842e+02
  -7.6104e+13   1.6887e+13   3.8222e+02
  -7.2407e+13   3.4458e+13   3.6418e+02
  -6.4653e+13   5.1222e+13   3.4438e+02
  -5.3018e+13   6.6243e+13   3.2292e+02
  -3.7894e+13   7.8621e+13   2.9991e+02
  -1.9881e+13   8.7548e+13   2.7545e+02
   2.3370e+11   9.2348e+13   2.4967e+02
   2.1504e+13   9.2527e+13   2.2269e+02
   4.2870e+13   8.7807e+13   1.9463e+02
   6.3203e+13   7.8154e+13   1.6564e+02
   8.1363e+13   6.3794e+13   1.3584e+02
   9.6262e+13   4.5215e+13   1.0540e+02
   1.0692e+14   2.3157e+13   7.4445e+01
   1.1252e+14  -1.4111e+12   4.3133e+01