  -6.8713e+02   7.8985e+02   2.0113e+02
  -7.1419e+02   7.5277e+02   3.7794e+01
  -8.2888e+02   7.9359e+02  -1.3009e+02
  -9.4433e+02   1.0202e+03  -2.8231e+02
  -8.4374e+02   1.4473e+03  -4.0054e+02
  -2.7979e+02   1.8404e+03  -4.7055e+02
   7.4055e+02   1.6653e+03  -4.8392e+02
   1.5947e+03   3.6212e+02  -4.3902e+02
   9.7590e+02  -1.9476e+03  -3.4127e+02
  -2.3648e+03  -3.6296e+03  -2.0243e+02
  -7.8729e+03  -1.5082e+03  -3.9226e+01
  -1.1301e+04   7.1536e+03   1.2870e+02
  -4.9811e+03   2.0373e+04   2.8114e+02
   1.6954e+04   2.7210e+04   3.9973e+02
   4.8140e+04   9.2782e+03   4.7019e+02
   6.0636e+04  -4.5641e+04   4.8405e+02
   1.0665e+04  -1.1835e+05   4.3963e+02
  -1.2620e+05  -1.3803e+05   3.4229e+02
  -2.9435e+05  -1.2356e+03   2.0374e+02
  -3.1553e+05   3.3791e+05   4.0658e+01
   5.2592e+04   7.2291e+05  -1.2732e+02
   8.8738e+05   7.0823e+05  -2.7996e+02
   1.7579e+06  -2.6881e+05  -3.9891e+02
   1.5580e+06  -2.3101e+06  -4.6982e+02
  -1.0056e+06  -4.2497e+06  -4.8418e+02
  -5.9649e+06  -3.3588e+06  -4.4025e+02
  -1.0211e+07   3.3004e+06  -3.4331e+02
  -7.0541e+06   1.5270e+07  -2.0504e+02
   1.0088e+07   2.4358e+07  -4.2090e+01
   3.8779e+07   1.4275e+07   1.2593e+02
   5.7665e+07  -2.9489e+07   2.7879e+02
   2.7335e+07  -9.7765e+07   3.9808e+02
  -8.3548e+07  -1.3541e+08   4.6945e+02
  -2.4478e+08  -4.7718e+07   4.8431e+02
  -3.1518e+08   2.3122e+08   4.4085e+02
  -6.8737e+07   6.0882e+08   3.4432e+02
   6.2816e+08   7.2637e+08   2.0634e+02
   1.5044e+09   4.8655e+07   4.3521e+01
   1.6553e+09  -1.6810e+09  -1.2454e+02
  -1.7656e+08  -3.6936e+09  -2.7761e+02
  -4.4419e+09  -3.7231e+09  -3.9726e+02
  -9.0102e+09   1.1584e+09  -4.6908e+02
  -8.2441e+09   1.1609e+10  -4.8443e+02
   4.6079e+09   2.1837e+10  -4.4146e+02
   3.0050e+10   1.7906e+10  -3.4534e+02
   5.2569e+10  -1.5576e+10  -2.0764e+02
   3.7943e+10  -7.7107e+10  -4.4951e+01
  -4.8477e+10  -1.2567e+11   1.2315e+02
  -1.9628e+11  -7.7758e+10   2.7643e+02
  -2.9822e+11   1.4341e+11   3.9643e+02
  -1.5183e+11   4.9594e+11   4.6870e+02
   4.0981e+11   7.0209e+11   4.8455e+02
   1.2443e+12   2.7433e+11   4.4206e+02
   1.6387e+12  -1.1416e+12   3.4635e+02
   4.2720e+11  -3.1010e+12   2.0894e+02
  -3.1176e+12  -3.7886e+12   4.6382e+01
  -7.6779e+12  -4.3659e+11  -1.2176e+02
  -8.6648e+12   8.3793e+12  -2.7525e+02
   4.4008e+11   1.8888e+13  -3.9559e+02
   2.2223e+13   1.9572e+13  -4.6832e+02
   4.6166e+13  -4.7904e+12  -4.8466e+02
   4.3559e+13  -5.8266e+13  -4.4265e+02
  -2.0805e+13  -1.1211e+14  -3.4735e+02
  -1.5125e+14  -9.5216e+13  -2.1024e+02
  -2.7045e+14   7.2986e+13  -4.7811e+01
  -2.0344e+14   3.8909e+14   1.2037e+02
   2.3189e+14   6.4794e+14   2.7406e+02
   9.9281e+14   4.2170e+14   3.9476e+02
   1.5411e+15  -6.9523e+14   4.6793e+02
   8.3752e+14  -2.5141e+15   4.8477e+02
  -2.0054e+15  -3.6373e+15   4.4324e+02
  -6.3213e+15  -1.5568e+15   3.4836e+02
  -8.5129e+15   5.6259e+15   2.1153e+02
  -2.5697e+15   1.5786e+16   4.9241e+01
   1.5450e+16   1.9741e+16  -1.1898e+02
   3.9162e+16   3.1898e+15  -2.7287e+02
   4.5305e+16  -4.1715e+16  -3.9392e+02
   1.1344e+14  -9.6527e+16  -4.6754e+02
  -1.1106e+17  -1.0274e+17  -4.8487e+02
  -2.3640e+17   1.8696e+16  -4.4383e+02
  -2.2977e+17   2.9216e+17  -3.4936e+02
   9.2252e+16   5.7523e+17  -2.1282e+02
   7.6062e+17   5.0524e+17  -5.0670e+01
   1.3905e+18  -3.3898e+17   1.1758e+02
   1.0877e+18  -1.9619e+18   2.7168e+02
  -1.1034e+18  -3.3385e+18   3.9307e+02
  -5.0182e+18  -2.2780e+18   4.6714e+02
  -7.9585e+18   3.3583e+18   4.8497e+02
  -4.5921e+18   1.2737e+19   4.4442e+02
   9.7884e+18   1.8829e+19   3.5035e+02
   3.2092e+19   8.7417e+18   2.1412e+02
   4.4184e+19  -2.7671e+19   5.2099e+01
   1.5099e+19  -8.0307e+19  -1.1619e+02
  -7.6447e+19  -1.0276e+20  -2.7049e+02
  -1.9963e+20  -2.1188e+19  -3.9223e+02
  -2.3662e+20   2.0740e+20  -4.6674e+02
  -1.2647e+19   4.9302e+20  -4.8507e+02
   5.5441e+20   5.3867e+20  -4.4500e+02
   1.2098e+21  -6.5940e+19  -3.5135e+02
   1.2101e+21  -1.4635e+21  -2.1540e+02
  -3.9928e+20  -2.9496e+21  -5.3527e+01
  -3.8218e+21  -2.6757e+21   1.1480e+02
  -7.1446e+21   1.5576e+21   2.6930e+02
  -5.8011e+21   9.8849e+21   3.9138e+02
   5.2186e+21   1.7190e+22   4.6634e+02
   2.5347e+22   1.2263e+22   4.8516e+02
   4.1069e+22  -1.6158e+22   4.4557e+02
   2.5047e+22  -6.4480e+22   3.5234e+02
  -4.7642e+22  -9.7395e+22   2.1669e+02
  -1.6282e+23  -4.8662e+22   5.4954e+01
  -2.2914e+23   1.3581e+23  -1.1340e+02
  -8.7158e+22   4.0830e+23  -2.6810e+02
   3.7762e+23   5.3443e+23  -3.9052e+02
   1.0170e+24   1.3318e+23  -4.6593e+02
   1.2345e+24  -1.0298e+24  -4.8525e+02
   1.2623e+23  -2.5166e+24  -4.4614e+02
  -2.7644e+24  -2.8206e+24  -3.5333e+02
  -6.1875e+24   1.8556e+23  -2.1798e+02
  -6.3639e+24   7.3240e+24  -5.6382e+01
   1.6706e+24   1.5116e+25   1.1200e+02
   1.9186e+25   1.4144e+25   2.6690e+02
   3.6687e+25  -7.0623e+24   3.8967e+02
   3.0866e+25  -4.9764e+25   4.6552e+02
  -2.4506e+25  -8.8452e+25   4.8533e+02
  -1.2793e+26  -6.5803e+25   4.4671e+02
  -2.1179e+26   7.7398e+25   3.5431e+02
  -1.3599e+26   3.2621e+26   2.1926e+02
   2.3116e+26   5.0342e+26   5.7808e+01
   8.2557e+26   2.6890e+26  -1.1060e+02
   1.1873e+27  -6.6503e+26  -2.6570e+02
   4.9622e+26  -2.0745e+27  -3.8881e+02
  -1.8619e+27  -2.7769e+27  -4.6511e+02
  -5.1777e+27  -8.0737e+26  -4.8541e+02
  -6.4341e+27   5.1054e+27  -4.4728e+02
  -9.5935e+26   1.2838e+28  -3.5530e+02
   1.3767e+28   1.4752e+28  -2.2054e+02
   3.1627e+28  -1.7424e+26  -5.9234e+01
   3.3420e+28  -3.6613e+28   1.0920e+02
  -6.6434e+27  -7.7415e+28   2.6449e+02
  -9.6228e+28  -7.4643e+28   3.8794e+02
  -1.8827e+29   3.1486e+28   4.6469e+02
  -1.6387e+29   2.5032e+29   4.8549e+02
   1.1411e+29   4.5485e+29   4.4784e+02
   6.4520e+29   3.5210e+29   3.5627e+02
   1.0914e+30  -3.6884e+29   2.2182e+02
   7.3540e+29  -1.6492e+30   6.0660e+01
  -1.1178e+30  -2.6002e+30  -1.0780e+02
  -4.1831e+30  -1.4767e+30  -2.6329e+02
  -6.1477e+30   3.2483e+30  -3.8707e+02
  -2.7939e+30   1.0534e+31  -4.6426e+02
   9.1631e+30   1.4416e+31  -4.8556e+02
   2.6345e+31   4.7711e+30  -4.4839e+02
   3.3502e+31  -2.5273e+31  -3.5725e+02
   6.5050e+30  -6.5453e+31  -2.2310e+02
  -6.8473e+31  -7.7072e+31  -6.2085e+01
  -1.6156e+32  -3.0639e+30   1.0640e+02
  -1.7528e+32   1.8283e+32   2.6208e+02
   2.4255e+31   3.9624e+32   3.8620e+02
   4.8217e+32   3.9328e+32   4.6383e+02
   9.6555e+32  -1.3728e+32   4.8562e+02
   8.6831e+32  -1.2581e+33   4.4895e+02
  -5.2598e+32  -2.3375e+33   3.5822e+02
  -3.2515e+33  -1.8790e+33   2.2437e+02
  -5.6207e+33   1.7475e+33   6.3510e+01
  -3.9623e+33   8.3316e+33  -1.0500e+02
   5.3842e+33   1.3421e+34  -2.6087e+02
   2.1182e+34   8.0654e+33  -3.8533e+02
   3.1807e+34  -1.5823e+34  -4.6340e+02
   1.5587e+34  -5.3455e+34  -4.8568e+02
  -4.5000e+34  -7.4779e+34  -4.4950e+02
  -1.3397e+35  -2.7663e+34  -3.5919e+02
  -1.7428e+35   1.2490e+35  -2.2565e+02
  -4.1408e+34   3.3350e+35  -6.4934e+01
   3.4010e+35   4.0222e+35   1.0360e+02
   8.2482e+35   3.5847e+34   2.5965e+02
   9.1811e+35  -9.1192e+35   3.8445e+02
  -7.4348e+34  -2.0269e+36   4.6297e+02
  -2.4136e+36  -2.0691e+36   4.8574e+02
  -4.9489e+36   5.8048e+35   4.5004e+02
  -4.5923e+36   6.3172e+36   3.6016e+02
   2.3943e+36   1.2005e+37   2.2692e+02
   1.6372e+37   1.0004e+37   6.6357e+01
   2.8927e+37  -8.2230e+36  -1.0219e+02
   2.1280e+37  -4.2060e+37  -2.5844e+02
  -2.5823e+37  -6.9222e+37  -3.8357e+02
  -1.0718e+38  -4.3843e+37  -4.6253e+02
  -1.6444e+38   7.6842e+37  -4.8580e+02
  -8.6297e+37   2.7108e+38  -4.5058e+02
   2.2050e+38   3.8757e+38  -3.6112e+02
   6.8080e+38   1.5804e+38  -2.2819e+02
   9.0575e+38  -6.1614e+38  -6.7780e+01
   2.5319e+38  -1.6982e+39   1.0079e+02
  -1.6869e+39  -2.0969e+39   2.5722e+02
  -4.2084e+39  -2.8621e+38   3.8269e+02
  -4.8034e+39   4.5430e+39   4.6208e+02
   1.2635e+38   1.0362e+40   4.8585e+02
   1.2069e+40   1.0870e+40   4.5112e+02
   2.5350e+40  -2.3462e+39   3.6208e+02
   2.4246e+40  -3.1692e+40   2.2945e+02
  -1.0728e+40  -6.1617e+40   6.9202e+01
  -8.2375e+40  -5.3144e+40  -9.9381e+01
  -1.4878e+41   3.8384e+40  -2.5600e+02

