  -6.8713e+02   7.8985e+02   2.0113e+02
  -8.9024e+02   6.9658e+02  -1.7396e+02
  -1.5323e+03   1.2601e+03  -4.6528e+02
  -1.1864e+03   3.6729e+03  -5.3254e+02
   4.6833e+03   6.1374e+03  -3.4334e+02
   1.7615e+04  -4.0536e+03   1.1191e+01
   1.0249e+04  -4.6357e+04   3.6034e+02
  -9.6506e+04  -8.2088e+04   5.3596e+02
  -3.1253e+05   1.1946e+05   4.5348e+02
  -1.1851e+05   8.6992e+05   1.5263e+02
   1.8539e+06   1.3627e+06  -2.2173e+02
   5.4592e+06  -2.5657e+06  -4.8931e+02
   9.2025e+05  -1.5793e+07  -5.2125e+02
  -3.5245e+07  -2.1893e+07  -3.0219e+02
  -9.4586e+07   5.3814e+07   6.2401e+01
   5.5868e+06   2.8536e+08   3.9694e+02
   6.6462e+08   3.4442e+08   5.4033e+02
   1.6259e+09  -1.1004e+09   4.2351e+02
  -5.0027e+08  -5.1248e+09   1.0275e+02
  -1.2437e+10  -5.2637e+09  -2.6749e+02
  -2.7702e+10   2.2071e+10  -5.0892e+02
   1.6178e+10   9.1475e+10  -5.0527e+02
   2.3107e+11   7.7251e+10  -2.5831e+02
   4.6734e+11  -4.3578e+11   1.1305e+02
  -4.1914e+11  -1.6227e+12   4.2997e+02
  -4.2643e+12  -1.0657e+12   5.3983e+02
  -7.7953e+12   8.4929e+12   3.8973e+02
   9.8122e+12   2.8598e+13   5.1954e+01
   7.8192e+13   1.3195e+13  -3.1084e+02
   1.2831e+14  -1.6368e+14  -5.2395e+02
  -2.1655e+14  -5.0064e+14  -4.8474e+02
  -1.4249e+15  -1.2777e+14  -2.1210e+02
  -2.0785e+15   3.1238e+15   1.6268e+02
   4.5964e+15   8.7013e+15   4.5912e+02
   2.5808e+16   3.0188e+14   5.3447e+02
   3.3009e+16  -5.9097e+16   3.5244e+02
  -9.4864e+16  -1.5006e+17   6.8618e-01
  -4.6461e+17   3.0727e+16  -3.5139e+02
  -5.1091e+17   1.1092e+18  -5.3426e+02
   1.9165e+18   2.5662e+18  -4.5984e+02
   8.3136e+18  -1.2036e+18  -1.6399e+02
   7.6355e+18  -2.0666e+19   2.1084e+02
  -3.8066e+19  -4.3472e+19   4.8413e+02
  -1.4785e+20   3.3296e+19   5.2429e+02
  -1.0838e+20   3.8241e+20   3.1196e+02
   7.4558e+20   7.2857e+20  -5.0588e+01
   2.6126e+21  -8.0601e+20  -3.8878e+02
   1.4136e+21  -7.0300e+21  -5.3975e+02
  -1.4431e+22  -1.2060e+22  -4.3080e+02
  -4.5861e+22   1.8157e+22  -1.1439e+02
  -1.5577e+22   1.2842e+23   2.5710e+02
   2.7646e+23   1.9670e+23   5.0478e+02
   7.9944e+23  -3.9084e+23   5.0938e+02
   1.0025e+23  -2.3317e+24   2.6868e+02
  -5.2481e+24  -3.1505e+24  -1.0141e+02
  -1.3832e+25   8.1499e+24  -4.2266e+02
   1.4637e+24   4.2080e+25  -5.4038e+02
   9.8808e+25   4.9314e+25  -3.9787e+02
   2.3736e+26  -1.6596e+26  -6.3764e+01
  -8.5281e+25  -7.5482e+26   3.0105e+02
  -1.8463e+27  -7.4855e+26   5.2089e+02
  -4.0368e+27   3.3177e+27   4.8989e+02
   2.5914e+27   1.3457e+28   2.2298e+02
   3.4257e+28   1.0877e+28  -1.5131e+02
   6.7959e+28  -6.5328e+28  -4.5273e+02
  -6.5464e+28  -2.3841e+29  -5.3614e+02
  -6.3140e+29  -1.4764e+29  -3.6136e+02
  -1.1308e+30   1.2702e+30  -1.2563e+01
   1.5115e+30   4.1965e+30   3.4228e+02
   1.1563e+31   1.7710e+30   5.3230e+02
   1.8560e+31  -2.4431e+31   4.6598e+02
  -3.3065e+31  -7.3361e+31   1.7526e+02
  -2.1047e+32  -1.5653e+31  -1.9985e+02
  -2.9959e+32   4.6543e+32  -4.7873e+02
   6.9751e+32   1.2732e+33  -5.2706e+02
   3.8075e+33  -1.3327e+31  -3.2159e+02
   4.7365e+33  -8.7912e+33   3.8750e+01
  -1.4329e+34  -2.1923e+34   3.8043e+02
  -6.8464e+34   5.5740e+33   5.3891e+02
  -7.2876e+34   1.6476e+35   4.3787e+02
   2.8845e+35   3.7424e+35   1.2597e+02
   1.2236e+36  -1.9618e+35  -2.4659e+02
   1.0800e+36  -3.0655e+36  -5.0041e+02
  -5.7125e+36  -6.3271e+36  -5.1324e+02
  -2.1734e+37   5.2428e+36  -2.7892e+02
  -1.5130e+37   5.6651e+37   8.9715e+01
   1.1161e+38   1.0580e+38   4.1515e+02
   3.8356e+38  -1.2475e+38   5.4067e+02
   1.9276e+38  -1.0401e+39   4.0582e+02
  -2.1557e+39  -1.7466e+39   7.5543e+01
  -6.7241e+39   2.7812e+39  -2.9111e+02
  -2.0098e+39   1.8978e+40  -5.1758e+02
   4.1220e+40   2.8394e+40  -4.9480e+02
   1.1705e+41  -5.9444e+40  -2.3374e+02
   9.5598e+39  -3.4417e+41   1.3987e+02
  -7.8119e+41  -4.5296e+41   4.4613e+02
  -2.0220e+42   1.2332e+42   5.3755e+02
   3.1024e+41   6.2038e+42   3.7011e+02
   1.4685e+43   7.0526e+42   2.4435e+01
   3.4640e+43  -2.5013e+43  -3.3300e+02
  -1.4272e+43  -1.1115e+44  -5.3008e+02
  -2.7402e+44  -1.0628e+44  -4.7189e+02

