            0            0   1.0000e+00
   3.0064e-03   4.9884e-02   9.9940e-01
   1.1986e-02   9.9076e-02   9.9759e-01
   2.6819e-02   1.4689e-01   9.9459e-01
   4.7309e-02   1.9267e-01   9.9038e-01
   7.3183e-02   2.3577e-01   9.8499e-01
   1.0410e-01   2.7558e-01   9.7841e-01
   1.3965e-01   3.1156e-01   9.7065e-01
   1.7935e-01   3.4319e-01   9.6172e-01
   2.2269e-01   3.7003e-01   9.5164e-01
   2.6908e-01   3.9167e-01   9.4041e-01
   3.1791e-01   4.0782e-01   9.2804e-01
   3.6854e-01   4.1821e-01   9.1456e-01
   4.2028e-01   4.2269e-01   8.9998e-01
   4.7245e-01   4.2117e-01   8.8432e-01
   5.2437e-01   4.1362e-01   8.6759e-01
   5.7533e-01   4.0012e-01   8.4982e-01
   6.2465e-01   3.8082e-01   8.3102e-01
   6.7170e-01   3.5594e-01   8.1123e-01
   7.1583e-01   3.2578e-01   7.9045e-01
   7.5646e-01   2.9070e-01   7.6873e-01
   7.9305e-01   2.5115e-01   7.4608e-01
   8.2511e-01   2.0762e-01   7.2253e-01
   8.5221e-01   1.6064e-01   6.9811e-01
   8.7399e-01   1.1081e-01   6.7285e-01
   8.9016e-01   5.8765e-02   6.4679e-01
   9.0049e-01   5.1557e-03   6.1994e-01
   9.0486e-01  -4.9336e-02   5.9235e-01
   9.0319e-01  -1.0402e-01   5.6404e-01
   8.9550e-01  -1.5820e-01   5.3506e-01
   8.8190e-01  -2.1120e-01   5.0543e-01
   8.6255e-01  -2.6233e-01   4.7519e-01
   8.3770e-01  -3.1096e-01   4.4438e-01
   8.0769e-01  -3.5648e-01   4.1304e-01
   7.7290e-01  -3.9830e-01   3.8119e-01
   7.3379e-01  -4.3591e-01   3.4889e-01
   6.9087e-01  -4.6883e-01   3.1617e-01
   6.4471e-01  -4.9667e-01   2.8307e-01
   5.9590e-01  -5.1909e-01   2.4963e-01
   5.4510e-01  -5.3582e-01   2.1589e-01
   4.9296e-01  -5.4666e-01   1.8189e-01
   4.4018e-01  -5.5151e-01   1.4767e-01
   3.8743e-01  -5.5033e-01   1.1327e-01
   3.3543e-01  -5.4318e-01   7.8731e-02
   2.8484e-01  -5.3016e-01   4.4101e-02
   2.3633e-01  -5.1150e-01   9.4179e-03
   1.9054e-01  -4.8745e-01  -2.5277e-02
   1.4806e-01  -4.5839e-01  -5.9941e-02
   1.0946e-01  -4.2471e-01  -9.4533e-02
   7.5225e-02  -3.8690e-01  -1.2901e-01
   4.5815e-02  -3.4548e-01  -1.6333e-01
   2.1606e-02  -3.0104e-01  -1.9746e-01
   2.9113e-03  -2.5420e-01  -2.3135e-01
  -1.0030e-02  -2.0561e-01  -2.6496e-01
  -1.7054e-02  -1.5593e-01  -2.9825e-01
  -1.8078e-02  -1.0587e-01  -3.3118e-01
  -1.3096e-02  -5.6104e-02  -3.6371e-01
  -2.1838e-03  -7.3324e-03  -3.9581e-01
   1.4505e-02   3.9771e-02  -4.2743e-01
   3.6741e-02   8.4553e-02  -4.5853e-01
   6.4219e-02   1.2639e-01  -4.8909e-01
   9.6566e-02   1.6470e-01  -5.1905e-01
   1.3334e-01   1.9894e-01  -5.4839e-01
   1.7405e-01   2.2863e-01  -5.7707e-01
   2.1815e-01   2.5334e-01  -6.0505e-01
   2.6503e-01   2.7273e-01  -6.3231e-01
   3.1408e-01   2.8650e-01  -6.5880e-01
   3.6462e-01   2.9444e-01  -6.8450e-01
   4.1597e-01   2.9642e-01  -7.0938e-01
   4.6746e-01   2.9238e-01  -7.3340e-01
   5.1837e-01   2.8234e-01  -7.5655e-01
   5.6804e-01   2.6641e-01  -7.7878e-01
   6.1578e-01   2.4477e-01  -8.0007e-01
   6.6096e-01   2.1768e-01  -8.2040e-01
   7.0296e-01   1.8546e-01  -8.3974e-01
   7.4121e-01   1.4852e-01  -8.5807e-01
   7.7521e-01   1.0732e-01  -8.7537e-01
   8.0448e-01   6.2368e-02  -8.9161e-01
   8.2862e-01   1.4234e-02  -9.0678e-01
   8.4731e-01  -3.6473e-02  -9.2086e-01
   8.6027e-01  -8.9109e-02  -9.3383e-01
   8.6734e-01  -1.4301e-01  -9.4568e-01
   8.6840e-01  -1.9748e-01  -9.5639e-01
   8.6342e-01  -2.5184e-01  -9.6595e-01
   8.5246e-01  -3.0538e-01  -9.7434e-01
   8.3565e-01  -3.5744e-01  -9.8156e-01
   8.1320e-01  -4.0735e-01  -9.8760e-01
   7.8539e-01  -4.5447e-01  -9.9245e-01
   7.5257e-01  -4.9821e-01  -9.9611e-01
   7.1518e-01  -5.3802e-01  -9.9857e-01
   6.7368e-01  -5.7341e-01  -9.9982e-01
   6.2862e-01  -6.0392e-01  -9.9987e-01
   5.8058e-01  -6.2918e-01  -9.9872e-01
   5.3017e-01  -6.4889e-01  -9.9637e-01
   4.7806e-01  -6.6281e-01  -9.9281e-01
   4.2492e-01  -6.7079e-01  -9.8807e-01
   3.7143e-01  -6.7275e-01  -9.8213e-01
   3.1830e-01  -6.6868e-01  -9.7501e-01
   2.6620e-01  -6.5868e-01  -9.6671e-01
   2.1582e-01  -6.4290e-01  -9.5725e-01
   1.6780e-01  -6.2157e-01  -9.4664e-01
   1.2278e-01  -5.9501e-01  -9.3489e-01
   8.1317e-02  -5.6360e-01  -9.2202e-01
   4.3959e-02  -5.2778e-01  -9.0803e-01
   1.1180e-02  -4.8805e-01  -8.9296e-01
  -1.6601e-02  -4.4496e-01  -8.7680e-01
  -3.9032e-02  -3.9912e-01  -8.5959e-01
  -5.5833e-02  -3.5115e-01  -8.4135e-01
  -6.6798e-02  -3.0172e-01  -8.2210e-01
  -7.1797e-02  -2.5151e-01  -8.0185e-01
  -7.0783e-02  -2.0121e-01  -7.8064e-01
  -6.3784e-02  -1.5151e-01  -7.5849e-01
  -5.0912e-02  -1.0311e-01  -7.3542e-01
  -3.2353e-02  -5.6659e-02  -7.1147e-01
  -8.3723e-03  -1.2807e-02  -6.8667e-01
   2.0696e-02   2.7840e-02  -6.6104e-01
   5.4450e-02   6.4717e-02  -6.3461e-01
   9.2423e-02   9.7311e-02  -6.0742e-01
   1.3409e-01   1.2516e-01  -5.7949e-01
   1.7889e-01   1.4788e-01  -5.5087e-01
   2.2621e-01   1.6513e-01  -5.2159e-01
   2.7540e-01   1.7667e-01  -4.9168e-01
   3.2579e-01   1.8231e-01  -4.6117e-01
   3.7669e-01   1.8196e-01  -4.3012e-01
   4.2742e-01   1.7559e-01  -3.9854e-01
   4.7728e-01   1.6327e-01  -3.6648e-01
   5.2559e-01   1.4512e-01  -3.3399e-01
   5.7169e-01   1.2138e-01  -3.0109e-01
   6.1495e-01   9.2322e-02  -2.6783e-01
   6.5479e-01   5.8312e-02  -2.3424e-01
   6.9064e-01   1.9776e-02  -2.0037e-01
   7.2203e-01  -2.2801e-02  -1.6627e-01
   7.4850e-01  -6.8879e-02  -1.3196e-01
   7.6970e-01  -1.1787e-01  -9.7493e-02
   7.8532e-01  -1.6915e-01  -6.2910e-02
   7.9513e-01  -2.2207e-01  -2.8250e-02
   7.9898e-01  -2.7594e-01   6.4433e-03
   7.9681e-01  -3.3009e-01   4.1129e-02
   7.8862e-01  -3.8380e-01   7.5765e-02
   7.7449e-01  -4.3640e-01   1.1031e-01
   7.5460e-01  -4.8722e-01   1.4472e-01
   7.2918e-01  -5.3560e-01   1.7896e-01
   6.9856e-01  -5.8092e-01   2.1298e-01
   6.6311e-01  -6.2261e-01   2.4675e-01
   6.2329e-01  -6.6014e-01   2.8022e-01
   5.7960e-01  -6.9304e-01   3.1335e-01
   5.3260e-01  -7.2089e-01   3.4610e-01
   4.8289e-01  -7.4334e-01   3.7844e-01
   4.3110e-01  -7.6012e-01   4.1033e-01
   3.7791e-01  -7.7104e-01   4.4171e-01
   3.2399e-01  -7.7596e-01   4.7257e-01
   2.7003e-01  -7.7485e-01   5.0286e-01
   2.1673e-01  -7.6775e-01   5.3254e-01
   1.6477e-01  -7.5476e-01   5.6158e-01
   1.1482e-01  -7.3609e-01   5.8995e-01
   6.7519e-02  -7.1199e-01   6.1760e-01
   2.3467e-02  -6.8283e-01   6.4452e-01
  -1.6774e-02  -6.4899e-01   6.7065e-01
  -5.2694e-02  -6.1095e-01   6.9598e-01
  -8.3839e-02  -5.6924e-01   7.2047e-01
  -1.0982e-01  -5.2443e-01   7.4409e-01
  -1.3032e-01  -4.7714e-01   7.6682e-01
  -1.4508e-01  -4.2801e-01   7.8863e-01
  -1.5394e-01  -3.7771e-01   8.0948e-01
  -1.5680e-01  -3.2693e-01   8.2936e-01
  -1.5365e-01  -2.7637e-01   8.4825e-01
  -1.4455e-01  -2.2671e-01   8.6611e-01
  -1.2964e-01  -1.7864e-01   8.8293e-01
  -1.0916e-01  -1.3281e-01   8.9868e-01
  -8.3390e-02  -8.9841e-02   9.1336e-01
  -5.2699e-02  -5.0333e-02   9.2693e-01
  -1.7519e-02  -1.4825e-02   9.3939e-01
   2.1660e-02   1.6193e-02   9.5072e-01
   6.4294e-02   4.2290e-02   9.6090e-01
   1.0979e-01   6.3101e-02   9.6993e-01
   1.5753e-01   7.8331e-02   9.7779e-01
   2.0685e-01   8.7758e-02   9.8447e-01
   2.5707e-01   9.1239e-02   9.8997e-01
   3.0751e-01   8.8709e-02   9.9427e-01
   3.5746e-01   8.0182e-02   9.9738e-01
   4.0624e-01   6.5753e-02   9.9929e-01
   4.5319e-01   4.5594e-02   1.0000e+00
   4.9765e-01   1.9954e-02   9.9950e-01
   5.3900e-01  -1.0846e-02   9.9780e-01
   5.7668e-01  -4.6416e-02   9.9489e-01
   6.1017e-01  -8.6302e-02   9.9079e-01
   6.3898e-01  -1.3000e-01   9.8550e-01
   6.6271e-01  -1.7693e-01   9.7902e-01
   6.8103e-01  -2.2651e-01   9.7136e-01
   6.9366e-01  -2.7809e-01   9.6253e-01
   7.0041e-01  -3.3101e-01   9.5255e-01
   7.0117e-01  -3.8458e-01   9.4141e-01
   6.9589e-01  -4.3811e-01   9.2915e-01
   6.8463e-01  -4.9090e-01   9.1576e-01
   6.6750e-01  -5.4228e-01   9.0128e-01
   6.4470e-01  -5.9158e-01   8.8570e-01
   6.1652e-01  -6.3817e-01   8.6907e-01
   5.8329e-01  -6.8144e-01   8.5138e-01
   5.4543e-01  -7.2083e-01   8.3267e-01
   5.0341e-01  -7.5584e-01   8.1296e-01
   4.5777e-01  -7.8603e-01   7.9227e-01
   4.0908e-01  -8.1101e-01   7.7063e-01
   3.5796e-01  -8.3046e-01   7.4806e-01
   3.0506e-01  -8.4414e-01   7.2458e-01
   2.5105e-01  -8.5188e-01   7.0024e-01
   1.9662e-01  -8.5361e-01   6.7505e-01
   1.4246e-01  -8.4930e-01   6.4905e-01
   8.9272e-02  -8.3904e-01   6.2227e-01
   3.7722e-02  -8.2297e-01   5.9474e-01
  -1.1532e-02  -8.0132e-01   5.6650e-01
  -5.7866e-02  -7.7439e-01   5.3757e-01
  -1.0069e-01  -7.4256e-01   5.0799e-01
  -1.3947e-01  -7.0625e-01   4.7781e-01
  -1.7372e-01  -6.6597e-01   4.4704e-01
  -2.0301e-01  -6.2226e-01   4.1574e-01
  -2.2699e-01  -5.7572e-01   3.8394e-01
  -2.4536e-01  -5.2697e-01   3.5168e-01
  -2.5791e-01  -4.7667e-01   3.1899e-01
  -2.6450e-01  -4.2551e-01   2.8592e-01
  -2.6507e-01  -3.7418e-01   2.5251e-01
  -2.5964e-01  -3.2336e-01   2.1879e-01
  -2.4832e-01  -2.7375e-01   1.8481e-01
  -2.3128e-01  -2.2601e-01   1.5061e-01
  -2.0878e-01  -1.8079e-01   1.1622e-01
  -1.8114e-01  -1.3870e-01   8.1696e-02
  -1.4876e-01  -1.0031e-01   4.7073e-02
  -1.1209e-01  -6.6145e-02   1.2392e-02
  -7.1662e-02  -3.6665e-02  -2.2303e-02
  -2.8028e-02  -1.2274e-02  -5.6971e-02
   1.8203e-02   6.6946e-03  -9.1571e-02
   6.6389e-02   1.9977e-02  -1.2606e-01
   1.1586e-01   2.7385e-02  -1.6040e-01
   1.6594e-01   2.8810e-02  -1.9454e-01
   2.1592e-01   2.4223e-02  -2.2845e-01
   2.6512e-01   1.3672e-02  -2.6209e-01
   3.1286e-01  -2.7131e-03  -2.9541e-01
   3.5847e-01  -2.4726e-02  -3.2837e-01
   4.0133e-01  -5.2085e-02  -3.6094e-01
   4.4082e-01  -8.4439e-02  -3.9308e-01
   4.7641e-01  -1.2137e-01  -4.2474e-01
   5.0759e-01  -1.6239e-01  -4.5589e-01
   5.3391e-01  -2.0698e-01  -4.8649e-01
   5.5500e-01  -2.5456e-01  -5.1650e-01
   5.7054e-01  -3.0449e-01  -5.4590e-01
   5.8031e-01  -3.5613e-01  -5.7464e-01
   5.8414e-01  -4.0881e-01  -6.0268e-01
   5.8196e-01  -4.6183e-01  -6.3000e-01
   5.7375e-01  -5.1450e-01  -6.5656e-01
   5.5961e-01  -5.6614e-01  -6.8233e-01
   5.3968e-01  -6.1607e-01  -7.0728e-01
   5.1420e-01  -6.6363e-01  -7.3138e-01
   4.8347e-01  -7.0820e-01  -7.5460e-01
   4.4789e-01  -7.4920e-01  -7.7691e-01
   4.0787e-01  -7.8610e-01  -7.9828e-01
   3.6393e-01  -8.1841e-01  -8.1869e-01
   3.1662e-01  -8.4572e-01  -8.3812e-01
   2.6653e-01  -8.6766e-01  -8.5654e-01
   2.1430e-01  -8.8396e-01  -8.7393e-01
   1.6058e-01  -8.9441e-01  -8.9026e-01
   1.0606e-01  -8.9887e-01  -9.0553e-01
   5.1431e-02  -8.9730e-01  -9.1970e-01
  -2.6163e-03  -8.8972e-01  -9.3277e-01
  -5.5395e-02  -8.7624e-01  -9.4471e-01
  -1.0624e-01  -8.5704e-01  -9.5552e-01
  -1.5450e-01  -8.3238e-01  -9.6517e-01
  -1.9958e-01  -8.0260e-01  -9.7367e-01
  -2.4090e-01  -7.6810e-01  -9.8099e-01
  -2.7795e-01  -7.2934e-01  -9.8713e-01
  -3.1027e-01  -6.8683e-01  -9.9208e-01
  -3.3747e-01  -6.4115e-01  -9.9584e-01
  -3.5920e-01  -5.9291e-01  -9.9840e-01
  -3.7523e-01  -5.4275e-01  -9.9976e-01
  -3.8535e-01  -4.9135e-01  -9.9992e-01
  -3.8948e-01  -4.3937e-01  -9.9887e-01
  -3.8759e-01  -3.8753e-01  -9.9662e-01
  -3.7973e-01  -3.3651e-01  -9.9317e-01
  -3.6605e-01  -2.8700e-01  -9.8852e-01
  -3.4674e-01  -2.3964e-01  -9.8268e-01
  -3.2210e-01  -1.9507e-01  -9.7566e-01
  -2.9249e-01  -1.5390e-01  -9.6747e-01
  -2.5833e-01  -1.1666e-01  -9.5811e-01
  -2.2011e-01  -8.3847e-02  -9.4760e-01
  -1.7835e-01  -5.5909e-02  -9.3595e-01
  -1.3366e-01  -3.3215e-02  -9.2317e-01
  -8.6637e-02  -1.6069e-02  -9.0928e-01
  -3.7952e-02  -4.7007e-03  -8.9429e-01
   1.1723e-02   7.3715e-04  -8.7823e-01
   6.1698e-02   1.6969e-04  -8.6111e-01
   1.1128e-01  -6.3979e-03  -8.4296e-01
   1.5978e-01  -1.8881e-02  -8.2379e-01
   2.0653e-01  -3.7115e-02  -8.0362e-01
   2.5087e-01  -6.0862e-02  -7.8249e-01
   2.9219e-01  -8.9807e-02  -7.6042e-01
   3.2990e-01  -1.2357e-01  -7.3744e-01
   3.6348e-01  -1.6170e-01  -7.1356e-01
   3.9245e-01  -2.0371e-01  -6.8883e-01
   4.1639e-01  -2.4902e-01  -6.6327e-01
   4.3496e-01  -2.9704e-01  -6.3691e-01
   4.4788e-01  -3.4714e-01  -6.0978e-01
   4.5494e-01  -3.9866e-01  -5.8192e-01
   4.5602e-01  -4.5091e-01  -5.5335e-01
   4.5108e-01  -5.0319e-01  -5.2413e-01
   4.4015e-01  -5.5482e-01  -4.9427e-01
   4.2334e-01  -6.0512e-01  -4.6381e-01
   4.0084e-01  -6.5341e-01  -4.3280e-01
   3.7293e-01  -6.9905e-01  -4.0127e-01
   3.3993e-01  -7.4145e-01  -3.6925e-01
   3.0226e-01  -7.8003e-01  -3.3679e-01
   2.6038e-01  -8.1429e-01  -3.0392e-01
   2.1481e-01  -8.4377e-01  -2.7069e-01
   1.6613e-01  -8.6808e-01  -2.3713e-01
   1.1496e-01  -8.8689e-01  -2.0329e-01
   6.1929e-02  -8.9996e-01  -1.6920e-01
   7.7193e-03  -9.0711e-01  -1.3491e-01
  -4.6984e-02  -9.0824e-01  -1.0045e-01
  -1.0149e-01  -9.0334e-01  -6.5878e-02
  -1.5510e-01  -8.9246e-01  -3.1224e-02
  -2.0715e-01  -8.7575e-01   3.4686e-03
  -2.5697e-01  -8.5344e-01   3.8157e-02
  -3.0393e-01  -8.2580e-01   7.2799e-02
  -3.4745e-01  -7.9321e-01   1.0735e-01
  -3.8697e-01  -7.5609e-01   1.4178e-01
  -4.2202e-01  -7.1494e-01   1.7603e-01
  -4.5214e-01  -6.7028e-01   2.1008e-01
  -4.7698e-01  -6.2272e-01   2.4387e-01
  -4.9623e-01  -5.7288e-01   2.7736e-01
  -5.0968e-01  -5.2141e-01   3.1052e-01
  -5.1718e-01  -4.6899e-01   3.4331e-01
  -5.1865e-01  -4.1632e-01   3.7569e-01
  -5.1411e-01  -3.6408e-01   4.0761e-01
  -5.0366e-01  -3.1296e-01   4.3904e-01
  -4.8745e-01  -2.6364e-01   4.6995e-01
  -4.6574e-01  -2.1677e-01   5.0029e-01
  -4.3885e-01  -1.7295e-01   5.3002e-01
  -4.0716e-01  -1.3277e-01   5.5912e-01
  -3.7112e-01  -9.6749e-02   5.8754e-01
  -3.3124e-01  -6.5363e-02   6.1526e-01
  -2.8808e-01  -3.9021e-02   6.4224e-01
  -2.4225e-01  -1.8066e-02   6.6844e-01
  -1.9437e-01  -2.7696e-03   6.9384e-01
  -1.4513e-01   6.6722e-03   7.1840e-01
  -9.5188e-02   1.0140e-02   7.4210e-01
  -4.5252e-02   7.5953e-03   7.6491e-01
   3.9901e-03  -9.2232e-04   7.8679e-01
   5.1855e-02  -1.5293e-02   8.0773e-01
   9.7678e-02  -3.5319e-02   8.2770e-01
   1.4082e-01  -6.0729e-02   8.4667e-01
   1.8068e-01  -9.1177e-02   8.6462e-01
   2.1671e-01  -1.2625e-01   8.8153e-01
   2.4838e-01  -1.6549e-01   8.9737e-01
   2.7526e-01  -2.0835e-01   9.1214e-01
   2.9695e-01  -2.5426e-01   9.2581e-01
   3.1314e-01  -3.0261e-01   9.3837e-01
   3.2358e-01  -3.5275e-01   9.4979e-01
   3.2811e-01  -4.0400e-01   9.6007e-01
   3.2663e-01  -4.5568e-01   9.6920e-01
   3.1914e-01  -5.0710e-01   9.7716e-01
   3.0569e-01  -5.5755e-01   9.8394e-01
   2.8645e-01  -6.0638e-01   9.8954e-01
   2.6164e-01  -6.5291e-01   9.9395e-01
   2.3154e-01  -6.9653e-01   9.9716e-01
   1.9655e-01  -7.3665e-01   9.9917e-01
   1.5708e-01  -7.7272e-01   9.9998e-01
   1.1362e-01  -8.0426e-01   9.9959e-01
   6.6738e-02  -8.3084e-01   9.9799e-01
   1.7010e-02  -8.5209e-01   9.9519e-01
  -3.4933e-02  -8.6774e-01   9.9119e-01
  -8.8430e-02  -8.7755e-01   9.8600e-01
  -1.4280e-01  -8.8139e-01   9.7962e-01
  -1.9736e-01  -8.7920e-01   9.7206e-01
  -2.5141e-01  -8.7099e-01   9.6334e-01
  -3.0427e-01  -8.5686e-01   9.5345e-01
  -3.5526e-01  -8.3699e-01   9.4241e-01
  -4.0374e-01  -8.1163e-01   9.3024e-01
  -4.4909e-01  -7.8110e-01   9.1695e-01
  -4.9075e-01  -7.4580e-01   9.0256e-01
  -5.2819e-01  -7.0619e-01   8.8708e-01
  -5.6094e-01  -6.6276e-01   8.7053e-01
  -5.8860e-01  -6.1610e-01   8.5294e-01
  -6.1083e-01  -5.6680e-01   8.3432e-01
  -6.2737e-01  -5.1551e-01   8.1469e-01
  -6.3802e-01  -4.6289e-01   7.9408e-01
  -6.4268e-01  -4.0962e-01   7.7252e-01
  -6.4131e-01  -3.5641e-01   7.5003e-01
  -6.3395e-01  -3.0393e-01   7.2663e-01
  -6.2073e-01  -2.5288e-01   7.0236e-01
  -6.0187e-01  -2.0391e-01   6.7724e-01
  -5.7762e-01  -1.5767e-01   6.5131e-01
  -5.4835e-01  -1.1474e-01   6.2460e-01
  -5.1447e-01  -7.5694e-02   5.9713e-01
  -4.7646e-01  -4.1022e-02   5.6894e-01
  -4.3485e-01  -1.1174e-02   5.4007e-01
  -3.9021e-01   1.3469e-02   5.1055e-01
  -3.4317e-01   3.2595e-02   4.8042e-01
  -2.9438e-01   4.5965e-02   4.4970e-01
  -2.4452e-01   5.3418e-02   4.1845e-01
  -1.9426e-01   5.4868e-02   3.8669e-01
  -1.4431e-01   5.0312e-02   3.5446e-01
  -9.5349e-02   3.9825e-02   3.2181e-01
  -4.8059e-02   2.3561e-02   2.8877e-01
  -3.0938e-03   1.7519e-03   2.5539e-01
   3.8925e-02  -2.5299e-02   2.2169e-01
   7.7414e-02  -5.7217e-02   1.8773e-01
   1.1183e-01  -9.3563e-02   1.5355e-01
   1.4171e-01  -1.3384e-01   1.1918e-01
   1.6660e-01  -1.7750e-01   8.4661e-02
   1.8617e-01  -2.2395e-01   5.0044e-02
   2.0012e-01  -2.7255e-01   1.5367e-02
   2.0824e-01  -3.2264e-01  -1.9329e-02
   2.1041e-01  -3.7355e-01  -5.4001e-02
   2.0655e-01  -4.2459e-01  -8.8608e-02
   1.9670e-01  -4.7505e-01  -1.2311e-01
   1.8097e-01  -5.2426e-01  -1.5746e-01
   1.5952e-01  -5.7154e-01  -1.9162e-01
   1.3263e-01  -6.1625e-01  -2.2556e-01
   1.0063e-01  -6.5779e-01  -2.5922e-01
   6.3896e-02  -6.9558e-01  -2.9257e-01
   2.2908e-02  -7.2910e-01  -3.2556e-01
  -2.1823e-02  -7.5790e-01  -3.5817e-01
  -6.9729e-02  -7.8157e-01  -3.9034e-01
  -1.2020e-01  -7.9979e-01  -4.2204e-01
  -1.7260e-01  -8.1228e-01  -4.5324e-01
  -2.2625e-01  -8.1888e-01  -4.8389e-01
  -2.8047e-01  -8.1947e-01  -5.1396e-01
  -3.3456e-01  -8.1402e-01  -5.4340e-01
  -3.8784e-01  -8.0259e-01  -5.7220e-01
  -4.3963e-01  -7.8532e-01  -6.0030e-01
  -4.8926e-01  -7.6240e-01  -6.2769e-01
  -5.3609e-01  -7.3413e-01  -6.5431e-01
  -5.7955e-01  -7.0087e-01  -6.8015e-01
  -6.1906e-01  -6.6302e-01  -7.0518e-01
  -6.5414e-01  -6.2108e-01  -7.2935e-01
  -6.8435e-01  -5.7558e-01  -7.5264e-01
  -7.0930e-01  -5.2710e-01  -7.7503e-01
  -7.2869e-01  -4.7626e-01  -7.9649e-01
  -7.4230e-01  -4.2373e-01  -8.1698e-01
  -7.4995e-01  -3.7017e-01  -8.3649e-01
  -7.5159e-01  -3.1627e-01  -8.5500e-01
  -7.4720e-01  -2.6273e-01  -8.7248e-01
  -7.3687e-01  -2.1023e-01  -8.8890e-01
  -7.2076e-01  -1.5945e-01  -9.0426e-01
  -6.9910e-01  -1.1105e-01  -9.1853e-01
  -6.7222e-01  -6.5638e-02  -9.3169e-01
  -6.4048e-01  -2.3799e-02  -9.4373e-01
  -6.0433e-01   1.3935e-02  -9.5464e-01
  -5.6428e-01   4.7084e-02  -9.6439e-01
  -5.2087e-01   7.5231e-02  -9.7299e-01
  -4.7470e-01   9.8025e-02  -9.8041e-01
  -4.2641e-01   1.1519e-01  -9.8665e-01
  -3.7666e-01   1.2651e-01  -9.9171e-01
  -3.2614e-01   1.3186e-01  -9.9557e-01
  -2.7553e-01   1.3120e-01  -9.9823e-01
  -2.2552e-01   1.2455e-01  -9.9969e-01
  -1.7681e-01   1.1203e-01  -9.9995e-01
  -1.3005e-01   9.3826e-02  -9.9901e-01
  -8.5893e-02   7.0197e-02  -9.9686e-01
  -4.4943e-02   4.1480e-02  -9.9351e-01
  -7.7645e-03   8.0798e-03  -9.8896e-01
   2.5130e-02  -2.9539e-02  -9.8323e-01
   5.3282e-02  -7.0854e-02  -9.7631e-01
   7.6298e-02  -1.1530e-01  -9.6822e-01
   9.3851e-02  -1.6225e-01  -9.5896e-01
   1.0569e-01  -2.1108e-01  -9.4855e-01
   1.1163e-01  -2.6110e-01  -9.3699e-01
   1.1158e-01  -3.1164e-01  -9.2431e-01
   1.0552e-01  -3.6200e-01  -9.1051e-01
   9.3503e-02  -4.1148e-01  -8.9562e-01
   7.5671e-02  -4.5941e-01  -8.7965e-01
   5.2240e-02  -5.0514e-01  -8.6262e-01
   2.3501e-02  -5.4802e-01  -8.4455e-01
  -1.0186e-02  -5.8748e-01  -8.2547e-01
  -4.8395e-02  -6.2295e-01  -8.0539e-01
  -9.0640e-02  -6.5395e-01  -7.8434e-01
  -1.3638e-01  -6.8004e-01  -7.6235e-01
  -1.8503e-01  -7.0085e-01  -7.3944e-01
  -2.3596e-01  -7.1609e-01  -7.1564e-01
  -2.8852e-01  -7.2552e-01  -6.9098e-01
  -3.4204e-01  -7.2899e-01  -6.6549e-01
  -3.9581e-01  -7.2643e-01  -6.3920e-01
  -4.4915e-01  -7.1786e-01  -6.1213e-01
  -5.0138e-01  -7.0336e-01  -5.8433e-01
  -5.5180e-01  -6.8310e-01  -5.5583e-01
  -5.9979e-01  -6.5731e-01  -5.2666e-01
  -6.4472e-01  -6.2632e-01  -4.9685e-01
  -6.8601e-01  -5.9052e-01  -4.6645e-01
  -7.2313e-01  -5.5034e-01  -4.3548e-01
  -7.5562e-01  -5.0630e-01  -4.0399e-01
  -7.8305e-01  -4.5896e-01  -3.7201e-01
  -8.0508e-01  -4.0891e-01  -3.3959e-01
  -8.2144e-01  -3.5679e-01  -3.0675e-01
  -8.3194e-01  -3.0327e-01  -2.7355e-01
  -8.3643e-01  -2.4903e-01  -2.4002e-01
  -8.3489e-01  -1.9476e-01  -2.0620e-01
  -8.2736e-01  -1.4115e-01  -1.7213e-01
  -8.1394e-01  -8.8895e-02  -1.3785e-01
  -7.9484e-01  -3.8651e-02  -1.0341e-01
  -7.7031e-01   8.9398e-03  -6.8846e-02
  -7.4072e-01   5.3275e-02  -3.4197e-02
  -7.0645e-01   9.3793e-02   4.9390e-04
  -6.6799e-01   1.2998e-01   3.5184e-02
  -6.2585e-01   1.6140e-01   6.9832e-02
  -5.8062e-01   1.8764e-01   1.0440e-01
  -5.3291e-01   2.0840e-01   1.3883e-01
  -4.8336e-01   2.2342e-01   1.7310e-01
  -4.3264e-01   2.3253e-01   2.0717e-01
  -3.8146e-01   2.3564e-01   2.4098e-01
  -3.3048e-01   2.3273e-01   2.7450e-01
  -2.8042e-01   2.2388e-01   3.0770e-01
  -2.3194e-01   2.0922e-01   3.4052e-01
  -1.8571e-01   1.8898e-01   3.7293e-01
  -1.4235e-01   1.6346e-01   4.0489e-01
  -1.0244e-01   1.3301e-01   4.3637e-01
  -6.6538e-02   9.8078e-02   4.6732e-01
  -3.5127e-02   5.9146e-02   4.9771e-01
  -8.6381e-03   1.6760e-02   5.2750e-01
   1.2564e-02  -2.8489e-02   5.5665e-01
   2.8185e-02  -7.5975e-02   5.8513e-01
   3.8004e-02  -1.2504e-01   6.1291e-01
   4.1878e-02  -1.7501e-01   6.3996e-01
   3.9741e-02  -2.2518e-01   6.6623e-01
   3.1610e-02  -2.7487e-01   6.9170e-01
   1.7578e-02  -3.2340e-01   7.1633e-01
  -2.1803e-03  -3.7008e-01   7.4011e-01
  -2.7417e-02  -4.1427e-01   7.6299e-01
  -5.7810e-02  -4.5536e-01   7.8496e-01
  -9.2969e-02  -4.9277e-01   8.0598e-01
  -1.3244e-01  -5.2599e-01   8.2602e-01
  -1.7571e-01  -5.5453e-01   8.4508e-01
  -2.2223e-01  -5.7799e-01   8.6312e-01
  -2.7138e-01  -5.9604e-01   8.8012e-01
  -3.2252e-01  -6.0841e-01   8.9606e-01
  -3.7500e-01  -6.1489e-01   9.1092e-01
  -4.2812e-01  -6.1538e-01   9.2468e-01
  -4.8120e-01  -6.0984e-01   9.3733e-01
  -5.3354e-01  -5.9832e-01   9.4886e-01
  -5.8445e-01  -5.8093e-01   9.5924e-01
  -6.3329e-01  -5.5789e-01   9.6846e-01
  -6.7940e-01  -5.2945e-01   9.7652e-01
  -7.2219e-01  -4.9598e-01   9.8341e-01
  -7.6110e-01  -4.5788e-01   9.8911e-01
  -7.9563e-01  -4.1563e-01   9.9362e-01
  -8.2533e-01  -3.6977e-01   9.9693e-01
  -8.4981e-01  -3.2085e-01   9.9905e-01
  -8.6876e-01  -2.6952e-01   9.9996e-01
  -8.8195e-01  -2.1641e-01   9.9967e-01
  -8.8919e-01  -1.6220e-01   9.9817e-01
  -8.9041e-01  -1.0758e-01   9.9547e-01
  -8.8561e-01  -5.3235e-02   9.9158e-01
  -8.7484e-01   1.3590e-04   9.8649e-01
  -8.5827e-01   5.1860e-02   9.8021e-01
  -8.3612e-01   1.0128e-01   9.7276e-01
  -8.0869e-01   1.4778e-01   9.6413e-01
  -7.7636e-01   1.9076e-01   9.5434e-01
  -7.3956e-01   2.2969e-01   9.4340e-01
  -6.9878e-01   2.6408e-01   9.3133e-01
  -6.5459e-01   2.9351e-01   9.1814e-01
  -6.0755e-01   3.1762e-01   9.0384e-01
  -5.5832e-01   3.3612e-01   8.8845e-01
  -5.0754e-01   3.4880e-01   8.7199e-01
  -4.5590e-01   3.5551e-01   8.5449e-01
  -4.0409e-01   3.5620e-01   8.3595e-01
  -3.5281e-01   3.5090e-01   8.1641e-01
  -3.0272e-01   3.3969e-01   7.9589e-01
  -2.5452e-01   3.2277e-01   7.7441e-01
  -2.0884e-01   3.0038e-01   7.5199e-01
  -1.6629e-01   2.7286e-01   7.2867e-01
  -1.2745e-01   2.4060e-01   7.0447e-01
  -9.2830e-02   2.0405e-01   6.7943e-01
  -6.2898e-02   1.6374e-01   6.5357e-01
  -3.8056e-02   1.2022e-01   6.2692e-01
  -1.8639e-02   7.4109e-02   5.9951e-01
  -4.9095e-03   2.6045e-02   5.7139e-01
   2.9467e-03  -2.3304e-02   5.4257e-01
   4.8202e-03  -7.3253e-02   5.1311e-01
   6.8140e-04  -1.2311e-01   4.8302e-01
  -9.4193e-03  -1.7218e-01   4.5236e-01
  -2.5352e-02  -2.1979e-01   4.2115e-01
  -4.6911e-02  -2.6527e-01   3.8943e-01
  -7.3814e-02  -3.0799e-01   3.5724e-01
  -1.0571e-01  -3.4735e-01   3.2463e-01
  -1.4217e-01  -3.8281e-01   2.9162e-01
  -1.8273e-01  -4.1385e-01   2.5826e-01
  -2.2685e-01  -4.4003e-01   2.2459e-01
  -2.7395e-01  -4.6099e-01   1.9065e-01
  -3.2340e-01  -4.7640e-01   1.5649e-01
  -3.7456e-01  -4.8604e-01   1.2213e-01
  -4.2675e-01  -4.8974e-01   8.7624e-02
  -4.7928e-01  -4.8742e-01   5.3015e-02
  -5.3145e-01  -4.7909e-01   1.8341e-02
  -5.8258e-01  -4.6482e-01  -1.6354e-02
  -6.3200e-01  -4.4477e-01  -5.1030e-02
  -6.7905e-01  -4.1918e-01  -8.5645e-02
  -7.2310e-01  -3.8835e-01  -1.2016e-01
  -7.6359e-01  -3.5266e-01  -1.5452e-01
  -7.9996e-01  -3.1254e-01  -1.8870e-01
  -8.3174e-01  -2.6851e-01  -2.2266e-01
  -8.5852e-01  -2.2111e-01  -2.5634e-01
  -8.7993e-01  -1.7094e-01  -2.8972e-01
  -8.9570e-01  -1.1864e-01  -3.2275e-01
  -9.0561e-01  -6.4852e-02  -3.5539e-01
  -9.0954e-01  -1.0273e-02  -3.8760e-01
  -9.0743e-01   4.4409e-02  -4.1934e-01
  -8.9931e-01   9.8502e-02  -4.5058e-01
  -8.8529e-01   1.5132e-01  -4.8128e-01
  -8.6556e-01   2.0219e-01  -5.1140e-01
  -8.4037e-01   2.5048e-01  -5.4090e-01
  -8.1006e-01   2.9558e-01  -5.6976e-01
  -7.7503e-01   3.3691e-01  -5.9792e-01
  -7.3574e-01   3.7397e-01  -6.2537e-01
  -6.9271e-01   4.0630e-01  -6.5206e-01
  -6.4651e-01   4.3349e-01  -6.7797e-01
  -5.9776e-01   4.5522e-01  -7.0306e-01
  -5.4709e-01   4.7123e-01  -7.2731e-01
  -4.9517e-01   4.8134e-01  -7.5068e-01
  -4.4270e-01   4.8546e-01  -7.7315e-01
  -3.9036e-01   4.8355e-01  -7.9468e-01
  -3.3885e-01   4.7567e-01  -8.1526e-01
  -2.8884e-01   4.6196e-01  -8.3486e-01
  -2.4100e-01   4.4263e-01  -8.5345e-01
  -1.9595e-01   4.1796e-01  -8.7102e-01
  -1.5429e-01   3.8833e-01  -8.8754e-01
  -1.1658e-01   3.5414e-01  -9.0299e-01
  -8.3295e-02   3.1589e-01  -9.1735e-01
  -5.4887e-02   2.7412e-01  -9.3061e-01
  -3.1726e-02   2.2940e-01  -9.4274e-01
  -1.4113e-02   1.8236e-01  -9.5375e-01
  -2.2795e-03   1.3365e-01  -9.6360e-01
   3.6227e-03   8.3960e-02  -9.7229e-01
   3.5193e-03   3.3968e-02  -9.7982e-01
  -2.5840e-03  -1.5628e-02  -9.8616e-01
  -1.4602e-02  -6.4143e-02  -9.9132e-01
  -3.2370e-02  -1.1090e-01  -9.9528e-01
  -5.5649e-02  -1.5525e-01  -9.9805e-01
  -8.4125e-02  -1.9658e-01  -9.9961e-01
  -1.1742e-01  -2.3430e-01  -9.9998e-01
  -1.5507e-01  -2.6788e-01  -9.9913e-01
  -1.9660e-01  -2.9686e-01  -9.9709e-01
  -2.4143e-01  -3.2081e-01  -9.9384e-01
  -2.8897e-01  -3.3939e-01  -9.8940e-01
  -3.3858e-01  -3.5231e-01  -9.8377e-01
  -3.8960e-01  -3.5939e-01  -9.7695e-01
  -4.4135e-01  -3.6048e-01  -9.6896e-01
  -4.9313e-01  -3.5556e-01  -9.5980e-01
  -5.4426e-01  -3.4464e-01  -9.4948e-01
  -5.9405e-01  -3.2785e-01  -9.3802e-01
  -6.4182e-01  -3.0538e-01  -9.2544e-01
  -6.8695e-01  -2.7750e-01  -9.1174e-01
  -7.2883e-01  -2.4454e-01  -8.9694e-01
  -7.6689e-01  -2.0690e-01  -8.8106e-01
  -8.0062e-01  -1.6507e-01  -8.6412e-01
  -8.2957e-01  -1.1956e-01  -8.4614e-01
  -8.5335e-01  -7.0938e-02  -8.2714e-01
  -8.7163e-01  -1.9827e-02  -8.0715e-01
  -8.8417e-01   3.3129e-02  -7.8618e-01
  -8.9079e-01   8.7259e-02  -7.6427e-01
  -8.9138e-01   1.4188e-01  -7.4144e-01
  -8.8595e-01   1.9629e-01  -7.1772e-01
  -8.7454e-01   2.4980e-01  -6.9313e-01
  -8.5731e-01   3.0174e-01  -6.6771e-01
  -8.3446e-01   3.5145e-01  -6.4148e-01
  -8.0630e-01   3.9829e-01  -6.1448e-01
  -7.7319e-01   4.4168e-01  -5.8674e-01
  -7.3556e-01   4.8108e-01  -5.5830e-01
  -6.9389e-01   5.1598e-01  -5.2918e-01
  -6.4872e-01   5.4596e-01  -4.9943e-01
  -6.0066e-01   5.7065e-01  -4.6907e-01
  -5.5032e-01   5.8976e-01  -4.3816e-01
  -4.9835e-01   6.0305e-01  -4.0671e-01
  -4.4544e-01   6.1039e-01  -3.7477e-01
  -3.9228e-01   6.1171e-01  -3.4238e-01
  -3.3956e-01   6.0701e-01  -3.0958e-01
  -2.8797e-01   5.9639e-01  -2.7641e-01
  -2.3818e-01   5.8001e-01  -2.4291e-01
  -1.9083e-01   5.5814e-01  -2.0911e-01
  -1.4656e-01   5.3108e-01  -1.7506e-01
  -1.0592e-01   4.9922e-01  -1.4080e-01
  -6.9442e-02   4.6301e-01  -1.0637e-01
  -3.7606e-02   4.2297e-01  -7.1814e-02
  -1.0816e-02   3.7965e-01  -3.7170e-02
   1.0584e-02   3.3365e-01  -2.4808e-03
   2.6323e-02   2.8562e-01   3.2211e-02
   3.6206e-02   2.3621e-01   6.6864e-02
   4.0114e-02   1.8612e-01   1.0144e-01
   3.8008e-02   1.3602e-01   1.3589e-01
   2.9929e-02   8.6629e-02   1.7017e-01
   1.5997e-02   3.8612e-02   2.0426e-01
  -3.5899e-03  -7.3619e-03   2.3809e-01
  -2.8559e-02  -5.0655e-02   2.7164e-01
  -5.8565e-02  -9.0665e-02   3.0486e-01
  -9.3198e-02  -1.2683e-01   3.3772e-01
  -1.3198e-01  -1.5865e-01   3.7017e-01
  -1.7440e-01  -1.8568e-01   4.0217e-01
  -2.1986e-01  -2.0752e-01   4.3369e-01
  -2.6776e-01  -2.2385e-01   4.6469e-01
  -3.1744e-01  -2.3444e-01   4.9512e-01
  -3.6823e-01  -2.3912e-01   5.2497e-01
  -4.1944e-01  -2.3779e-01   5.5418e-01
  -4.7039e-01  -2.3045e-01   5.8272e-01
  -5.2038e-01  -2.1717e-01   6.1056e-01
  -5.6872e-01  -1.9809e-01   6.3767e-01
  -6.1478e-01  -1.7344e-01   6.6401e-01
  -6.5792e-01  -1.4352e-01   6.8954e-01
  -6.9755e-01  -1.0870e-01   7.1425e-01
  -7.3314e-01  -6.9405e-02   7.3810e-01
  -7.6419e-01  -2.6140e-02   7.6106e-01
  -7.9028e-01   2.0554e-02   7.8311e-01
  -8.1105e-01   7.0084e-02   8.0421e-01
  -8.2621e-01   1.2182e-01   8.2434e-01
  -8.3553e-01   1.7511e-01   8.4349e-01
  -8.3888e-01   2.2926e-01   8.6161e-01
  -8.3620e-01   2.8360e-01   8.7870e-01
  -8.2751e-01   3.3742e-01   8.9473e-01
  -8.1290e-01   3.9004e-01   9.0969e-01
  -7.9254e-01   4.4078e-01   9.2355e-01
  -7.6671e-01   4.8901e-01   9.3629e-01
  -7.3571e-01   5.3411e-01   9.4791e-01
  -6.9994e-01   5.7550e-01   9.5839e-01
  -6.5985e-01   6.1267e-01   9.6772e-01
  -6.1597e-01   6.4515e-01   9.7588e-01
  -5.6885e-01   6.7253e-01   9.8287e-01
  -5.1910e-01   6.9448e-01   9.8867e-01
  -4.6736e-01   7.1074e-01   9.9328e-01
  -4.1430e-01   7.2110e-01   9.9670e-01
  -3.6060e-01   7.2547e-01   9.9891e-01
  -3.0695e-01   7.2380e-01   9.9993e-01
  -2.5405e-01   7.1615e-01   9.9974e-01
  -2.0258e-01   7.0264e-01   9.9835e-01
  -1.5320e-01   6.8347e-01   9.9575e-01
  -1.0655e-01   6.5893e-01   9.9196e-01
  -6.3225e-02   6.2937e-01   9.8697e-01
  -2.3777e-02   5.9519e-01   9.8080e-01
   1.1287e-02   5.5688e-01   9.7344e-01
   4.1525e-02   5.1497e-01   9.6491e-01
   6.6553e-02   4.7005e-01   9.5523e-01
   8.6062e-02   4.2272e-01   9.4439e-01
   9.9813e-02   3.7364e-01   9.3241e-01
   1.0764e-01   3.2348e-01   9.1931e-01
   1.0947e-01   2.7294e-01   9.0511e-01
   1.0529e-01   2.2271e-01   8.8981e-01
   9.5175e-02   1.7347e-01   8.7345e-01
   7.9285e-02   1.2590e-01   8.5603e-01
   5.7849e-02   8.0661e-02   8.3758e-01
   3.1173e-02   3.8368e-02   8.1813e-01
  -3.6913e-04  -3.9407e-04   7.9768e-01
  -3.6339e-02  -3.5087e-02   7.7628e-01
  -7.6238e-02  -6.5229e-02   7.5395e-01
  -1.1952e-01  -9.0397e-02   7.3071e-01
  -1.6558e-01  -1.1024e-01   7.0658e-01
  -2.1379e-01  -1.2446e-01   6.8161e-01
  -2.6350e-01  -1.3286e-01   6.5582e-01
  -3.1402e-01  -1.3529e-01   6.2923e-01
  -3.6466e-01  -1.3171e-01   6.0189e-01
  -4.1473e-01  -1.2214e-01   5.7383e-01
  -4.6354e-01  -1.0669e-01   5.4507e-01
  -5.1042e-01  -8.5531e-02   5.1566e-01
  -5.5473e-01  -5.8929e-02   4.8563e-01
  -5.9586e-01  -2.7214e-02   4.5501e-01
  -6.3324e-01   9.2173e-03   4.2384e-01
  -6.6636e-01   4.9903e-02   3.9217e-01
  -6.9475e-01   9.4325e-02   3.6002e-01
  -7.1801e-01   1.4192e-01   3.2744e-01
  -7.3581e-01   1.9207e-01   2.9446e-01
  -7.4790e-01   2.4414e-01   2.6114e-01
  -7.5409e-01   2.9746e-01   2.2749e-01
  -7.5427e-01   3.5134e-01   1.9357e-01
  -7.4841e-01   4.0509e-01   1.5942e-01
  -7.3658e-01   4.5802e-01   1.2508e-01
  -7.1891e-01   5.0945e-01   9.0587e-02
  -6.9560e-01   5.5871e-01   5.5985e-02
  -6.6694e-01   6.0518e-01   2.1315e-02
  -6.3328e-01   6.4826e-01  -1.3380e-02
  -5.9505e-01   6.8739e-01  -4.8059e-02
  -5.5273e-01   7.2209e-01  -8.2681e-02
  -5.0685e-01   7.5190e-01  -1.1720e-01
  -4.5801e-01   7.7646e-01  -1.5158e-01
  -4.0681e-01   7.9546e-01  -1.8578e-01
  -3.5392e-01   8.0867e-01  -2.1976e-01
  -3.0001e-01   8.1592e-01  -2.5347e-01
  -2.4577e-01   8.1715e-01  -2.8687e-01
  -1.9189e-01   8.1236e-01  -3.1993e-01
  -1.3906e-01   8.0162e-01  -3.5261e-01
  -8.7960e-02   7.8510e-01  -3.8486e-01
  -3.9237e-02   7.6305e-01  -4.1664e-01
   6.4883e-03   7.3575e-01  -4.4793e-01
   4.8635e-02   7.0361e-01  -4.7867e-01
   8.6672e-02   6.6706e-01  -5.0884e-01
   1.2012e-01   6.2660e-01  -5.3840e-01
   1.4856e-01   5.8279e-01  -5.6731e-01
   1.7164e-01   5.3622e-01  -5.9554e-01
   1.8909e-01   4.8754e-01  -6.2304e-01
   2.0069e-01   4.3740e-01  -6.4980e-01
   2.0633e-01   3.8648e-01  -6.7578e-01
   2.0595e-01   3.3548e-01  -7.0094e-01
   1.9958e-01   2.8509e-01  -7.2526e-01
   1.8733e-01   2.3599e-01  -7.4871e-01
   1.6940e-01   1.8886e-01  -7.7126e-01
   1.4604e-01   1.4432e-01  -7.9287e-01
   1.1760e-01   1.0300e-01  -8.1354e-01
   8.4479e-02   6.5443e-02  -8.3322e-01
   4.7138e-02   3.2177e-02  -8.5190e-01
   6.1008e-03   3.6527e-03  -8.6955e-01
  -3.8061e-02  -1.9734e-02  -8.8616e-01
  -8.4736e-02  -3.7658e-02  -9.0170e-01
  -1.3328e-01  -4.9867e-02  -9.1616e-01
  -1.8302e-01  -5.6182e-02  -9.2951e-01
  -2.3326e-01  -5.6505e-02  -9.4175e-01
  -2.8333e-01  -5.0817e-02  -9.5285e-01
  -3.3252e-01  -3.9177e-02  -9.6280e-01
  -3.8016e-01  -2.1725e-02  -9.7159e-01
  -4.2559e-01   1.3236e-03  -9.7922e-01
  -4.6818e-01   2.9677e-02  -9.8567e-01
  -5.0733e-01   6.2974e-02  -9.9092e-01
  -5.4250e-01   1.0079e-01  -9.9499e-01
  -5.7320e-01   1.4264e-01  -9.9786e-01
  -5.9899e-01   1.8797e-01  -9.9953e-01
  -6.1950e-01   2.3621e-01  -9.9999e-01
  -6.3444e-01   2.8673e-01  -9.9925e-01
  -6.4357e-01   3.3887e-01  -9.9731e-01
  -6.4674e-01   3.9196e-01  -9.9417e-01
  -6.4389e-01   4.4530e-01  -9.8983e-01
  -6.3502e-01   4.9821e-01  -9.8430e-01
  -6.2023e-01   5.4999e-01  -9.7758e-01
  -5.9968e-01   5.9997e-01  -9.6969e-01
  -5.7362e-01   6.4750e-01  -9.6063e-01
  -5.4235e-01   6.9197e-01  -9.5041e-01
  -5.0627e-01   7.3280e-01  -9.3905e-01
  -4.6583e-01   7.6945e-01  -9.2656e-01
  -4.2153e-01   8.0146e-01  -9.1295e-01
  -3.7392e-01   8.2842e-01  -8.9825e-01
  -3.2362e-01   8.4998e-01  -8.8246e-01
  -2.7126e-01   8.6586e-01  -8.6561e-01
  -2.1751e-01   8.7587e-01  -8.4772e-01
  -1.6303e-01   8.7988e-01  -8.2881e-01
  -1.0854e-01   8.7785e-01  -8.0890e-01
  -5.4719e-02   8.6983e-01  -7.8802e-01
  -2.2513e-03   8.5593e-01  -7.6619e-01
   4.8196e-02   8.3634e-01  -7.4343e-01
   9.5985e-02   8.1133e-01  -7.1979e-01
   1.4051e-01   7.8125e-01  -6.9527e-01
   1.8122e-01   7.4650e-01  -6.6992e-01
   2.1759e-01   7.0755e-01  -6.4376e-01
   2.4918e-01   6.6494e-01  -6.1683e-01
   2.7559e-01   6.1923e-01  -5.8915e-01
   2.9651e-01   5.7105e-01  -5.6077e-01
   3.1170e-01   5.2103e-01  -5.3170e-01
   3.2097e-01   4.6985e-01  -5.0200e-01
   3.2423e-01   4.1820e-01  -4.7170e-01
   3.2148e-01   3.6677e-01  -4.4083e-01
   3.1278e-01   3.1625e-01  -4.0942e-01
   2.9828e-01   2.6732e-01  -3.7753e-01
   2.7819e-01   2.2063e-01  -3.4518e-01
   2.5282e-01   1.7682e-01  -3.1241e-01
   2.2252e-01   1.3647e-01  -2.7927e-01
   1.8774e-01   1.0012e-01  -2.4579e-01
   1.4896e-01   6.8272e-02  -2.1202e-01
   1.0673e-01   4.1344e-02  -1.7799e-01
   6.1633e-02   1.9704e-02  -1.4375e-01
   1.4304e-02   3.6456e-03  -1.0933e-01
  -3.4604e-02  -6.6104e-03  -7.4780e-02
  -8.4409e-02  -1.0921e-02  -4.0142e-02
  -1.3442e-01  -9.2227e-03  -5.4555e-03
  -1.8395e-01  -1.5304e-03   2.9238e-02
  -2.3231e-01   1.2060e-02   6.3896e-02
  -2.7882e-01   3.1376e-02   9.8477e-02
  -3.2285e-01   5.6167e-02   1.3294e-01
  -3.6377e-01   8.6112e-02   1.6724e-01
  -4.0101e-01   1.2082e-01   2.0134e-01
  -4.3405e-01   1.5983e-01   2.3520e-01
  -4.6242e-01   2.0265e-01   2.6878e-01
  -4.8572e-01   2.4870e-01   3.0203e-01
  -5.0360e-01   2.9738e-01   3.3492e-01
  -5.1579e-01   3.4805e-01   3.6740e-01
  -5.2211e-01   4.0005e-01   3.9945e-01
  -5.2243e-01   4.5269e-01   4.3101e-01
  -5.1673e-01   5.0527e-01   4.6205e-01
  -5.0505e-01   5.5712e-01   4.9254e-01
  -4.8750e-01   6.0754e-01   5.2243e-01
  -4.6430e-01   6.5587e-01   5.5170e-01
  -4.3572e-01   7.0147e-01   5.8030e-01
  -4.0211e-01   7.4375e-01   6.0820e-01
  -3.6387e-01   7.8214e-01   6.3537e-01
  -3.2149e-01   8.1615e-01   6.6178e-01
  -2.7550e-01   8.4533e-01   6.8739e-01
  -2.2647e-01   8.6929e-01   7.1217e-01
  -1.7502e-01   8.8771e-01   7.3609e-01
  -1.2181e-01   9.0036e-01   7.5913e-01
  -6.7496e-02   9.0708e-01   7.8126e-01
  -1.2781e-02   9.0777e-01   8.0244e-01
   4.1646e-02   9.0243e-01   8.2266e-01
   9.5095e-02   8.9114e-01   8.4188e-01
   1.4689e-01   8.7403e-01   8.6010e-01
   1.9638e-01   8.5135e-01   8.7728e-01
   2.4293e-01   8.2340e-01   8.9340e-01
   2.8596e-01   7.9054e-01   9.0845e-01
   3.2494e-01   7.5322e-01   9.2240e-01
   3.5938e-01   7.1192e-01   9.3524e-01
   3.8884e-01   6.6721e-01   9.4696e-01
   4.1299e-01   6.1966e-01   9.5754e-01
   4.3151e-01   5.6992e-01   9.6696e-01
   4.4421e-01   5.1864e-01   9.7523e-01
   4.5095e-01   4.6650e-01   9.8231e-01
   4.5166e-01   4.1419e-01   9.8822e-01
   4.4637e-01   3.6241e-01   9.9293e-01
   4.3518e-01   3.1184e-01   9.9645e-01
   4.1827e-01   2.6315e-01   9.9877e-01
   3.9589e-01   2.1698e-01   9.9989e-01
   3.6838e-01   1.7396e-01   9.9980e-01
   3.3613e-01   1.3464e-01   9.9851e-01
   2.9960e-01   9.9548e-02   9.9602e-01
   2.5929e-01   6.9147e-02   9.9233e-01
   2.1579e-01   4.3837e-02   9.8745e-01
   1.6970e-01   2.3954e-02   9.8137e-01
   1.2165e-01   9.7595e-03   9.7412e-01
   7.2321e-02   1.4391e-03   9.6569e-01
   2.2392e-02  -8.9820e-04   9.5610e-01
  -2.7443e-02   2.7765e-03   9.4536e-01
  -7.6492e-02   1.2412e-02   9.3348e-01
  -1.2407e-01   2.7880e-02   9.2048e-01
  -1.6953e-01   4.8971e-02   9.0637e-01
  -2.1222e-01   7.5404e-02   8.9117e-01
  -2.5155e-01   1.0683e-01   8.7489e-01
  -2.8698e-01   1.4282e-01   8.5756e-01
  -3.1799e-01   1.8290e-01   8.3920e-01
  -3.4414e-01   2.2654e-01   8.1983e-01
  -3.6507e-01   2.7315e-01   7.9948e-01
  -3.8045e-01   3.2211e-01   7.7816e-01
  -3.9006e-01   3.7277e-01   7.5590e-01
  -3.9374e-01   4.2446e-01   7.3273e-01
  -3.9140e-01   4.7649e-01   7.0868e-01
  -3.8305e-01   5.2816e-01   6.8378e-01
  -3.6876e-01   5.7878e-01   6.5806e-01
  -3.4870e-01   6.2768e-01   6.3154e-01
  -3.2310e-01   6.7421e-01   6.0426e-01
  -2.9226e-01   7.1775e-01   5.7626e-01
  -2.5657e-01   7.5770e-01   5.4756e-01
  -2.1647e-01   7.9355e-01   5.1821e-01
  -1.7245e-01   8.2480e-01   4.8822e-01
  -1.2507e-01   8.5104e-01   4.5766e-01
  -7.4927e-02   8.7192e-01   4.2654e-01
  -2.2652e-02   8.8715e-01   3.9490e-01
   3.1092e-02   8.9653e-01   3.6279e-01
   8.5625e-02   8.9992e-01   3.3025e-01
   1.4025e-01   8.9727e-01   2.9731e-01
   1.9429e-01   8.8862e-01   2.6401e-01
   2.4704e-01   8.7406e-01   2.3039e-01
   2.9784e-01   8.5380e-01   1.9649e-01
   3.4605e-01   8.2808e-01   1.6236e-01
   3.9105e-01   7.9724e-01   1.2803e-01
   4.3230e-01   7.6168e-01   9.3549e-02
   4.6926e-01   7.2187e-01   5.8955e-02
   5.0148e-01   6.7832e-01   2.4289e-02
   5.2856e-01   6.3161e-01  -1.0406e-02
   5.5018e-01   5.8235e-01  -4.5088e-02
   5.6607e-01   5.3117e-01  -7.9716e-02
   5.7607e-01   4.7876e-01  -1.1425e-01
   5.8006e-01   4.2579e-01  -1.4864e-01
   5.7802e-01   3.7296e-01  -1.8286e-01
   5.7001e-01   3.2096e-01  -2.1685e-01
   5.5617e-01   2.7047e-01  -2.5059e-01
   5.3671e-01   2.2215e-01  -2.8402e-01
   5.1192e-01   1.7663e-01  -3.1711e-01
   4.8216e-01   1.3450e-01  -3.4982e-01
   4.4784e-01   9.6322e-02  -3.8211e-01
   4.0946e-01   6.2579e-02  -4.1394e-01
   3.6755e-01   3.3713e-02  -4.4527e-01
   3.2271e-01   1.0096e-02  -4.7606e-01
   2.7554e-01  -7.9697e-03  -5.0628e-01
   2.2671e-01  -2.0255e-02  -5.3589e-01
   1.7690e-01  -2.6607e-02  -5.6486e-01
   1.2679e-01  -2.6953e-02  -5.9314e-01
   7.7070e-02  -2.1299e-02  -6.2072e-01
   2.8439e-02  -9.7307e-03  -6.4754e-01
  -1.8435e-02   7.5877e-03  -6.7359e-01
  -6.2899e-02   3.0416e-02  -6.9882e-01
  -1.0434e-01   5.8439e-02  -7.2321e-01
  -1.4217e-01   9.1275e-02  -7.4674e-01
  -1.7587e-01   1.2848e-01  -7.6936e-01
  -2.0496e-01   1.6954e-01  -7.9106e-01
  -2.2902e-01   2.1391e-01  -8.1180e-01
  -2.4771e-01   2.6098e-01  -8.3157e-01
  -2.6074e-01   3.1013e-01  -8.5034e-01
  -2.6793e-01   3.6068e-01  -8.6808e-01
  -2.6914e-01   4.1195e-01  -8.8478e-01
  -2.6434e-01   4.6325e-01  -9.0041e-01
  -2.5355e-01   5.1390e-01  -9.1496e-01
  -2.3688e-01   5.6320e-01  -9.2841e-01
  -2.1454e-01   6.1048e-01  -9.4074e-01
  -1.8679e-01   6.5512e-01  -9.5194e-01
  -1.5397e-01   6.9650e-01  -9.6199e-01
  -1.1648e-01   7.3407e-01  -9.7089e-01
  -7.4794e-02   7.6730e-01  -9.7861e-01
  -2.9437e-02   7.9575e-01  -9.8516e-01
   1.9020e-02   8.1903e-01  -9.9052e-01
   6.9963e-02   8.3681e-01  -9.9469e-01
   1.2274e-01   8.4884e-01  -9.9766e-01
   1.7669e-01   8.5495e-01  -9.9943e-01
   2.3112e-01   8.5504e-01  -1.0000e+00
   2.8534e-01   8.4911e-01  -9.9936e-01
   3.3865e-01   8.3720e-01  -9.9752e-01
   3.9038e-01   8.1947e-01  -9.9448e-01
   4.3988e-01   7.9613e-01  -9.9025e-01
   4.8650e-01   7.6748e-01  -9.8482e-01
   5.2966e-01   7.3388e-01  -9.7820e-01
   5.6882e-01   6.9576e-01  -9.7041e-01
   6.0349e-01   6.5361e-01  -9.6145e-01
   6.3323e-01   6.0797e-01  -9.5133e-01
   6.5767e-01   5.5943e-01  -9.4007e-01
   6.7653e-01   5.0862e-01  -9.2768e-01
   6.8957e-01   4.5620e-01  -9.1416e-01
   6.9665e-01   4.0283e-01  -8.9955e-01
   6.9770e-01   3.4922e-01  -8.8386e-01
   6.9274e-01   2.9606e-01  -8.6710e-01
   6.8186e-01   2.4403e-01  -8.4930e-01
   6.6522e-01   1.9381e-01  -8.3047e-01
   6.4308e-01   1.4603e-01  -8.1065e-01
   6.1576e-01   1.0133e-01  -7.8985e-01
   5.8363e-01   6.0275e-02  -7.6810e-01
   5.4716e-01   2.3387e-02  -7.4542e-01
   5.0686e-01  -8.8593e-03  -7.2185e-01
   4.6327e-01  -3.6055e-02  -6.9741e-01
   4.1702e-01  -5.7859e-02  -6.7212e-01
   3.6872e-01  -7.3998e-02  -6.4603e-01
   3.1906e-01  -8.4279e-02  -6.1916e-01
   2.6871e-01  -8.8583e-02  -5.9155e-01
   2.1837e-01  -8.6873e-02  -5.6323e-01
   1.6872e-01  -7.9188e-02  -5.3422e-01
   1.2046e-01  -6.5650e-02  -5.0458e-01
   7.4239e-02  -4.6457e-02  -4.7432e-01
   3.0702e-02  -2.1883e-02  -4.4350e-01
  -9.5510e-03   7.7275e-03  -4.1214e-01
  -4.5962e-02   4.1963e-02  -3.8028e-01
  -7.8024e-02   8.0351e-02  -3.4797e-01
  -1.0529e-01   1.2236e-01  -3.1524e-01
  -1.2737e-01   1.6742e-01  -2.8213e-01
  -1.4394e-01   2.1491e-01  -2.4867e-01
  -1.5478e-01   2.6418e-01  -2.1492e-01
  -1.5970e-01   3.1456e-01  -1.8091e-01
  -1.5862e-01   3.6536e-01  -1.4669e-01
  -1.5153e-01   4.1589e-01  -1.1228e-01
  -1.3849e-01   4.6546e-01  -7.7746e-02
  -1.1967e-01   5.1339e-01  -4.3114e-02
  -9.5275e-02   5.5902e-01  -8.4301e-03
  -6.5616e-02   6.0173e-01   2.6264e-02
  -3.1060e-02   6.4093e-01   6.0927e-02
   7.9590e-03   6.7609e-01   9.5516e-02
   5.0947e-02   7.0671e-01   1.2999e-01
   9.7357e-02   7.3237e-01   1.6431e-01
   1.4660e-01   7.5270e-01   1.9843e-01
   1.9804e-01   7.6743e-01   2.3231e-01
   2.5103e-01   7.7632e-01   2.6591e-01
   3.0487e-01   7.7924e-01   2.9919e-01
   3.5889e-01   7.7612e-01   3.3211e-01
   4.1239e-01   7.6700e-01   3.6463e-01
   4.6468e-01   7.5196e-01   3.9672e-01
   5.1510e-01   7.3119e-01   4.2832e-01
   5.6299e-01   7.0493e-01   4.5941e-01
   6.0774e-01   6.7352e-01   4.8995e-01
   6.4878e-01   6.3733e-01   5.1989e-01
   6.8560e-01   5.9685e-01   5.4921e-01
   7.1772e-01   5.5256e-01   5.7787e-01
   7.4474e-01   5.0505e-01   6.0584e-01
   7.6632e-01   4.5491e-01   6.3307e-01
   7.8220e-01   4.0278e-01   6.5954e-01
   7.9219e-01   3.4934e-01   6.8522e-01
   7.9618e-01   2.9527e-01   7.1008e-01
   7.9414e-01   2.4126e-01   7.3408e-01
   7.8610e-01   1.8800e-01   7.5719e-01
   7.7221e-01   1.3618e-01   7.7939e-01
   7.5267e-01   8.6450e-02   8.0066e-01
   7.2774e-01   3.9455e-02   8.2096e-01
   6.9780e-01  -4.2087e-03   8.4028e-01
   6.6324e-01  -4.3988e-02   8.5858e-01
   6.2456e-01  -7.9380e-02   8.7585e-01
   5.8227e-01  -1.0994e-01   8.9206e-01
   5.3697e-01  -1.3529e-01   9.0720e-01
   4.8927e-01  -1.5511e-01   9.2125e-01
   4.3982e-01  -1.6917e-01   9.3419e-01
   3.8930e-01  -1.7731e-01   9.4600e-01
   3.3839e-01  -1.7945e-01   9.5668e-01
   2.8780e-01  -1.7557e-01   9.6620e-01
   2.3820e-01  -1.6576e-01   9.7456e-01
   1.9027e-01  -1.5017e-01   9.8175e-01
   1.4468e-01  -1.2904e-01   9.8776e-01
   1.0203e-01  -1.0267e-01   9.9257e-01
   6.2917e-02  -7.1431e-02   9.9620e-01
   2.7874e-02  -3.5767e-02   9.9862e-01
  -2.6169e-03   3.8258e-03   9.9984e-01
  -2.8133e-02   4.6796e-02   9.9986e-01
  -4.8320e-02   9.2549e-02   9.9867e-01
  -6.2891e-02   1.4045e-01   9.9628e-01
  -7.1636e-02   1.8985e-01   9.9270e-01
  -7.4422e-02   2.4005e-01   9.8791e-01
  -7.1194e-02   2.9037e-01   9.8194e-01
  -6.1978e-02   3.4011e-01   9.7479e-01
  -4.6880e-02   3.8860e-01   9.6646e-01
  -2.6082e-02   4.3516e-01   9.5697e-01
   1.5692e-04   4.7914e-01   9.4633e-01
   3.1506e-02   5.1994e-01   9.3454e-01
   6.7566e-02   5.5699e-01   9.2164e-01
   1.0788e-01   5.8978e-01   9.0762e-01
   1.5192e-01   6.1784e-01   8.9251e-01
   1.9912e-01   6.4077e-01   8.7633e-01
   2.4888e-01   6.5824e-01   8.5909e-01
   3.0056e-01   6.7000e-01   8.4082e-01
   3.5347e-01   6.7585e-01   8.2153e-01
   4.0694e-01   6.7571e-01   8.0126e-01
   4.6028e-01   6.6953e-01   7.8002e-01
   5.1279e-01   6.5737e-01   7.5784e-01
   5.6379e-01   6.3938e-01   7.3475e-01
   6.1262e-01   6.1575e-01   7.1078e-01
   6.5866e-01   5.8678e-01   6.8595e-01
   7.0129e-01   5.5282e-01   6.6030e-01
   7.3998e-01   5.1429e-01   6.3385e-01
   7.7423e-01   4.7167e-01   6.0663e-01
   8.0359e-01   4.2550e-01   5.7869e-01
   8.2769e-01   3.7637e-01   5.5005e-01
   8.4622e-01   3.2490e-01   5.2075e-01
   8.5897e-01   2.7173e-01   4.9082e-01
   8.6575e-01   2.1756e-01   4.6030e-01
   8.6652e-01   1.6306e-01   4.2922e-01
   8.6125e-01   1.0893e-01   3.9763e-01
   8.5005e-01   5.5852e-02   3.6556e-01
   8.3306e-01   4.5121e-03   3.3306e-01
   8.1053e-01  -4.4444e-02   3.0014e-01
   7.8277e-01  -9.0396e-02   2.6687e-01
   7.5016e-01  -1.3276e-01   2.3328e-01
   7.1315e-01  -1.7102e-01   1.9941e-01
   6.7223e-01  -2.0467e-01   1.6529e-01
   6.2795e-01  -2.3332e-01   1.3098e-01
   5.8093e-01  -2.5661e-01   9.6510e-02
   5.3179e-01  -2.7425e-01   6.1924e-02
   4.8120e-01  -2.8605e-01   2.7263e-02
   4.2983e-01  -2.9188e-01  -7.4310e-03
   3.7839e-01  -2.9168e-01  -4.2116e-02
   3.2755e-01  -2.8550e-01  -7.6750e-02
   2.7802e-01  -2.7344e-01  -1.1129e-01
   2.3044e-01  -2.5570e-01  -1.4570e-01
   1.8548e-01  -2.3253e-01  -1.7993e-01
   1.4372e-01  -2.0427e-01  -2.1395e-01
   1.0574e-01  -1.7133e-01  -2.4771e-01
   7.2043e-02  -1.3418e-01  -2.8117e-01
   4.3093e-02  -9.3325e-02  -3.1429e-01
   1.9282e-02  -4.9352e-02  -3.4703e-01
   9.3396e-04  -2.8672e-03  -3.7936e-01
  -1.1698e-02   4.5483e-02  -4.1123e-01
  -1.8437e-02   9.5028e-02  -4.4260e-01
  -1.9185e-02   1.4508e-01  -4.7344e-01
  -1.3922e-02   1.9495e-01  -5.0371e-01
  -2.7089e-03   2.4394e-01  -5.3338e-01
   1.4314e-02   2.9138e-01  -5.6240e-01
   3.6930e-02   3.3661e-01  -5.9075e-01
   6.4848e-02   3.7899e-01  -6.1838e-01
   9.7707e-02   4.1794e-01  -6.4527e-01
   1.3508e-01   4.5290e-01  -6.7138e-01
   1.7648e-01   4.8340e-01  -6.9669e-01
   2.2136e-01   5.0898e-01  -7.2116e-01
   2.6915e-01   5.2929e-01  -7.4475e-01
   3.1921e-01   5.4402e-01  -7.6746e-01
   3.7088e-01   5.5294e-01  -7.8923e-01
   4.2350e-01   5.5591e-01  -8.1006e-01
   4.7637e-01   5.5286e-01  -8.2992e-01
   5.2879e-01   5.4380e-01  -8.4877e-01
   5.8008e-01   5.2881e-01  -8.6660e-01
   6.2957e-01   5.0807e-01  -8.8339e-01
   6.7661e-01   4.8182e-01  -8.9912e-01
   7.2058e-01   4.5038e-01  -9.1376e-01
   7.6090e-01   4.1412e-01  -9.2730e-01
   7.9705e-01   3.7351e-01  -9.3973e-01
   8.2855e-01   3.2904e-01  -9.5102e-01
   8.5499e-01   2.8128e-01  -9.6118e-01
   8.7603e-01   2.3083e-01  -9.7017e-01
   8.9139e-01   1.7833e-01  -9.7800e-01
   9.0087e-01   1.2443e-01  -9.8464e-01
   9.0436e-01   6.9827e-02  -9.9011e-01
   9.0182e-01   1.5210e-02  -9.9438e-01
   8.9327e-01  -3.8730e-02  -9.9745e-01
   8.7884e-01  -9.1308e-02  -9.9933e-01
   8.5873e-01  -1.4186e-01  -1.0000e+00
   8.3320e-01  -1.8975e-01  -9.9947e-01
   8.0260e-01  -2.3436e-01  -9.9773e-01
   7.6733e-01  -2.7515e-01  -9.9479e-01
   7.2788e-01  -3.1161e-01  -9.9066e-01
   6.8475e-01  -3.4327e-01  -9.8533e-01
   6.3853e-01  -3.6975e-01  -9.7882e-01
   5.8984e-01  -3.9074e-01  -9.7113e-01
   5.3932e-01  -4.0599e-01  -9.6226e-01
   4.8765e-01  -4.1532e-01  -9.5225e-01
   4.3550e-01  -4.1864e-01  -9.4108e-01
   3.8358e-01  -4.1594e-01  -9.2878e-01
   3.3257e-01  -4.0729e-01  -9.1537e-01
   2.8316e-01  -3.9284e-01  -9.0085e-01
   2.3600e-01  -3.7280e-01  -8.8525e-01
   1.9171e-01  -3.4747e-01  -8.6858e-01
   1.5089e-01  -3.1723e-01  -8.5086e-01
   1.1407e-01  -2.8250e-01  -8.3213e-01
   8.1756e-02  -2.4377e-01  -8.1239e-01
   5.4362e-02  -2.0158e-01  -7.9167e-01
   3.2259e-02  -1.5654e-01  -7.7000e-01
   1.5739e-02  -1.0926e-01  -7.4740e-01
   5.0214e-03  -6.0412e-02  -7.2390e-01
   2.4973e-04  -1.0663e-02  -6.9953e-01
   1.4872e-03   3.9293e-02  -6.7432e-01
   8.7177e-03   8.8762e-02  -6.4830e-01
   2.1846e-02   1.3706e-01  -6.2150e-01
   4.0697e-02   1.8351e-01  -5.9395e-01
   6.5021e-02   2.2747e-01  -5.6568e-01
   9.4497e-02   2.6832e-01  -5.3673e-01
   1.2873e-01   3.0550e-01  -5.0714e-01
   1.6727e-01   3.3847e-01  -4.7694e-01
   2.0961e-01   3.6678e-01  -4.4616e-01
   2.5517e-01   3.9001e-01  -4.1485e-01
   3.0337e-01   4.0782e-01  -3.8303e-01
   3.5355e-01   4.1995e-01  -3.5076e-01
   4.0505e-01   4.2620e-01  -3.1806e-01
   4.5719e-01   4.2646e-01  -2.8498e-01
   5.0927e-01   4.2071e-01  -2.5155e-01
   5.6061e-01   4.0897e-01  -2.1783e-01
   6.1051e-01   3.9137e-01  -1.8384e-01
   6.5832e-01   3.6813e-01  -1.4963e-01
   7.0341e-01   3.3950e-01  -1.1524e-01
   7.4516e-01   3.0585e-01  -8.0712e-02
   7.8303e-01   2.6758e-01  -4.6086e-02
   8.1651e-01   2.2518e-01  -1.1405e-02
   8.4515e-01   1.7916e-01   2.3290e-02
   8.6857e-01   1.3012e-01   5.7957e-02
   8.8646e-01   7.8663e-02   9.2554e-02
   8.9857e-01   2.5447e-02   1.2704e-01
   9.0475e-01  -2.8855e-02   1.6137e-01
   9.0490e-01  -8.3557e-02   1.9551e-01
   8.9902e-01  -1.3796e-01   2.2941e-01
   8.8719e-01  -1.9139e-01   2.6304e-01
   8.6955e-01  -2.4315e-01   2.9635e-01
   8.4633e-01  -2.9259e-01   3.2931e-01
   8.1785e-01  -3.3910e-01   3.6186e-01
   7.8446e-01  -3.8208e-01   3.9398e-01
   7.4661e-01  -4.2100e-01   4.2563e-01
   7.0479e-01  -4.5537e-01   4.5677e-01
   6.5955e-01  -4.8477e-01   4.8735e-01
   6.1149e-01  -5.0883e-01   5.1735e-01
   5.6124e-01  -5.2728e-01   5.4673e-01
   5.0945e-01  -5.3990e-01   5.7544e-01
   4.5680e-01  -5.4655e-01   6.0347e-01
   4.0400e-01  -5.4717e-01   6.3077e-01
   3.5172e-01  -5.4179e-01   6.5731e-01
   3.0066e-01  -5.3051e-01   6.8305e-01
   2.5149e-01  -5.1350e-01   7.0798e-01
   2.0485e-01  -4.9104e-01   7.3205e-01
   1.6135e-01  -4.6343e-01   7.5524e-01
   1.2155e-01  -4.3109e-01   7.7753e-01
   8.5993e-02  -3.9446e-01   7.9887e-01
   5.5125e-02  -3.5406e-01   8.1926e-01
   2.9353e-02  -3.1047e-01   8.3866e-01
   9.0084e-03  -2.6429e-01   8.5705e-01
  -5.6459e-03  -2.1615e-01   8.7441e-01
  -1.4424e-02  -1.6673e-01   8.9071e-01
  -1.7219e-02  -1.1672e-01   9.0594e-01
  -1.4001e-02  -6.6801e-02   9.2009e-01
  -4.8223e-03  -1.7669e-02   9.3312e-01
   1.0187e-02   2.9993e-02   9.4503e-01
   3.0820e-02   7.5526e-02   9.5581e-01
   5.6792e-02   1.1830e-01   9.6543e-01
   8.7752e-02   1.5771e-01   9.7389e-01
   1.2328e-01   1.9320e-01   9.8118e-01
   1.6289e-01   2.2429e-01   9.8729e-01
   2.0606e-01   2.5052e-01   9.9221e-01
   2.5220e-01   2.7152e-01   9.9593e-01
   3.0068e-01   2.8698e-01   9.9846e-01
   3.5087e-01   2.9667e-01   9.9978e-01
   4.0207e-01   3.0042e-01   9.9990e-01
   4.5361e-01   2.9817e-01   9.9882e-01
   5.0479e-01   2.8990e-01   9.9654e-01
   5.5492e-01   2.7571e-01   9.9305e-01
   6.0332e-01   2.5574e-01   9.8837e-01
   6.4935e-01   2.3023e-01   9.8250e-01
   6.9238e-01   1.9950e-01   9.7545e-01
   7.3182e-01   1.6391e-01   9.6722e-01
   7.6716e-01   1.2392e-01   9.5783e-01
   7.9790e-01   8.0020e-02   9.4728e-01
   8.2363e-01   3.2765e-02   9.3560e-01
   8.4399e-01  -1.7249e-02   9.2279e-01
   8.5871e-01  -6.9387e-02   9.0886e-01
   8.6757e-01  -1.2299e-01   8.9385e-01
   8.7044e-01  -1.7737e-01   8.7776e-01
   8.6728e-01  -2.3184e-01   8.6061e-01
   8.5811e-01  -2.8571e-01   8.4242e-01
   8.4305e-01  -3.3829e-01   8.2322e-01
   8.2227e-01  -3.8891e-01   8.0303e-01
   7.9604e-01  -4.3694e-01   7.8188e-01
   7.6470e-01  -4.8176e-01   7.5978e-01
   7.2864e-01  -5.2280e-01   7.3677e-01
   6.8833e-01  -5.5956e-01   7.1287e-01
   6.4430e-01  -5.9158e-01   6.8811e-01
   5.9710e-01  -6.1845e-01   6.6253e-01
   5.4735e-01  -6.3985e-01   6.3614e-01
   4.9570e-01  -6.5553e-01   6.0899e-01
   4.4281e-01  -6.6530e-01   5.8111e-01
   3.8937e-01  -6.6906e-01   5.5253e-01
   3.3608e-01  -6.6680e-01   5.2328e-01
   2.8363e-01  -6.5856e-01   4.9341e-01
   2.3269e-01  -6.4449e-01   4.6294e-01
   1.8392e-01  -6.2480e-01   4.3191e-01
   1.3796e-01  -5.9978e-01   4.0036e-01
   9.5399e-02  -5.6978e-01   3.6833e-01
   5.6786e-02  -5.3523e-01   3.3586e-01
   2.2615e-02  -4.9662e-01   3.0298e-01
  -6.6754e-03  -4.5449e-01   2.6974e-01
  -3.0714e-02  -4.0941e-01   2.3617e-01
  -4.9198e-02  -3.6202e-01   2.0232e-01
  -6.1900e-02  -3.1297e-01   1.6823e-01
  -6.8666e-02  -2.6293e-01   1.3393e-01
  -6.9426e-02  -2.1260e-01   9.9471e-02
  -6.4184e-02  -1.6267e-01   6.4893e-02
  -5.3027e-02  -1.1382e-01   3.0236e-02
  -3.6121e-02  -6.6730e-02  -4.4564e-03
  -1.3706e-02  -2.2052e-02  -3.9144e-02
   1.3904e-02   1.9598e-02  -7.3784e-02
   4.6325e-02   5.7641e-02  -1.0834e-01
   8.3110e-02   9.1549e-02  -1.4276e-01
   1.2375e-01   1.2084e-01  -1.7701e-01
   1.6770e-01   1.4512e-01  -2.1104e-01
   2.1435e-01   1.6401e-01  -2.4482e-01
   2.6307e-01   1.7726e-01  -2.7831e-01
   3.1319e-01   1.8466e-01  -3.1146e-01
   3.6403e-01   1.8609e-01  -3.4424e-01
   4.1490e-01   1.8150e-01  -3.7660e-01
   4.6510e-01   1.7092e-01  -4.0851e-01
   5.1396e-01   1.5448e-01  -4.3993e-01
   5.6080e-01   1.3237e-01  -4.7082e-01
   6.0499e-01   1.0484e-01  -5.0114e-01
   6.4593e-01   7.2255e-02  -5.3086e-01
   6.8304e-01   3.5006e-02  -5.5994e-01
   7.1582e-01  -6.4340e-03  -5.8834e-01
   7.4382e-01  -5.1541e-02  -6.1604e-01
   7.6664e-01  -9.9742e-02  -6.4299e-01
   7.8396e-01  -1.5042e-01  -6.6918e-01
   7.9554e-01  -2.0294e-01  -6.9455e-01
   8.0120e-01  -2.5661e-01  -7.1909e-01
   8.0084e-01  -3.1076e-01  -7.4277e-01
   7.9445e-01  -3.6469e-01  -7.6555e-01
   7.8209e-01  -4.1771e-01  -7.8740e-01
   7.6392e-01  -4.6914e-01  -8.0831e-01
   7.4013e-01  -5.1832e-01  -8.2825e-01
   7.1104e-01  -5.6463e-01  -8.4719e-01
   6.7701e-01  -6.0748e-01  -8.6511e-01
   6.3845e-01  -6.4631e-01  -8.8199e-01
   5.9588e-01  -6.8065e-01  -8.9781e-01
   5.4982e-01  -7.1006e-01  -9.1255e-01
   5.0087e-01  -7.3416e-01  -9.2618e-01
   4.4965e-01  -7.5268e-01  -9.3871e-01
   3.9682e-01  -7.6537e-01  -9.5010e-01
   3.4306e-01  -7.7210e-01  -9.6035e-01
   2.8905e-01  -7.7281e-01  -9.6944e-01
   2.3550e-01  -7.6750e-01  -9.7737e-01
   1.8309e-01  -7.5626e-01  -9.8412e-01
   1.3249e-01  -7.3927e-01  -9.8969e-01
   8.4353e-02  -7.1678e-01  -9.9406e-01
   3.9287e-02  -6.8910e-01  -9.9724e-01
  -2.1299e-03  -6.5662e-01  -9.9921e-01
  -3.9371e-02  -6.1980e-01  -9.9999e-01
  -7.1967e-02  -5.7915e-01  -9.9956e-01
  -9.9509e-02  -5.3521e-01  -9.9792e-01
  -1.2165e-01  -4.8861e-01  -9.9509e-01
  -1.3813e-01  -4.3997e-01  -9.9106e-01
  -1.4875e-01  -3.8997e-01  -9.8583e-01
  -1.5339e-01  -3.3928e-01  -9.7942e-01
  -1.5201e-01  -2.8860e-01  -9.7183e-01
  -1.4465e-01  -2.3862e-01  -9.6307e-01
  -1.3145e-01  -1.9002e-01  -9.5315e-01
  -1.1258e-01  -1.4347e-01  -9.4208e-01
  -8.8340e-02  -9.9607e-02  -9.2988e-01
  -5.9059e-02  -5.9027e-02  -9.1656e-01
  -2.5155e-02  -2.2291e-02  -9.0214e-01
   1.2900e-02   1.0095e-02  -8.8662e-01
   5.4577e-02   3.7681e-02  -8.7005e-01
   9.9300e-02   6.0084e-02  -8.5242e-01
   1.4645e-01   7.6985e-02  -8.3377e-01
   1.9538e-01   8.8142e-02  -8.1412e-01
   2.4542e-01   9.3388e-02  -7.9348e-01
   2.9587e-01   9.2633e-02  -7.7189e-01
   3.4606e-01   8.5869e-02  -7.4937e-01
   3.9527e-01   7.3167e-02  -7.2595e-01
   4.4285e-01   5.4675e-02  -7.0166e-01
   4.8812e-01   3.0620e-02  -6.7652e-01
   5.3048e-01   1.3027e-03  -6.5056e-01
   5.6932e-01  -3.2908e-02  -6.2383e-01
   6.0412e-01  -7.1577e-02  -5.9634e-01
   6.3438e-01  -1.1421e-01  -5.6813e-01
   6.5968e-01  -1.6026e-01  -5.3924e-01
   6.7965e-01  -2.0913e-01  -5.0970e-01
   6.9402e-01  -2.6021e-01  -4.7955e-01
   7.0255e-01  -3.1281e-01  -4.4882e-01
   7.0511e-01  -3.6628e-01  -4.1755e-01
   7.0164e-01  -4.1991e-01  -3.8578e-01
   6.9216e-01  -4.7301e-01  -3.5354e-01
   6.7678e-01  -5.2490e-01  -3.2088e-01
   6.5565e-01  -5.7491e-01  -2.8783e-01
   6.2905e-01  -6.2238e-01  -2.5443e-01
   5.9730e-01  -6.6672e-01  -2.2073e-01
   5.6078e-01  -7.0734e-01  -1.8676e-01
   5.1997e-01  -7.4373e-01  -1.5257e-01
   4.7536e-01  -7.7541e-01  -1.1819e-01
   4.2753e-01  -8.0200e-01  -8.3676e-02
   3.7707e-01  -8.2314e-01  -4.9057e-02
   3.2464e-01  -8.3858e-01  -1.4379e-02
   2.7091e-01  -8.4812e-01   2.0316e-02
   2.1654e-01  -8.5167e-01   5.4987e-02
   1.6224e-01  -8.4917e-01   8.9592e-02
   1.0871e-01  -8.4069e-01   1.2409e-01
   5.6608e-02  -8.2635e-01   1.5844e-01
   6.6143e-03  -8.0636e-01   1.9259e-01
  -4.0641e-02  -7.8098e-01   2.2652e-01
  -8.4561e-02  -7.5059e-01   2.6017e-01
  -1.2459e-01  -7.1559e-01   2.9351e-01
  -1.6023e-01  -6.7646e-01   3.2650e-01
  -1.9103e-01  -6.3373e-01   3.5909e-01
  -2.1661e-01  -5.8799e-01   3.9125e-01
  -2.3666e-01  -5.3985e-01   4.2294e-01
  -2.5095e-01  -4.8997e-01   4.5412e-01
  -2.5932e-01  -4.3901e-01   4.8475e-01
  -2.6167e-01  -3.8768e-01   5.1480e-01
  -2.5802e-01  -3.3666e-01   5.4423e-01
  -2.4843e-01  -2.8663e-01   5.7301e-01
  -2.3306e-01  -2.3829e-01   6.0109e-01
  -2.1215e-01  -1.9227e-01   6.2846e-01
  -1.8599e-01  -1.4921e-01   6.5506e-01
  -1.5497e-01  -1.0969e-01   6.8088e-01
  -1.1953e-01  -7.4231e-02   7.0588e-01
  -8.0153e-02  -4.3330e-02   7.3002e-01
  -3.7403e-02  -1.7405e-02   7.5329e-01
   8.1272e-03   3.1887e-03   7.7565e-01
   5.5806e-02   1.8167e-02   7.9708e-01
   1.0497e-01   2.7320e-02   8.1755e-01
   1.5495e-01   3.0514e-02   8.3704e-01
   2.0504e-01   2.7696e-02   8.5551e-01
   2.5455e-01   1.8891e-02   8.7296e-01
   3.0280e-01   4.2060e-03   8.8936e-01
   3.4912e-01  -1.6176e-02   9.0468e-01
   3.9287e-01  -4.1997e-02   9.1892e-01
   4.3343e-01  -7.2923e-02   9.3205e-01
   4.7025e-01  -1.0856e-01   9.4406e-01
   5.0279e-01  -1.4844e-01   9.5493e-01
   5.3061e-01  -1.9204e-01   9.6465e-01
   5.5330e-01  -2.3881e-01   9.7321e-01
   5.7053e-01  -2.8813e-01   9.8060e-01
   5.8205e-01  -3.3935e-01   9.8681e-01
   5.8767e-01  -3.9181e-01   9.9183e-01
   5.8729e-01  -4.4482e-01   9.9566e-01
   5.8088e-01  -4.9769e-01   9.9829e-01
   5.6849e-01  -5.4973e-01   9.9972e-01
   5.5027e-01  -6.0025e-01   9.9994e-01
   5.2642e-01  -6.4861e-01   9.9896e-01
   4.9723e-01  -6.9415e-01   9.9678e-01
   4.6306e-01  -7.3630e-01   9.9340e-01
   4.2432e-01  -7.7449e-01   9.8882e-01
   3.8150e-01  -8.0824e-01   9.8305e-01
   3.3514e-01  -8.3709e-01   9.7610e-01
   2.8582e-01  -8.6069e-01   9.6797e-01
   2.3416e-01  -8.7872e-01   9.5868e-01
   1.8082e-01  -8.9095e-01   9.4823e-01
   1.2647e-01  -8.9723e-01   9.3664e-01
   7.1811e-02  -8.9748e-01   9.2393e-01
   1.7524e-02  -8.9170e-01   9.1010e-01
  -3.5698e-02  -8.7998e-01   8.9518e-01
  -8.7181e-02  -8.6248e-01   8.7918e-01
  -1.3627e-01  -8.3945e-01   8.6212e-01
  -1.8236e-01  -8.1118e-01   8.4402e-01
  -2.2485e-01  -7.7806e-01   8.2491e-01
  -2.6322e-01  -7.4053e-01   8.0480e-01
  -2.9699e-01  -6.9911e-01   7.8373e-01
  -3.2574e-01  -6.5434e-01   7.6171e-01
  -3.4913e-01  -6.0682e-01   7.3878e-01
  -3.6688e-01  -5.5718e-01   7.1495e-01
  -3.7877e-01  -5.0610e-01   6.9027e-01
  -3.8469e-01  -4.5425e-01   6.6475e-01
  -3.8459e-01  -4.0232e-01   6.3844e-01
  -3.7849e-01  -3.5100e-01   6.1135e-01
  -3.6652e-01  -3.0099e-01   5.8353e-01
  -3.4886e-01  -2.5294e-01   5.5501e-01
  -3.2578e-01  -2.0751e-01   5.2582e-01
  -2.9760e-01  -1.6528e-01   4.9599e-01
  -2.6475e-01  -1.2684e-01   4.6557e-01
  -2.2768e-01  -9.2682e-02   4.3459e-01
  -1.8692e-01  -6.3273e-02   4.0309e-01
  -1.4303e-01  -3.9004e-02   3.7110e-01
  -9.6635e-02  -2.0200e-02   3.3866e-01
  -4.8376e-02  -7.1128e-03   3.0581e-01
   1.0768e-03   8.1396e-05   2.7260e-01
   5.1036e-02   1.2843e-03   2.3906e-01
   1.0081e-01  -3.5227e-03   2.0523e-01
   1.4970e-01  -1.4278e-02   1.7116e-01
   1.9704e-01  -3.0842e-02   1.3688e-01
   2.4217e-01  -5.2998e-02   1.0243e-01
   2.8445e-01  -8.0453e-02   6.7861e-02
   3.2329e-01  -1.1285e-01   3.3209e-02
   3.5816e-01  -1.4975e-01  -1.4817e-03
   3.8855e-01  -1.9067e-01  -3.6171e-02
   4.1403e-01  -2.3508e-01  -7.0817e-02
   4.3423e-01  -2.8239e-01  -1.0538e-01
   4.4886e-01  -3.3196e-01  -1.3981e-01
   4.5768e-01  -3.8314e-01  -1.7408e-01
   4.6055e-01  -4.3526e-01  -2.0813e-01
   4.5741e-01  -4.8763e-01  -2.4194e-01
   4.4825e-01  -5.3955e-01  -2.7545e-01
   4.3318e-01  -5.9034e-01  -3.0863e-01
   4.1235e-01  -6.3931e-01  -3.4145e-01
   3.8602e-01  -6.8583e-01  -3.7385e-01
   3.5450e-01  -7.2928e-01  -4.0580e-01
   3.1817e-01  -7.6908e-01  -4.3726e-01
   2.7749e-01  -8.0470e-01  -4.6819e-01
   2.3296e-01  -8.3567e-01  -4.9856e-01
   1.8515e-01  -8.6157e-01  -5.2834e-01
   1.3465e-01  -8.8208e-01  -5.5747e-01
   8.2108e-02  -8.9690e-01  -5.8593e-01
   2.8178e-02  -9.0585e-01  -6.1369e-01
  -2.6451e-02  -9.0880e-01  -6.4071e-01
  -8.1088e-02  -9.0571e-01  -6.6696e-01
  -1.3504e-01  -8.9663e-01  -6.9241e-01
  -1.8762e-01  -8.8166e-01  -7.1702e-01
  -2.3818e-01  -8.6101e-01  -7.4077e-01
  -2.8605e-01  -8.3495e-01  -7.6363e-01
  -3.3066e-01  -8.0381e-01  -7.8557e-01
  -3.7143e-01  -7.6802e-01  -8.0656e-01
  -4.0786e-01  -7.2803e-01  -8.2658e-01
  -4.3949e-01  -6.8439e-01  -8.4561e-01
  -4.6594e-01  -6.3765e-01  -8.6362e-01
  -4.8689e-01  -5.8844e-01  -8.8059e-01
  -5.0209e-01  -5.3741e-01  -8.9650e-01
  -5.1137e-01  -4.8523e-01  -9.1133e-01
  -5.1464e-01  -4.3258e-01  -9.2506e-01
  -5.1189e-01  -3.8016e-01  -9.3768e-01
  -5.0319e-01  -3.2866e-01  -9.4917e-01
  -4.8868e-01  -2.7876e-01  -9.5952e-01
  -4.6858e-01  -2.3111e-01  -9.6871e-01
  -4.4320e-01  -1.8635e-01  -9.7674e-01
  -4.1290e-01  -1.4505e-01  -9.8359e-01
  -3.7811e-01  -1.0776e-01  -9.8926e-01
  -3.3932e-01  -7.4967e-02  -9.9373e-01
  -2.9708e-01  -4.7105e-02  -9.9701e-01
  -2.5199e-01  -2.4535e-02  -9.9909e-01
  -2.0466e-01  -7.5507e-03  -9.9997e-01
  -1.5575e-01   3.6297e-03  -9.9964e-01
  -1.0596e-01   8.8637e-03  -9.9811e-01
  -5.5952e-02   8.0882e-03  -9.9538e-01
  -6.4369e-03   1.3198e-03  -9.9145e-01
   4.1903e-02  -1.1345e-02  -9.8633e-01
   8.8397e-02  -2.9733e-02  -9.8002e-01
   1.3240e-01  -5.3592e-02  -9.7253e-01
   1.7329e-01  -8.2600e-02  -9.6387e-01
   2.1051e-01  -1.1637e-01  -9.5405e-01
   2.4352e-01  -1.5443e-01  -9.4308e-01
   2.7187e-01  -1.9629e-01  -9.3097e-01
   2.9513e-01  -2.4138e-01  -9.1774e-01
   3.1298e-01  -2.8909e-01  -9.0341e-01
   3.2515e-01  -3.3879e-01  -8.8800e-01
   3.3145e-01  -3.8980e-01  -8.7151e-01
   3.3176e-01  -4.4144e-01  -8.5397e-01
   3.2605e-01  -4.9303e-01  -8.3541e-01
   3.1436e-01  -5.4386e-01  -8.1584e-01
   2.9682e-01  -5.9327e-01  -7.9529e-01
   2.7363e-01  -6.4057e-01  -7.7378e-01
   2.4507e-01  -6.8514e-01  -7.5134e-01
   2.1149e-01  -7.2638e-01  -7.2799e-01
   1.7329e-01  -7.6373e-01  -7.0377e-01
   1.3097e-01  -7.9669e-01  -6.7870e-01
   8.5038e-02  -8.2480e-01  -6.5282e-01
   3.6087e-02  -8.4770e-01  -6.2615e-01
  -1.5270e-02  -8.6507e-01  -5.9872e-01
  -6.8381e-02  -8.7665e-01  -5.7058e-01
  -1.2257e-01  -8.8230e-01  -5.4174e-01
  -1.7715e-01  -8.8193e-01  -5.1226e-01
  -2.3144e-01  -8.7553e-01  -4.8216e-01
  -2.8473e-01  -8.6317e-01  -4.5148e-01
  -3.3635e-01  -8.4501e-01  -4.2025e-01
  -3.8565e-01  -8.2127e-01  -3.8852e-01
  -4.3200e-01  -7.9227e-01  -3.5632e-01
  -4.7482e-01  -7.5837e-01  -3.2369e-01
  -5.1358e-01  -7.2001e-01  -2.9068e-01
  -5.4778e-01  -6.7769e-01  -2.5731e-01
  -5.7700e-01  -6.3195e-01  -2.2363e-01
  -6.0089e-01  -5.8339e-01  -1.8968e-01
  -6.1916e-01  -5.3264e-01  -1.5551e-01
  -6.3159e-01  -4.8037e-01  -1.2115e-01
  -6.3805e-01  -4.2724e-01  -8.6640e-02
  -6.3848e-01  -3.7396e-01  -5.2028e-02
  -6.3291e-01  -3.2122e-01  -1.7353e-02
  -6.2143e-01  -2.6969e-01   1.7342e-02
  -6.0423e-01  -2.2006e-01   5.2017e-02
  -5.8156e-01  -1.7296e-01   8.6629e-02
  -5.5376e-01  -1.2900e-01   1.2114e-01
  -5.2122e-01  -8.8764e-02   1.5550e-01
  -4.8439e-01  -5.2759e-02   1.8967e-01
  -4.4381e-01  -2.1451e-02   2.2362e-01
  -4.0002e-01   4.7582e-03   2.5730e-01
  -3.5364e-01   2.5537e-02   2.9066e-01
  -3.0531e-01   4.0623e-02   3.2368e-01
  -2.5571e-01   4.9831e-02   3.5631e-01
  -2.0551e-01   5.3054e-02   3.8851e-01
  -1.5540e-01   5.0264e-02   4.2024e-01
  -1.0609e-01   4.1512e-02   4.5147e-01
  -5.8243e-02   2.6930e-02   4.8215e-01
  -1.2530e-02   6.7260e-03   5.1225e-01
   3.0418e-02  -1.8818e-02   5.4173e-01
   7.0006e-02  -4.9347e-02   5.7057e-01
   1.0568e-01  -8.4442e-02   5.9871e-01
   1.3694e-01  -1.2362e-01   6.2614e-01
   1.6335e-01  -1.6635e-01   6.5281e-01
   1.8453e-01  -2.1205e-01   6.7870e-01
   2.0016e-01  -2.6009e-01   7.0377e-01
   2.1003e-01  -3.0983e-01   7.2799e-01
   2.1397e-01  -3.6059e-01   7.5133e-01
   2.1189e-01  -4.1168e-01   7.7377e-01
   2.0381e-01  -4.6240e-01   7.9528e-01
   1.8980e-01  -5.1207e-01   8.1583e-01
   1.7002e-01  -5.6001e-01   8.3540e-01
   1.4471e-01  -6.0557e-01   8.5397e-01
   1.1418e-01  -6.4814e-01   8.7150e-01
   7.8800e-02  -6.8712e-01   8.8799e-01
   3.9018e-02  -7.2198e-01   9.0341e-01
  -4.6671e-03  -7.5225e-01   9.1774e-01
  -5.1701e-02  -7.7750e-01   9.3097e-01
  -1.0149e-01  -7.9739e-01   9.4307e-01
  -1.5339e-01  -8.1163e-01   9.5404e-01
  -2.0675e-01  -8.2002e-01   9.6386e-01
  -2.6088e-01  -8.2242e-01   9.7252e-01
  -3.1510e-01  -8.1879e-01   9.8002e-01
  -3.6871e-01  -8.0915e-01   9.8633e-01
  -4.2102e-01  -7.9362e-01   9.9145e-01
  -4.7137e-01  -7.7237e-01   9.9538e-01
  -5.1912e-01  -7.4568e-01   9.9811e-01
  -5.6365e-01  -7.1388e-01   9.9964e-01
  -6.0441e-01  -6.7737e-01   9.9997e-01
  -6.4087e-01  -6.3662e-01   9.9909e-01
  -6.7258e-01  -5.9213e-01   9.9701e-01
  -6.9915e-01  -5.4450e-01   9.9373e-01
  -7.2024e-01  -4.9432e-01   9.8926e-01
  -7.3561e-01  -4.4223e-01   9.8359e-01
  -7.4506e-01  -3.8892e-01   9.7674e-01
  -7.4851e-01  -3.3507e-01   9.6871e-01
  -7.4592e-01  -2.8137e-01   9.5952e-01
  -7.3736e-01  -2.2851e-01   9.4917e-01
  -7.2297e-01  -1.7717e-01   9.3768e-01
  -7.0295e-01  -1.2801e-01   9.2506e-01
  -6.7761e-01  -8.1658e-02   9.1133e-01
  -6.4728e-01  -3.8714e-02   8.9650e-01
  -6.1242e-01   2.7877e-04   8.8059e-01
  -5.7348e-01   3.4824e-02   8.6362e-01
  -5.3103e-01   6.4484e-02   8.4561e-01
  -4.8563e-01   8.8890e-02   8.2659e-01
  -4.3793e-01   1.0774e-01   8.0657e-01
  -3.8856e-01   1.2080e-01   7.8557e-01
  -3.3821e-01   1.2792e-01   7.6364e-01
  -2.8757e-01   1.2904e-01   7.4078e-01
  -2.3733e-01   1.2415e-01   7.1703e-01
  -1.8817e-01   1.1335e-01   6.9242e-01
  -1.4078e-01   9.6800e-02   6.6697e-01
  -9.5801e-02   7.4739e-02   6.4072e-01
  -5.3852e-02   4.7484e-02   6.1370e-01
  -1.5510e-02   1.5419e-02   5.8594e-01
   1.8695e-02  -2.1009e-02   5.5748e-01
   4.8287e-02  -6.1295e-02   5.2834e-01
   7.2854e-02  -1.0488e-01   4.9857e-01
   9.2048e-02  -1.5117e-01   4.6820e-01
   1.0559e-01  -1.9952e-01   4.3727e-01
   1.1329e-01  -2.4927e-01   4.0581e-01
   1.1502e-01  -2.9974e-01   3.7386e-01
   1.1073e-01  -3.5024e-01   3.4146e-01
   1.0046e-01  -4.0007e-01   3.0865e-01
   8.4321e-02  -4.4855e-01   2.7546e-01
   6.2515e-02  -4.9501e-01   2.4195e-01
   3.5307e-02  -5.3882e-01   2.0814e-01
   3.0355e-03  -5.7937e-01   1.7409e-01
  -3.3891e-02  -6.1609e-01   1.3982e-01
  -7.5004e-02  -6.4849e-01   1.0539e-01
  -1.1978e-01  -6.7610e-01   7.0828e-02
  -1.6764e-01  -6.9853e-01   3.6182e-02
  -2.1798e-01  -7.1547e-01   1.4930e-03
  -2.7014e-01  -7.2666e-01  -3.3198e-02
  -3.2346e-01  -7.3193e-01  -6.7849e-02
  -3.7724e-01  -7.3119e-01  -1.0242e-01
  -4.3080e-01  -7.2442e-01  -1.3687e-01
  -4.8345e-01  -7.1168e-01  -1.7115e-01
  -5.3450e-01  -6.9313e-01  -2.0522e-01
  -5.8329e-01  -6.6897e-01  -2.3905e-01
  -6.2921e-01  -6.3951e-01  -2.7259e-01
  -6.7166e-01  -6.0511e-01  -3.0580e-01
  -7.1009e-01  -5.6620e-01  -3.3865e-01
  -7.4402e-01  -5.2327e-01  -3.7109e-01
  -7.7302e-01  -4.7686e-01  -4.0308e-01
  -7.9671e-01  -4.2756e-01  -4.3458e-01
  -8.1481e-01  -3.7601e-01  -4.6556e-01
  -8.2708e-01  -3.2285e-01  -4.9598e-01
  -8.3339e-01  -2.6876e-01  -5.2581e-01
  -8.3367e-01  -2.1444e-01  -5.5500e-01
  -8.2793e-01  -1.6058e-01  -5.8352e-01
  -8.1627e-01  -1.0786e-01  -6.1134e-01
  -7.9885e-01  -5.6961e-02  -6.3843e-01
  -7.7593e-01  -8.5273e-03  -6.6474e-01
  -7.4782e-01   3.6826e-02  -6.9026e-01
  -7.1492e-01   7.8525e-02  -7.1494e-01
  -6.7768e-01   1.1604e-01  -7.3877e-01
  -6.3660e-01   1.4891e-01  -7.6170e-01
  -5.9225e-01   1.7672e-01  -7.8372e-01
  -5.4523e-01   1.9913e-01  -8.0480e-01
  -4.9617e-01   2.1587e-01  -8.2490e-01
  -4.4576e-01   2.2674e-01  -8.4402e-01
  -3.9466e-01   2.3163e-01  -8.6211e-01
  -3.4357e-01   2.3051e-01  -8.7917e-01
  -2.9318e-01   2.2341e-01  -8.9517e-01
  -2.4419e-01   2.1045e-01  -9.1010e-01
  -1.9724e-01   1.9183e-01  -9.2392e-01
  -1.5297e-01   1.6784e-01  -9.3664e-01
  -1.1200e-01   1.3881e-01  -9.4823e-01
  -7.4871e-02   1.0515e-01  -9.5867e-01
  -4.2094e-02   6.7348e-02  -9.6797e-01
  -1.4118e-02   2.5923e-02  -9.7609e-01
   8.6738e-03  -1.8547e-02  -9.8305e-01
   2.5964e-02  -6.5443e-02  -9.8882e-01
   3.7510e-02  -1.1412e-01  -9.9339e-01
   4.3146e-02  -1.6389e-01  -9.9678e-01
   4.2782e-02  -2.1409e-01  -9.9896e-01
   3.6410e-02  -2.6401e-01  -9.9994e-01
   2.4102e-02  -3.1296e-01  -9.9972e-01
   6.0076e-03  -3.6026e-01  -9.9829e-01
  -1.7647e-02  -4.0527e-01  -9.9566e-01
  -4.6561e-02  -4.4735e-01  -9.9183e-01
  -8.0365e-02  -4.8593e-01  -9.8681e-01
  -1.1862e-01  -5.2045e-01  -9.8060e-01
  -1.6084e-01  -5.5044e-01  -9.7322e-01
  -2.0647e-01  -5.7546e-01  -9.6465e-01
  -2.5492e-01  -5.9517e-01  -9.5493e-01
  -3.0556e-01  -6.0926e-01  -9.4406e-01
  -3.5773e-01  -6.1751e-01  -9.3205e-01
  -4.1075e-01  -6.1981e-01  -9.1892e-01
  -4.6393e-01  -6.1607e-01  -9.0469e-01
  -5.1658e-01  -6.0633e-01  -8.8936e-01
  -5.6801e-01  -5.9068e-01  -8.7296e-01
  -6.1755e-01  -5.6930e-01  -8.5552e-01
  -6.6456e-01  -5.4245e-01  -8.3704e-01
  -7.0842e-01  -5.1044e-01  -8.1756e-01
  -7.4856e-01  -4.7369e-01  -7.9709e-01
  -7.8447e-01  -4.3263e-01  -7.7566e-01
  -8.1567e-01  -3.8779e-01  -7.5330e-01
  -8.4176e-01  -3.3973e-01  -7.3003e-01
  -8.6241e-01  -2.8906e-01  -7.0588e-01
  -8.7736e-01  -2.3642e-01  -6.8089e-01
  -8.8640e-01  -1.8247e-01  -6.5507e-01
  -8.8945e-01  -1.2791e-01  -6.2846e-01
  -8.8645e-01  -7.3415e-02  -6.0110e-01
  -8.7747e-01  -1.9690e-02  -5.7302e-01
  -8.6263e-01   3.2587e-02  -5.4424e-01
  -8.4214e-01   8.2754e-02  -5.1481e-01
  -8.1627e-01   1.3018e-01  -4.8476e-01
  -7.8538e-01   1.7426e-01  -4.5413e-01
  -7.4988e-01   2.1444e-01  -4.2295e-01
  -7.1026e-01   2.5023e-01  -3.9126e-01
  -6.6704e-01   2.8117e-01  -3.5910e-01
  -6.2081e-01   3.0690e-01  -3.2651e-01
  -5.7219e-01   3.2709e-01  -2.9352e-01
  -5.2182e-01   3.4151e-01  -2.6018e-01
  -4.7039e-01   3.5001e-01  -2.2653e-01
  -4.1858e-01   3.5249e-01  -1.9260e-01
  -3.6709e-01   3.4896e-01  -1.5845e-01
  -3.1660e-01   3.3949e-01  -1.2410e-01
  -2.6779e-01   3.2424e-01  -8.9603e-02
  -2.2131e-01   3.0345e-01  -5.4999e-02
  -1.7779e-01   2.7742e-01  -2.0328e-02
  -1.3781e-01   2.4652e-01   1.4368e-02
  -1.0191e-01   2.1119e-01   4.9046e-02
  -7.0555e-02   1.7194e-01   8.3665e-02
  -4.4181e-02   1.2931e-01   1.1818e-01
  -2.3139e-02   8.3907e-02   1.5256e-01
  -7.7140e-03   3.6354e-02   1.8675e-01
   1.8853e-03  -1.2686e-02   2.2072e-01
   5.5261e-03  -6.2531e-02   2.5442e-01
   3.1553e-03  -1.1249e-01   2.8782e-01
  -5.2006e-03  -1.6187e-01   3.2087e-01
  -1.9436e-02  -2.0999e-01   3.5353e-01
  -3.9366e-02  -2.5617e-01   3.8577e-01
  -6.4731e-02  -2.9978e-01   4.1754e-01
  -9.5200e-02  -3.4021e-01   4.4881e-01
  -1.3037e-01  -3.7688e-01   4.7954e-01
  -1.6979e-01  -4.0929e-01   5.0969e-01
  -2.1293e-01  -4.3696e-01   5.3923e-01
  -2.5922e-01  -4.5951e-01   5.6812e-01
  -3.0806e-01  -4.7661e-01   5.9633e-01
  -3.5880e-01  -4.8799e-01   6.2382e-01
  -4.1077e-01  -4.9347e-01   6.5055e-01
  -4.6329e-01  -4.9295e-01   6.7651e-01
  -5.1567e-01  -4.8641e-01   7.0165e-01
  -5.6720e-01  -4.7390e-01   7.2594e-01
  -6.1722e-01  -4.5555e-01   7.4937e-01
  -6.6506e-01  -4.3159e-01   7.7188e-01
  -7.1009e-01  -4.0228e-01   7.9348e-01
  -7.5172e-01  -3.6799e-01   8.1411e-01
  -7.8939e-01  -3.2915e-01   8.3377e-01
  -8.2261e-01  -2.8623e-01   8.5242e-01
  -8.5094e-01  -2.3978e-01   8.7004e-01
  -8.7401e-01  -1.9037e-01   8.8662e-01
  -8.9150e-01  -1.3863e-01   9.0213e-01
  -9.0320e-01  -8.5221e-02   9.1655e-01
  -9.0894e-01  -3.0809e-02   9.2988e-01
  -9.0865e-01   2.3914e-02   9.4208e-01
  -9.0234e-01   7.8253e-02   9.5315e-01
  -8.9009e-01   1.3152e-01   9.6307e-01
  -8.7205e-01   1.8304e-01   9.7183e-01
  -8.4848e-01   2.3217e-01   9.7942e-01
  -8.1968e-01   2.7827e-01   9.8583e-01
  -7.8603e-01   3.2079e-01   9.9106e-01
  -7.4798e-01   3.5917e-01   9.9509e-01
  -7.0603e-01   3.9295e-01   9.9792e-01
  -6.6074e-01   4.2171e-01   9.9956e-01
  -6.1271e-01   4.4510e-01   9.9999e-01
  -5.6256e-01   4.6284e-01   9.9921e-01
  -5.1097e-01   4.7472e-01   9.9724e-01
  -4.5861e-01   4.8063e-01   9.9406e-01
  -4.0618e-01   4.8051e-01   9.8969e-01
  -3.5438e-01   4.7440e-01   9.8412e-01
  -3.0387e-01   4.6241e-01   9.7737e-01
  -2.5534e-01   4.4473e-01   9.6945e-01
  -2.0942e-01   4.2163e-01   9.6035e-01
  -1.6672e-01   3.9343e-01   9.5010e-01
  -1.2779e-01   3.6056e-01   9.3871e-01
  -9.3164e-02   3.2347e-01   9.2619e-01
  -6.3285e-02   2.8269e-01   9.1255e-01
  -3.8548e-02   2.3878e-01   8.9781e-01
  -1.9277e-02   1.9237e-01   8.8200e-01
  -5.7237e-03   1.4410e-01   8.6512e-01
   1.9351e-03   9.4632e-02   8.4720e-01
   3.6022e-03   4.4661e-02   8.2826e-01
  -7.4047e-04  -5.1219e-03   8.0832e-01
  -1.1031e-02  -5.4026e-02   7.8741e-01
  -2.7129e-02  -1.0137e-01   7.6555e-01
  -4.8817e-02  -1.4650e-01   7.4277e-01
  -7.5803e-02  -1.8879e-01   7.1910e-01
  -1.0772e-01  -2.2763e-01   6.9456e-01
  -1.4415e-01  -2.6250e-01   6.6918e-01
  -1.8460e-01  -2.9289e-01   6.4300e-01
  -2.2853e-01  -3.1838e-01   6.1605e-01
  -2.7535e-01  -3.3858e-01   5.8835e-01
  -3.2443e-01  -3.5321e-01   5.5995e-01
  -3.7512e-01  -3.6204e-01   5.3087e-01
  -4.2675e-01  -3.6492e-01   5.0115e-01
  -4.7861e-01  -3.6178e-01   4.7083e-01
  -5.3003e-01  -3.5264e-01   4.3994e-01
  -5.8031e-01  -3.3758e-01   4.0852e-01
  -6.2877e-01  -3.1678e-01   3.7661e-01
  -6.7477e-01  -2.9047e-01   3.4425e-01
  -7.1770e-01  -2.5897e-01   3.1147e-01
  -7.5697e-01  -2.2268e-01   2.7832e-01
  -7.9207e-01  -1.8204e-01   2.4483e-01
  -8.2251e-01  -1.3757e-01   2.1105e-01
  -8.4789e-01  -8.9805e-02   1.7702e-01
  -8.6786e-01  -3.9366e-02   1.4277e-01
  -8.8215e-01   1.3114e-02   1.0835e-01
  -8.9056e-01   6.6971e-02   7.3795e-02
  -8.9298e-01   1.2152e-01   3.9155e-02
  -8.8936e-01   1.7607e-01   4.4677e-03
  -8.7974e-01   2.2993e-01  -3.0225e-02
  -8.6425e-01   2.8241e-01  -6.4881e-02
  -8.4307e-01   3.3286e-01  -9.9459e-02
  -8.1648e-01   3.8062e-01  -1.3392e-01
  -7.8482e-01   4.2511e-01  -1.6822e-01
  -7.4851e-01   4.6575e-01  -2.0231e-01
  -7.0801e-01   5.0205e-01  -2.3616e-01
  -6.6385e-01   5.3355e-01  -2.6973e-01
  -6.1661e-01   5.5986e-01  -3.0297e-01
  -5.6690e-01   5.8066e-01  -3.3585e-01
  -5.1537e-01   5.9571e-01  -3.6832e-01
  -4.6269e-01   6.0484e-01  -4.0035e-01
  -4.0955e-01   6.0796e-01  -4.3190e-01
  -3.5665e-01   6.0505e-01  -4.6293e-01
  -3.0468e-01   5.9619e-01  -4.9340e-01
  -2.5430e-01   5.8152e-01  -5.2327e-01
  -2.0618e-01   5.6126e-01  -5.5252e-01
  -1.6095e-01   5.3572e-01  -5.8110e-01
  -1.1919e-01   5.0525e-01  -6.0899e-01
  -8.1444e-02   4.7030e-01  -6.3613e-01
  -4.8201e-02   4.3135e-01  -6.6252e-01
  -1.9889e-02   3.8896e-01  -6.8810e-01
   3.1274e-03   3.4370e-01  -7.1286e-01
   2.0557e-02   2.9621e-01  -7.3676e-01
   3.2180e-02   2.4716e-01  -7.5977e-01
   3.7855e-02   1.9720e-01  -7.8187e-01
   3.7520e-02   1.4705e-01  -8.0303e-01
   3.1192e-02   9.7384e-02  -8.2322e-01
   1.8967e-02   4.8896e-02  -8.4242e-01
   1.0205e-03   2.2554e-03  -8.6060e-01
  -2.2397e-02  -4.1890e-02  -8.7775e-01
  -5.0962e-02  -8.2929e-02  -8.9384e-01
  -8.4283e-02  -1.2029e-01  -9.0886e-01
  -1.2190e-01  -1.5344e-01  -9.2278e-01
  -1.6331e-01  -1.8193e-01  -9.3559e-01
  -2.0795e-01  -2.0534e-01  -9.4728e-01
  -2.5520e-01  -2.2333e-01  -9.5782e-01
  -3.0444e-01  -2.3565e-01  -9.6722e-01
  -3.5499e-01  -2.4209e-01  -9.7544e-01
  -4.0617e-01  -2.4254e-01  -9.8250e-01
  -4.5729e-01  -2.3698e-01  -9.8837e-01
  -5.0765e-01  -2.2545e-01  -9.9305e-01
  -5.5658e-01  -2.0806e-01  -9.9653e-01
  -6.0340e-01  -1.8503e-01  -9.9882e-01
  -6.4749e-01  -1.5664e-01  -9.9990e-01
  -6.8825e-01  -1.2322e-01  -9.9978e-01
  -7.2511e-01  -8.5204e-02  -9.9846e-01
  -7.5758e-01  -4.3057e-02  -9.9593e-01
  -7.8521e-01   2.6853e-03  -9.9221e-01
  -8.0762e-01   5.1445e-02  -9.8729e-01
  -8.2449e-01   1.0260e-01  -9.8118e-01
  -8.3559e-01   1.5551e-01  -9.7389e-01
  -8.4075e-01   2.0949e-01  -9.6543e-01
  -8.3988e-01   2.6385e-01  -9.5581e-01
  -8.3299e-01   3.1791e-01  -9.4504e-01
  -8.2015e-01   3.7097e-01  -9.3313e-01
  -8.0150e-01   4.2235e-01  -9.2009e-01
  -7.7729e-01   4.7141e-01  -9.0595e-01
  -7.4781e-01   5.1751e-01  -8.9072e-01
  -7.1343e-01   5.6007e-01  -8.7441e-01
  -6.7460e-01   5.9857e-01  -8.5705e-01
  -6.3181e-01   6.3250e-01  -8.3867e-01
  -5.8561e-01   6.6145e-01  -8.1927e-01
  -5.3660e-01   6.8507e-01  -7.9888e-01
  -4.8540e-01   7.0305e-01  -7.7753e-01
  -4.3268e-01   7.1520e-01  -7.5525e-01
  -3.7912e-01   7.2137e-01  -7.3206e-01
  -3.2541e-01   7.2151e-01  -7.0799e-01
  -2.7223e-01   7.1565e-01  -6.8306e-01
  -2.2028e-01   7.0388e-01  -6.5731e-01
  -1.7023e-01   6.8639e-01  -6.3078e-01
  -1.2272e-01   6.6343e-01  -6.0348e-01
  -7.8362e-02   6.3533e-01  -5.7545e-01
  -3.7722e-02   6.0250e-01  -5.4674e-01
  -1.3198e-03   5.6538e-01  -5.1736e-01
   3.0381e-02   5.2450e-01  -4.8736e-01
   5.6980e-02   4.8043e-01  -4.5678e-01
   7.8144e-02   4.3376e-01  -4.2564e-01
   9.3614e-02   3.8515e-01  -3.9399e-01
   1.0320e-01   3.3526e-01  -3.6187e-01
   1.0681e-01   2.8478e-01  -3.2932e-01
   1.0439e-01   2.3440e-01  -2.9636e-01
   9.6018e-02   1.8480e-01  -2.6305e-01
   8.1812e-02   1.3668e-01  -2.2943e-01
   6.1984e-02   9.0698e-02  -1.9552e-01
   3.6818e-02   4.7479e-02  -1.6138e-01
   6.6664e-03   7.6220e-03  -1.2705e-01
  -2.8049e-02  -2.8321e-02  -9.2566e-02
  -6.6848e-02  -5.9850e-02  -5.7968e-02
  -1.0920e-01  -8.6525e-02  -2.3302e-02
  -1.5451e-01  -1.0797e-01   1.1393e-02
  -2.0217e-01  -1.2388e-01   4.6075e-02
  -2.5151e-01  -1.3401e-01   8.0700e-02
  -3.0188e-01  -1.3822e-01   1.1523e-01
  -3.5257e-01  -1.3641e-01   1.4962e-01
  -4.0289e-01  -1.2861e-01   1.8383e-01
  -4.5216e-01  -1.1488e-01   2.1782e-01
  -4.9970e-01  -9.5378e-02   2.5154e-01
  -5.4486e-01  -7.0352e-02   2.8497e-01
  -5.8701e-01  -4.0106e-02   3.1805e-01
  -6.2558e-01  -5.0194e-03   3.5075e-01
  -6.6004e-01   3.4465e-02   3.8302e-01
  -6.8989e-01   7.7847e-02   4.1483e-01
  -7.1474e-01   1.2457e-01   4.4615e-01
  -7.3421e-01   1.7404e-01   4.7693e-01
  -7.4804e-01   2.2563e-01   5.0713e-01
  -7.5601e-01   2.7866e-01   5.3672e-01
  -7.5800e-01   3.3246e-01   5.6567e-01
  -7.5396e-01   3.8634e-01   5.9394e-01
  -7.4392e-01   4.3960e-01   6.2149e-01
  -7.2798e-01   4.9156e-01   6.4829e-01
  -7.0633e-01   5.4155e-01   6.7432e-01
  -6.7925e-01   5.8893e-01   6.9953e-01
  -6.4705e-01   6.3310e-01   7.2389e-01
  -6.1015e-01   6.7348e-01   7.4739e-01
  -5.6901e-01   7.0956e-01   7.6999e-01
  -5.2415e-01   7.4089e-01   7.9166e-01
  -4.7614e-01   7.6707e-01   8.1238e-01
  -4.2559e-01   7.8777e-01   8.3212e-01
  -3.7315e-01   8.0274e-01   8.5086e-01
  -3.1949e-01   8.1179e-01   8.6857e-01
  -2.6529e-01   8.1484e-01   8.8524e-01
  -2.1124e-01   8.1185e-01   9.0084e-01
  -1.5804e-01   8.0289e-01   9.1536e-01
  -1.0637e-01   7.8810e-01   9.2878e-01
  -5.6889e-02   7.6768e-01   9.4108e-01
  -1.0222e-02   7.4193e-01   9.5224e-01
   3.3036e-02   7.1120e-01   9.6226e-01
   7.2336e-02   6.7593e-01   9.7112e-01
   1.0718e-01   6.3660e-01   9.7881e-01
   1.3714e-01   5.9375e-01   9.8533e-01
   1.6184e-01   5.4796e-01   9.9066e-01
   1.8098e-01   4.9986e-01   9.9479e-01
   1.9433e-01   4.5010e-01   9.9773e-01
   2.0174e-01   3.9936e-01   9.9946e-01
   2.0314e-01   3.4833e-01   1.0000e+00
   1.9853e-01   2.9771e-01   9.9933e-01
   1.8801e-01   2.4817e-01   9.9745e-01
   1.7174e-01   2.0040e-01   9.9438e-01
   1.4995e-01   1.5505e-01   9.9011e-01
   1.2298e-01   1.1272e-01   9.8465e-01
   9.1193e-02   7.4010e-02   9.7800e-01
   5.5045e-02   3.9435e-02   9.7017e-01
   1.5041e-02   9.4734e-03   9.6118e-01
  -2.8263e-02  -1.5462e-02   9.5103e-01
