   0.9900
   0.9900
   0.9800
   0.9900
   0.9800
   1.0000
   0.9800
   0.9900
   1.0000
   0.9900
   0.9600
   0.9800
   1.0000
   0.9300
   0.9700
   0.9900
   0.9900
   1.0000
   1.0000
   1.0000
   0.9900
   0.9800
   0.9300
   0.9400
   0.8200
   0.6500
   0.0100
        0
        0
        0
        0
        0
        0
        0
        0
        0
        0
        0
        0
        0
        0
        0
        0
        0
        0
        0
        0
        0
        0
        0
        0
        0
        0
        0
        0
        0
        0
        0
        0
        0
   0.0100
   0.2500
   0.3500
   0.4900
   0.5200
   0.4800
   0.6700
   0.6300
   0.6900
   0.6400
   0.8000
   0.7900
   0.8000
   0.7400
   0.7500
   0.8600
   0.8700
   0.8200
   0.8300
   0.8400
   0.8600
   0.8000
   0.9000
   0.8100
   0.8200
   0.8700
   0.8900
   0.7900
   0.8900
   0.9100
   0.8500
   0.9000
   0.8800
   0.8900
   0.9000
   0.9200
   0.9100
   0.9600
   0.9800
   0.9200
   0.8700
   0.9600
   0.9300
   0.9400
   0.9300
   0.9200
   0.9200
   0.8900
   0.9700
   0.9600
   0.9200
   0.9000
   0.9100
   0.9600
   0.9100
   0.9400

